// Re = 0.12
(-180.000000	0.000000	0.028532)
(-178.642857	0.073836	0.029254)
(-177.285714	0.147672	0.031416)
(-175.928571	0.221508	0.035014)
(-174.571429	0.295343	0.040040)
(-173.214286	0.369179	0.046482)
(-171.857143	0.443015	0.054326)
(-170.500000	0.516851	0.063554)
(-169.142857	0.590687	0.074146)
(-167.785714	0.664523	0.086076)
(-166.428571	0.738359	0.099319)
(-165.071429	0.812194	0.113844)
(-163.714286	0.886030	0.129619)
(-162.357143	0.959866	0.146607)
(-161.000000	1.033702	0.164771)
(-155.928571	0.899780	0.242322)
(-150.857143	0.816937	0.333226)
(-145.785714	0.756879	0.434615)
(-140.714286	0.705621	0.543289)
(-135.642857	0.655554	0.655816)
(-130.571429	0.602402	0.768639)
(-125.500000	0.543882	0.878188)
(-120.428571	0.479038	0.980993)
(-115.357143	0.407867	1.073791)
(-110.285714	0.331098	1.153629)
(-105.214286	0.250027	1.217958)
(-100.142857	0.166395	1.264709)
(-95.071429	0.082280	1.292364)
(-90.000000	0.000000	1.300000)
(-84.928571	-0.082280	1.292364)
(-79.857143	-0.166395	1.264709)
(-74.785714	-0.250027	1.217958)
(-69.714286	-0.331098	1.153629)
(-64.642857	-0.407867	1.073791)
(-59.571429	-0.479038	0.980993)
(-54.500000	-0.543882	0.878188)
(-49.428571	-0.602402	0.768639)
(-44.357143	-0.655554	0.655816)
(-39.285714	-0.705621	0.543289)
(-34.214286	-0.756879	0.434615)
(-29.142857	-0.816937	0.333226)
(-24.071429	-0.899780	0.242322)
(-19.000000	-1.033702	0.164771)
(-18.000000	-0.977240	0.154604)
(-17.000000	-0.920779	0.144437)
(-16.000000	-0.864317	0.134270)
(-15.000000	-0.807856	0.124104)
(-14.000000	-0.751394	0.113937)
(-13.000000	-0.694933	0.103770)
(-12.000000	-0.638471	0.093603)
(-11.000000	-0.582010	0.083436)
(-10.000000	-0.525548	0.073269)
(-9.000000	-0.469087	0.063102)
(-8.000000	-0.412625	0.052936)
(-7.000000	-0.356164	0.042769)
(-5.000000	-0.243241	0.022435)
(-4.750000	-0.217836	0.023018)
(-4.500000	-0.191594	0.023675)
(-4.250000	-0.166328	0.023955)
(-4.000000	-0.141971	0.024539)
(-3.750000	-0.117684	0.024977)
(-3.500000	-0.093187	0.025244)
(-3.250000	-0.067363	0.025317)
(-3.000000	-0.042726	0.025378)
(-2.750000	-0.018998	0.025439)
(-2.500000	0.005150	0.025439)
(-2.250000	0.030904	0.025536)
(-2.000000	0.055611	0.025536)
(-1.750000	0.079200	0.025573)
(-1.500000	0.103766	0.025524)
(-1.250000	0.131196	0.025244)
(-1.000000	0.153947	0.025488)
(-0.750000	0.177676	0.025597)
(-0.500000	0.204827	0.025402)
(-0.250000	0.229463	0.025427)
(0.000000	0.252424	0.025670)
(0.250000	0.277340	0.025743)
(0.500000	0.303792	0.025670)
(0.750000	0.327102	0.025925)
(1.000000	0.351529	0.026096)
(1.250000	0.377981	0.026035)
(1.500000	0.400244	0.026424)
(1.750000	0.423833	0.026704)
(2.000000	0.452380	0.026521)
(2.250000	0.474503	0.026984)
(2.500000	0.496136	0.027409)
(2.750000	0.525172	0.027117)
(3.000000	0.545968	0.027653)
(3.250000	0.567183	0.028151)
(3.500000	0.596638	0.027823)
(3.750000	0.618481	0.028236)
(4.000000	0.638858	0.028784)
(4.250000	0.659863	0.029246)
(4.500000	0.691343	0.028601)
(4.750000	0.711301	0.029100)
(5.000000	0.731817	0.029526)
(5.250000	0.753032	0.029854)
(5.500000	0.783954	0.029027)
(5.750000	0.805867	0.029039)
(6.000000	0.827430	0.029088)
(6.250000	0.848994	0.028942)
(6.500000	0.872234	0.028601)
(6.750000	0.896452	0.028091)
(7.000000	0.922206	0.027446)
(7.250000	0.952778	0.026594)
(7.500000	0.992919	0.025293)
(7.750000	1.032780	0.024332)
(8.000000	1.067263	0.023225)
(8.250000	1.095182	0.022812)
(8.500000	1.122473	0.022544)
(8.750000	1.149205	0.022313)
(9.000000	1.174819	0.022143)
(9.250000	1.195195	0.022325)
(9.500000	1.214035	0.022556)
(9.750000	1.227498	0.023079)
(10.000000	1.238097	0.023979)
(10.250000	1.245903	0.025329)
(10.500000	1.250986	0.027227)
(10.750000	1.253344	0.029745)
(11.000000	1.253817	0.032822)
(11.250000	1.253661	0.036289)
(11.500000	1.253995	0.039938)
(11.750000	1.255795	0.043587)
(12.000000	1.259620	0.047053)
(12.250000	1.265889	0.050264)
(12.500000	1.274463	0.053196)
(12.750000	1.285342	0.055811)
(13.000000	1.297547	0.058329)
(13.250000	1.311639	0.060542)
(13.500000	1.327895	0.062464)
(13.750000	1.345967	0.064167)
(14.000000	1.364597	0.065882)
(14.250000	1.381552	0.067926)
(14.500000	1.398925	0.070006)
(14.750000	1.417626	0.071976)
(15.000000	1.439678	0.073545)
(15.250000	1.456493	0.075893)
(15.500000	1.472191	0.078569)
(15.750000	1.496408	0.080077)
(16.000000	1.501560	0.084261)
(16.250000	1.513696	0.087484)
(16.500000	1.529743	0.090318)
(16.750000	1.528609	0.095597)
(17.000000	1.531876	0.100341)
(17.250000	1.555605	0.101983)
(17.500000	1.547627	0.108649)
(17.750000	1.539510	0.115752)
(18.000000	1.530695	0.123439)
(18.250000	1.520064	0.131978)
(18.500000	1.507128	0.141709)
(18.750000	1.492097	0.152717)
(19.000000	1.476717	0.164771)
(24.071429	1.285401	0.242322)
(29.142857	1.167052	0.333226)
(34.214286	1.081255	0.434615)
(39.285714	1.008030	0.543289)
(44.357143	0.936505	0.655816)
(49.428571	0.860574	0.768639)
(54.500000	0.776975	0.878188)
(59.571429	0.684340	0.980993)
(64.642857	0.582667	1.073791)
(69.714286	0.472997	1.153629)
(74.785714	0.357182	1.217958)
(79.857143	0.237707	1.264709)
(84.928571	0.117543	1.292364)
(90.000000	0.000000	1.300000)
(95.071429	-0.082280	1.292364)
(100.142857	-0.166395	1.264709)
(105.214286	-0.250027	1.217958)
(110.285714	-0.331098	1.153629)
(115.357143	-0.407867	1.073791)
(120.428571	-0.479038	0.980993)
(125.500000	-0.543882	0.878188)
(130.571429	-0.602402	0.768639)
(135.642857	-0.655554	0.655816)
(140.714286	-0.705621	0.543289)
(145.785714	-0.756879	0.434615)
(150.857143	-0.816937	0.333226)
(155.928571	-0.899780	0.242322)
(161.000000	-1.033702	0.164771)
(162.357143	-0.959866	0.146607)
(163.714286	-0.886030	0.129619)
(165.071429	-0.812194	0.113844)
(166.428571	-0.738359	0.099319)
(167.785714	-0.664523	0.086076)
(169.142857	-0.590687	0.074146)
(170.500000	-0.516851	0.063554)
(171.857143	-0.443015	0.054326)
(173.214286	-0.369179	0.046482)
(174.571429	-0.295343	0.040040)
(175.928571	-0.221508	0.035014)
(177.285714	-0.147672	0.031416)
(178.642857	-0.073836	0.029254)
(180.000000	0.000000	0.028532)
