// Re = 0.02
(-180.000000	-0.000000	4.009302)
(-177.928571	-0.940434	4.012671)
(-175.857143	-1.880868	4.022751)
(-173.785714	-2.821302	4.039457)
(-171.714286	-3.761736	4.062652)
(-169.642857	-4.702170	4.092142)
(-167.571429	-5.642603	4.127681)
(-165.500000	-6.583037	4.168971)
(-163.428571	-7.523471	4.215665)
(-161.357143	-8.463905	4.267366)
(-159.285714	-9.404339	4.323632)
(-157.214286	-10.344773	4.383978)
(-155.142857	-11.285207	4.447878)
(-153.071429	-12.225641	4.514769)
(-151.000000	-13.166075	4.584052)
(-146.642857	-10.207627	4.734758)
(-142.285714	-7.865539	4.887025)
(-137.928571	-5.975056	5.034274)
(-133.571429	-4.434503	5.169719)
(-129.214286	-3.177794	5.286553)
(-124.857143	-2.159980	5.378121)
(-120.500000	-1.349179	5.438097)
(-116.142857	-0.721829	5.460656)
(-111.785714	-0.259818	5.440632)
(-107.428571	0.051308	5.373668)
(-103.071429	0.223471	5.256340)
(-98.714286	0.266749	5.086266)
(-94.357143	0.189787	4.862193)
(-90.000000	0.000000	4.584052)
(-85.642857	-0.189787	4.862193)
(-81.285714	-0.266749	5.086266)
(-76.928571	-0.223471	5.256340)
(-72.571429	-0.051308	5.373668)
(-68.214286	0.259818	5.440632)
(-63.857143	0.721829	5.460656)
(-59.500000	1.349179	5.438097)
(-55.142857	2.159980	5.378121)
(-50.785714	3.177794	5.286553)
(-46.428571	4.434503	5.169719)
(-42.071429	5.975056	5.034274)
(-37.714286	7.865539	4.887025)
(-33.357143	10.207627	4.734758)
(-29.000000	13.166075	4.584052)
(-27.285714	12.186289	4.267119)
(-25.571429	11.206503	3.950185)
(-23.857143	10.226716	3.633252)
(-22.142857	9.246930	3.316318)
(-20.428571	8.267144	2.999385)
(-18.714286	7.287358	2.682451)
(-17.000000	6.307572	2.365518)
(-15.285714	5.327786	2.048585)
(-13.571429	4.348000	1.731651)
(-11.857143	3.368214	1.414718)
(-10.142857	2.388428	1.097784)
(-8.428571	1.408642	0.780851)
(-5.000000	-0.550930	0.146984)
(-4.750000	-0.484483	0.141891)
(-4.500000	-0.422364	0.136799)
(-4.250000	-0.364572	0.131871)
(-4.000000	-0.312548	0.127108)
(-3.750000	-0.264852	0.122344)
(-3.500000	-0.221483	0.117745)
(-3.250000	-0.182441	0.113310)
(-3.000000	-0.147725	0.108875)
(-2.750000	-0.115895	0.104604)
(-2.500000	-0.086949	0.100497)
(-2.250000	-0.059445	0.096391)
(-2.000000	-0.036268	0.092284)
(-1.750000	-0.013092	0.088342)
(-1.500000	0.008643	0.084399)
(-1.250000	0.030377	0.080457)
(-1.000000	0.050669	0.076515)
(-0.750000	0.072404	0.072573)
(-0.500000	0.094138	0.068466)
(-0.250000	0.115873	0.064195)
(0.000000	0.140492	0.059760)
(0.250000	0.167995	0.055161)
(0.500000	0.196942	0.050068)
(0.750000	0.228772	0.044648)
(1.000000	0.262045	0.038899)
(1.250000	0.299645	0.032492)
(1.500000	0.338687	0.025758)
(1.750000	0.380614	0.018201)
(2.000000	0.422541	0.010317)
(2.250000	0.460141	0.002104)
(2.500000	0.490529	0.001000)
(2.750000	0.489187	0.001000)
(3.000000	0.424382	0.001000)
(3.250000	0.288904	0.001000)
(3.500000	0.098617	0.001000)
(3.750000	-0.130612	0.009988)
(4.000000	-0.387245	0.025922)
(4.250000	-0.658301	0.044648)
(4.500000	-0.936569	0.065509)
(4.750000	-1.219164	0.088342)
(5.000000	-1.501759	0.112981)
(5.250000	-1.781470	0.138935)
(5.500000	-2.056853	0.166367)
(5.750000	-2.327909	0.194948)
(6.000000	-2.593196	0.224680)
(6.250000	-2.852714	0.255726)
(6.500000	-3.106463	0.287757)
(6.750000	-3.353000	0.320938)
(7.000000	-3.595210	0.355269)
(7.250000	-3.830208	0.390585)
(7.500000	-4.060879	0.427216)
(7.750000	-4.284339	0.464832)
(8.000000	-4.503472	0.503598)
(8.250000	-4.718278	0.543350)
(8.500000	-4.927315	0.584416)
(8.750000	-5.132024	0.626467)
(9.000000	-5.330965	0.669504)
(9.250000	-5.527021	0.713690)
(9.500000	-5.718749	0.759027)
(9.750000	-6.040287	0.827032)
(10.000000	-6.560865	0.928875)
(10.250000	-6.938653	1.003286)
(10.500000	-7.312114	1.081475)
(10.750000	-7.642305	1.153751)
(11.000000	-7.927785	1.217649)
(11.250000	-8.175764	1.274812)
(11.500000	-8.410762	1.331319)
(11.750000	-8.673165	1.397681)
(12.000000	-8.935567	1.464700)
(12.250000	-9.115757	1.512665)
(12.500000	-9.389698	1.588062)
(12.750000	-9.541042	1.629784)
(13.000000	-9.806329	1.706495)
(13.250000	-9.943250	1.746740)
(13.500000	-10.149402	1.807517)
(13.750000	-10.375747	1.877329)
(14.000000	-10.527090	1.924308)
(14.250000	-10.692857	1.976543)
(14.500000	-10.868721	2.032228)
(14.750000	-11.054680	2.092020)
(15.000000	-11.259390	2.157890)
(15.250000	-11.364580	2.190906)
(15.750000	-11.722076	2.308026)
(16.000000	-11.848900	2.349584)
(16.250000	-12.027648	2.407241)
(16.500000	-12.186203	2.460297)
(16.750000	-12.315912	2.500542)
(17.000000	-12.506199	2.563455)
(17.250000	-12.663312	2.616347)
(17.750000	-12.935711	2.699793)
(18.000000	-13.107247	2.756628)
(18.500000	-13.425801	2.861756)
(18.750000	-13.554068	2.900193)
(19.000000	-13.690988	2.941588)
(19.250000	-13.833678	2.986267)
(19.500000	-13.980695	3.032589)
(19.750000	-14.129154	3.078583)
(20.000000	-14.277614	3.127040)
(20.250000	-14.426073	3.173198)
(20.500000	-14.571647	3.219520)
(20.750000	-14.717222	3.264200)
(21.000000	-14.857027	3.309208)
(21.250000	-14.996833	3.352409)
(21.500000	-15.133753	3.394789)
(21.750000	-15.267789	3.436512)
(22.000000	-15.401825	3.477906)
(22.250000	-15.535861	3.519136)
(22.500000	-15.671340	3.561844)
(22.750000	-15.809703	3.607509)
(23.000000	-15.953835	3.655474)
(23.250000	-16.105179	3.709024)
(23.500000	-16.249311	3.758467)
(23.750000	-16.348732	3.777850)
(24.000000	-16.459691	3.808731)
(24.250000	-16.586515	3.849961)
(24.500000	-16.730647	3.902197)
(24.750000	-16.886318	3.962810)
(25.000000	-16.969873	3.971352)
(25.250000	-17.080832	4.004697)
(25.500000	-17.222080	4.058739)
(25.750000	-17.359000	4.106047)
(26.000000	-17.442555	4.118531)
(26.250000	-17.567937	4.165017)
(26.500000	-17.720723	4.230723)
(26.750000	-17.791297	4.230230)
(27.000000	-17.915237	4.276716)
(27.250000	-18.047831	4.326324)
(27.500000	-18.127059	4.337165)
(27.750000	-18.266864	4.399585)
(28.000000	-18.353304	4.413219)
(28.250000	-18.462820	4.453627)
(28.500000	-18.583876	4.496993)
(28.750000	-18.665988	4.514897)
(29.000000	-18.808678	4.584052)
(33.357143	-14.582324	4.734758)
(37.714286	-11.236485	4.887025)
(42.071429	-8.535794	5.034274)
(46.428571	-6.335004	5.169719)
(50.785714	-4.539705	5.286553)
(55.142857	-3.085686	5.378121)
(59.500000	-1.927398	5.438097)
(63.857143	-1.031184	5.460656)
(68.214286	-0.371169	5.440632)
(72.571429	0.073298	5.373668)
(76.928571	0.319244	5.256340)
(81.285714	0.381070	5.086266)
(85.642857	0.271124	4.862193)
(90.000000	0.000000	4.584052)
(94.357143	-0.189787	4.862193)
(98.714286	-0.266749	5.086266)
(103.071429	-0.223471	5.256340)
(107.428571	-0.051308	5.373668)
(111.785714	0.259818	5.440632)
(116.142857	0.721829	5.460656)
(120.500000	1.349179	5.438097)
(124.857143	2.159980	5.378121)
(129.214286	3.177794	5.286553)
(133.571429	4.434503	5.169719)
(137.928571	5.975056	5.034274)
(142.285714	7.865539	4.887025)
(146.642857	10.207627	4.734758)
(151.000000	13.166075	4.584052)
(153.071429	12.225641	4.514769)
(155.142857	11.285207	4.447878)
(157.214286	10.344773	4.383978)
(159.285714	9.404339	4.323632)
(161.357143	8.463905	4.267366)
(163.428571	7.523471	4.215665)
(165.500000	6.583037	4.168971)
(167.571429	5.642603	4.127681)
(169.642857	4.702170	4.092142)
(171.714286	3.761736	4.062652)
(173.785714	2.821302	4.039457)
(175.857143	1.880868	4.022751)
(177.928571	0.940434	4.012671)
(180.000000	-0.000000	4.009302)
