// Re = 0.02
(-180.000000	-0.000000	4.010907)
(-177.928571	-0.940434	4.014278)
(-175.857143	-1.880868	4.024361)
(-173.785714	-2.821302	4.041074)
(-171.714286	-3.761736	4.064278)
(-169.642857	-4.702170	4.093780)
(-167.571429	-5.642604	4.129333)
(-165.500000	-6.583038	4.170640)
(-163.428571	-7.523472	4.217353)
(-161.357143	-8.463906	4.269074)
(-159.285714	-9.404340	4.325363)
(-157.214286	-10.344774	4.385733)
(-155.142857	-11.285208	4.449659)
(-153.071429	-12.225642	4.516576)
(-151.000000	-13.166076	4.585887)
(-146.642857	-10.207476	4.736653)
(-142.285714	-7.865272	4.888982)
(-137.928571	-5.974702	5.036289)
(-133.571429	-4.434089	5.171788)
(-129.214286	-3.177343	5.288669)
(-124.857143	-2.159516	5.380274)
(-120.500000	-1.348720	5.440274)
(-116.142857	-0.721396	5.462842)
(-111.785714	-0.259427	5.442810)
(-107.428571	0.051643	5.375819)
(-103.071429	0.223736	5.258444)
(-98.714286	0.266933	5.088302)
(-94.357143	0.189882	4.864139)
(-90.000000	0.000000	4.585887)
(-85.642857	-0.189882	4.864139)
(-81.285714	-0.266933	5.088302)
(-76.928571	-0.223736	5.258444)
(-72.571429	-0.051643	5.375819)
(-68.214286	0.259427	5.442810)
(-63.857143	0.721396	5.462842)
(-59.500000	1.348720	5.440274)
(-55.142857	2.159516	5.380274)
(-50.785714	3.177343	5.288669)
(-46.428571	4.434089	5.171788)
(-42.071429	5.974702	5.036289)
(-37.714286	7.865272	4.888982)
(-33.357143	10.207476	4.736653)
(-29.000000	13.166076	4.585887)
(-27.285714	12.186290	4.268825)
(-25.571429	11.206504	3.951763)
(-23.857143	10.226718	3.634701)
(-22.142857	9.246931	3.317639)
(-20.428571	8.267145	3.000577)
(-18.714286	7.287359	2.683515)
(-17.000000	6.307573	2.366453)
(-15.285714	5.327787	2.049391)
(-13.571429	4.348001	1.732329)
(-11.857143	3.368215	1.415267)
(-10.142857	2.388428	1.098205)
(-8.428571	1.408642	0.781143)
(-5.000000	-0.550930	0.147019)
(-4.750000	-0.484483	0.141925)
(-4.500000	-0.422364	0.136831)
(-4.250000	-0.364572	0.131901)
(-4.000000	-0.312548	0.127135)
(-3.750000	-0.264852	0.122370)
(-3.500000	-0.221483	0.117768)
(-3.250000	-0.182441	0.113331)
(-3.000000	-0.147725	0.108895)
(-2.750000	-0.115895	0.104622)
(-2.500000	-0.086949	0.100514)
(-2.250000	-0.059445	0.096405)
(-2.000000	-0.036268	0.092297)
(-1.750000	-0.013092	0.088353)
(-1.500000	0.008643	0.084409)
(-1.250000	0.030377	0.080466)
(-1.000000	0.050669	0.076522)
(-0.750000	0.072404	0.072578)
(-0.500000	0.094138	0.068469)
(-0.250000	0.115873	0.064197)
(0.000000	0.140492	0.059760)
(0.250000	0.167995	0.055159)
(0.500000	0.196942	0.050065)
(0.750000	0.228772	0.044642)
(1.000000	0.262045	0.038890)
(1.250000	0.299645	0.032481)
(1.500000	0.338687	0.025744)
(1.750000	0.380614	0.018185)
(2.000000	0.422541	0.010297)
(2.250000	0.460141	0.002080)
(2.500000	0.490529	0.001000)
(2.750000	0.489187	0.001000)
(3.000000	0.424382	0.001000)
(3.250000	0.288904	0.001000)
(3.500000	0.098617	0.001000)
(3.750000	-0.130612	0.009968)
(4.000000	-0.387245	0.025908)
(4.250000	-0.658302	0.044642)
(4.500000	-0.936570	0.065512)
(4.750000	-1.219164	0.088353)
(5.000000	-1.501759	0.113003)
(5.250000	-1.781470	0.138967)
(5.500000	-2.056853	0.166410)
(5.750000	-2.327909	0.195003)
(6.000000	-2.593197	0.224747)
(6.250000	-2.852714	0.255805)
(6.500000	-3.106463	0.287849)
(6.750000	-3.353000	0.321044)
(7.000000	-3.595210	0.355389)
(7.250000	-3.830208	0.390720)
(7.500000	-4.060880	0.427365)
(7.750000	-4.284340	0.464997)
(8.000000	-4.503473	0.503778)
(8.250000	-4.718278	0.543546)
(8.500000	-4.927315	0.584628)
(8.750000	-5.132025	0.626697)
(9.000000	-5.330965	0.669751)
(9.250000	-5.527021	0.713956)
(9.500000	-5.718750	0.759311)
(9.750000	-6.040287	0.827343)
(10.000000	-6.560865	0.929227)
(10.250000	-6.938653	1.003669)
(10.500000	-7.312114	1.081889)
(10.750000	-7.642306	1.154194)
(11.000000	-7.927785	1.218119)
(11.250000	-8.175765	1.275305)
(11.500000	-8.410763	1.331835)
(11.750000	-8.673165	1.398224)
(12.000000	-8.935568	1.465270)
(12.250000	-9.115758	1.513254)
(12.500000	-9.389699	1.588682)
(12.750000	-9.541043	1.630421)
(13.000000	-9.806330	1.707163)
(13.250000	-9.943251	1.747424)
(13.500000	-10.149403	1.808226)
(13.750000	-10.375747	1.878066)
(14.000000	-10.527091	1.925064)
(14.250000	-10.692858	1.977321)
(14.500000	-10.868722	2.033028)
(14.750000	-11.054681	2.092844)
(15.000000	-11.259391	2.158740)
(15.250000	-11.364581	2.191771)
(15.750000	-11.722077	2.308938)
(16.000000	-11.848901	2.350513)
(16.250000	-12.027649	2.408193)
(16.500000	-12.186204	2.461271)
(16.750000	-12.315914	2.501532)
(17.000000	-12.506200	2.564470)
(17.250000	-12.663313	2.617384)
(17.750000	-12.935712	2.700863)
(18.000000	-13.107249	2.757721)
(18.500000	-13.425802	2.862892)
(18.750000	-13.554069	2.901345)
(19.000000	-13.690989	2.942756)
(19.250000	-13.833679	2.987454)
(19.500000	-13.980696	3.033795)
(19.750000	-14.129156	3.079807)
(20.000000	-14.277615	3.128284)
(20.250000	-14.426074	3.174461)
(20.500000	-14.571649	3.220802)
(20.750000	-14.717223	3.265500)
(21.000000	-14.857029	3.310526)
(21.250000	-14.996834	3.353744)
(21.500000	-15.133755	3.396142)
(21.750000	-15.267791	3.437881)
(22.000000	-15.401827	3.479292)
(22.250000	-15.535863	3.520539)
(22.500000	-15.671341	3.563265)
(22.750000	-15.809704	3.608948)
(23.000000	-15.953836	3.656932)
(23.250000	-16.105180	3.710504)
(23.500000	-16.249313	3.759967)
(23.750000	-16.348733	3.779358)
(24.000000	-16.459692	3.810252)
(24.250000	-16.586516	3.851499)
(24.500000	-16.730649	3.903755)
(24.750000	-16.886320	3.964393)
(25.000000	-16.969874	3.972938)
(25.250000	-17.080833	4.006297)
(25.500000	-17.222081	4.060361)
(25.750000	-17.359002	4.107688)
(26.000000	-17.442557	4.120177)
(26.250000	-17.567939	4.166682)
(26.500000	-17.720725	4.232414)
(26.750000	-17.791299	4.231921)
(27.000000	-17.915239	4.278426)
(27.250000	-18.047833	4.328054)
(27.500000	-18.127060	4.338900)
(27.750000	-18.266866	4.401345)
(28.000000	-18.353305	4.414984)
(28.250000	-18.462822	4.455409)
(28.500000	-18.583877	4.498792)
(28.750000	-18.665990	4.516704)
(29.000000	-18.808680	4.585887)
(33.357143	-14.582108	4.736653)
(37.714286	-11.236102	4.888982)
(42.071429	-8.535288	5.036289)
(46.428571	-6.334412	5.171788)
(50.785714	-4.539061	5.288669)
(55.142857	-3.085023	5.380274)
(59.500000	-1.926744	5.440274)
(63.857143	-1.030565	5.462842)
(68.214286	-0.370610	5.442810)
(72.571429	0.073775	5.375819)
(76.928571	0.319623	5.258444)
(81.285714	0.381334	5.088302)
(85.642857	0.271261	4.864139)
(90.000000	0.000000	4.585887)
(94.357143	-0.189882	4.864139)
(98.714286	-0.266933	5.088302)
(103.071429	-0.223736	5.258444)
(107.428571	-0.051643	5.375819)
(111.785714	0.259427	5.442810)
(116.142857	0.721396	5.462842)
(120.500000	1.348720	5.440274)
(124.857143	2.159516	5.380274)
(129.214286	3.177343	5.288669)
(133.571429	4.434089	5.171788)
(137.928571	5.974702	5.036289)
(142.285714	7.865272	4.888982)
(146.642857	10.207476	4.736653)
(151.000000	13.166076	4.585887)
(153.071429	12.225642	4.516576)
(155.142857	11.285208	4.449659)
(157.214286	10.344774	4.385733)
(159.285714	9.404340	4.325363)
(161.357143	8.463906	4.269074)
(163.428571	7.523472	4.217353)
(165.500000	6.583038	4.170640)
(167.571429	5.642604	4.129333)
(169.642857	4.702170	4.093780)
(171.714286	3.761736	4.064278)
(173.785714	2.821302	4.041074)
(175.857143	1.880868	4.024361)
(177.928571	0.940434	4.014278)
(180.000000	-0.000000	4.010907)
