// Re = 0.07
(-180.000000	0.000000	0.037271)
(-177.857143	0.043900	0.039063)
(-175.714286	0.087799	0.044427)
(-173.571429	0.131699	0.053334)
(-171.428571	0.175598	0.065733)
(-169.285714	0.219498	0.081554)
(-167.142857	0.263398	0.100707)
(-165.000000	0.307297	0.123085)
(-162.857143	0.351197	0.148560)
(-160.714286	0.395096	0.176989)
(-158.571429	0.438996	0.208211)
(-156.428571	0.482896	0.242049)
(-154.285714	0.526795	0.278312)
(-152.142857	0.570695	0.316794)
(-150.000000	0.614594	0.357278)
(-145.714286	0.601735	0.443323)
(-141.428571	0.587743	0.534501)
(-137.142857	0.569892	0.628747)
(-132.857143	0.546523	0.723926)
(-128.571429	0.516701	0.817877)
(-124.285714	0.480019	0.908467)
(-120.000000	0.436487	0.993636)
(-115.714286	0.386456	1.071440)
(-111.428571	0.330561	1.140100)
(-107.142857	0.269679	1.198041)
(-102.857143	0.204885	1.243923)
(-98.571429	0.137417	1.276677)
(-94.285714	0.068638	1.295525)
(-90.000000	0.000000	1.300000)
(-85.714286	-0.068638	1.295525)
(-81.428571	-0.137417	1.276677)
(-77.142857	-0.204885	1.243923)
(-72.857143	-0.269679	1.198041)
(-68.571429	-0.330561	1.140100)
(-64.285714	-0.386456	1.071440)
(-60.000000	-0.436487	0.993636)
(-55.714286	-0.480019	0.908467)
(-51.428571	-0.516701	0.817877)
(-47.142857	-0.546523	0.723926)
(-42.857143	-0.569892	0.628747)
(-38.571429	-0.587743	0.534501)
(-34.285714	-0.601735	0.443323)
(-30.000000	-0.614594	0.357278)
(-28.214286	-0.601879	0.334514)
(-26.428571	-0.589164	0.311750)
(-24.642857	-0.576449	0.288986)
(-22.857143	-0.563734	0.266222)
(-21.071429	-0.551019	0.243458)
(-19.285714	-0.538303	0.220694)
(-17.500000	-0.525588	0.197930)
(-15.714286	-0.512873	0.175166)
(-13.928571	-0.500158	0.152402)
(-12.142857	-0.487443	0.129638)
(-10.357143	-0.474728	0.106874)
(-8.571429	-0.462012	0.084110)
(-5.000000	-0.436582	0.038582)
(-4.750000	-0.410194	0.039999)
(-4.500000	-0.382213	0.041283)
(-4.250000	-0.356107	0.042272)
(-4.000000	-0.338158	0.042805)
(-3.750000	-0.319085	0.043461)
(-3.500000	-0.302356	0.043784)
(-3.250000	-0.288158	0.043784)
(-3.000000	-0.268241	0.044089)
(-2.750000	-0.245323	0.044155)
(-2.500000	-0.231782	0.044013)
(-2.250000	-0.221241	0.044079)
(-2.000000	-0.208544	0.044098)
(-1.750000	-0.190971	0.044060)
(-1.500000	-0.170304	0.043975)
(-1.250000	-0.161920	0.043965)
(-1.000000	-0.147441	0.044060)
(-0.750000	-0.123116	0.044136)
(-0.500000	-0.113045	0.044298)
(-0.250000	-0.099129	0.044488)
(0.000000	-0.074617	0.044650)
(0.250000	-0.064451	0.044954)
(0.500000	-0.048847	0.045259)
(0.750000	-0.023116	0.045525)
(1.000000	-0.015951	0.045982)
(1.250000	0.003028	0.046381)
(1.500000	0.021633	0.046819)
(1.750000	0.033392	0.047380)
(2.000000	0.055748	0.047846)
(2.250000	0.066476	0.048445)
(2.500000	0.081142	0.049044)
(2.750000	0.104717	0.049587)
(3.000000	0.112069	0.050328)
(3.250000	0.128892	0.050994)
(3.500000	0.150310	0.051613)
(3.750000	0.174728	0.052240)
(4.000000	0.191457	0.053220)
(4.250000	0.231253	0.054086)
(4.500000	0.264392	0.055455)
(4.750000	0.298656	0.056758)
(5.000000	0.315198	0.057681)
(5.250000	0.343367	0.058632)
(5.500000	0.372099	0.059678)
(5.750000	0.392860	0.061077)
(6.000000	0.429093	0.061952)
(6.250000	0.449385	0.063426)
(6.500000	0.482899	0.064349)
(6.750000	0.504129	0.065766)
(7.000000	0.540269	0.066413)
(7.250000	0.557748	0.067944)
(7.500000	0.593419	0.068381)
(7.750000	0.613524	0.069647)
(8.000000	0.634191	0.070816)
(8.250000	0.672769	0.070588)
(8.500000	0.689498	0.071853)
(8.750000	0.710165	0.072719)
(9.000000	0.754087	0.071340)
(9.500000	0.799923	0.071653)
(9.750000	0.830718	0.070626)
(10.000000	0.892831	0.065281)
(10.250000	0.995359	0.053581)
(10.500000	1.114202	0.041521)
(10.750000	1.143778	0.039599)
(11.000000	1.151037	0.039913)
(11.250000	1.156232	0.040665)
(11.500000	1.156364	0.042253)
(11.750000	1.153684	0.044488)
(12.000000	1.154472	0.046714)
(12.250000	1.160230	0.048740)
(12.500000	1.169271	0.050680)
(12.750000	1.185625	0.052221)
(13.000000	1.203198	0.053848)
(13.250000	1.227804	0.055179)
(13.500000	1.241063	0.057319)
(13.750000	1.259481	0.059260)
(14.000000	1.277616	0.061333)
(14.250000	1.290782	0.063768)
(14.500000	1.305917	0.066203)
(14.750000	1.327898	0.068410)
(15.000000	1.312558	0.072443)
(15.250000	1.306126	0.076210)
(15.500000	1.314979	0.079225)
(15.750000	1.292044	0.084275)
(16.000000	1.266859	0.089887)
(16.250000	1.238485	0.096231)
(16.500000	1.207392	0.103470)
(16.750000	1.175362	0.111631)
(17.750000	0.681823	0.200460)
(18.000000	0.685987	0.203228)
(18.250000	0.696809	0.206433)
(18.500000	0.695909	0.208640)
(18.750000	0.696979	0.211341)
(19.000000	0.704144	0.214328)
(19.250000	0.709527	0.217067)
(19.500000	0.709472	0.219740)
(19.750000	0.716449	0.222784)
(20.000000	0.721082	0.225523)
(20.250000	0.722058	0.228386)
(20.500000	0.732224	0.231724)
(20.750000	0.731606	0.234197)
(21.000000	0.736332	0.237298)
(21.250000	0.742184	0.240218)
(21.500000	0.743817	0.243253)
(21.750000	0.752857	0.246448)
(22.000000	0.752333	0.249311)
(22.250000	0.762405	0.252802)
(22.500000	0.761130	0.255494)
(22.750000	0.769701	0.258918)
(23.000000	0.769740	0.261781)
(23.250000	0.777936	0.265253)
(23.500000	0.778256	0.268135)
(23.750000	0.786827	0.271635)
(24.000000	0.786584	0.274622)
(24.250000	0.794405	0.277998)
(24.500000	0.795006	0.281185)
(24.750000	0.801140	0.284476)
(25.000000	0.803616	0.287891)
(25.250000	0.808155	0.291096)
(25.500000	0.812695	0.294558)
(25.750000	0.815452	0.297868)
(26.250000	0.823312	0.304717)
(26.500000	0.828320	0.308055)
(26.750000	0.831734	0.311641)
(27.000000	0.834961	0.315008)
(27.500000	0.842352	0.322028)
(27.750000	0.846609	0.325433)
(28.000000	0.850774	0.329019)
(28.250000	0.853156	0.332548)
(28.500000	0.857696	0.335972)
(28.750000	0.860828	0.339662)
(29.000000	0.863680	0.343163)
(29.250000	0.868219	0.346615)
(29.500000	0.870789	0.350334)
(29.750000	0.873734	0.353863)
(30.000000	0.877992	0.357278)
(34.285714	0.859622	0.443323)
(38.571429	0.839633	0.534501)
(42.857143	0.814131	0.628747)
(47.142857	0.780747	0.723926)
(51.428571	0.738144	0.817877)
(55.714286	0.685741	0.908467)
(60.000000	0.623553	0.993636)
(64.285714	0.552080	1.071440)
(68.571429	0.472231	1.140100)
(72.857143	0.385256	1.198041)
(77.142857	0.292693	1.243923)
(81.428571	0.196310	1.276677)
(85.714286	0.098054	1.295525)
(90.000000	0.000000	1.300000)
(94.285714	-0.068638	1.295525)
(98.571429	-0.137417	1.276677)
(102.857143	-0.204885	1.243923)
(107.142857	-0.269679	1.198041)
(111.428571	-0.330561	1.140100)
(115.714286	-0.386456	1.071440)
(120.000000	-0.436487	0.993636)
(124.285714	-0.480019	0.908467)
(128.571429	-0.516701	0.817877)
(132.857143	-0.546523	0.723926)
(137.142857	-0.569892	0.628747)
(141.428571	-0.587743	0.534501)
(145.714286	-0.601735	0.443323)
(150.000000	-0.614594	0.357278)
(152.142857	-0.570695	0.316794)
(154.285714	-0.526795	0.278312)
(156.428571	-0.482896	0.242049)
(158.571429	-0.438996	0.208211)
(160.714286	-0.395096	0.176989)
(162.857143	-0.351197	0.148560)
(165.000000	-0.307297	0.123085)
(167.142857	-0.263398	0.100707)
(169.285714	-0.219498	0.081554)
(171.428571	-0.175598	0.065733)
(173.571429	-0.131699	0.053334)
(175.714286	-0.087799	0.044427)
(177.857143	-0.043900	0.039063)
(180.000000	0.000000	0.037271)
