// Re = 0.06
(-180.000000	0.000000	0.136046)
(-177.857143	0.051337	0.137768)
(-175.714286	0.102674	0.142925)
(-173.571429	0.154011	0.151487)
(-171.428571	0.205348	0.163404)
(-169.285714	0.256684	0.178606)
(-167.142857	0.308021	0.197005)
(-165.000000	0.359358	0.218494)
(-162.857143	0.410695	0.242946)
(-160.714286	0.462032	0.270221)
(-158.571429	0.513369	0.300158)
(-156.428571	0.564706	0.332582)
(-154.285714	0.616043	0.367305)
(-152.142857	0.667380	0.404122)
(-150.000000	0.718717	0.442819)
(-145.714286	0.685857	0.524935)
(-141.428571	0.655797	0.611726)
(-137.142857	0.624732	0.701154)
(-132.857143	0.590331	0.791109)
(-128.571429	0.551215	0.879462)
(-124.285714	0.506678	0.964109)
(-120.000000	0.456525	1.043023)
(-115.714286	0.400960	1.114296)
(-111.428571	0.340514	1.176187)
(-107.142857	0.275990	1.227155)
(-102.857143	0.208410	1.265903)
(-98.571429	0.138976	1.291399)
(-94.285714	0.069026	1.302907)
(-90.000000	0.000000	1.300000)
(-85.714286	-0.069026	1.302907)
(-81.428571	-0.138976	1.291399)
(-77.142857	-0.208410	1.265903)
(-72.857143	-0.275990	1.227155)
(-68.571429	-0.340514	1.176187)
(-64.285714	-0.400960	1.114296)
(-60.000000	-0.456525	1.043023)
(-55.714286	-0.506678	0.964109)
(-51.428571	-0.551215	0.879462)
(-47.142857	-0.590331	0.791109)
(-42.857143	-0.624732	0.701154)
(-38.571429	-0.655797	0.611726)
(-34.285714	-0.685857	0.524935)
(-30.000000	-0.718717	0.442819)
(-28.214286	-0.703954	0.414080)
(-26.428571	-0.689191	0.385342)
(-24.642857	-0.674429	0.356604)
(-22.857143	-0.659666	0.327865)
(-21.071429	-0.644904	0.299127)
(-19.285714	-0.630141	0.270388)
(-17.500000	-0.615378	0.241650)
(-15.714286	-0.600616	0.212911)
(-13.928571	-0.585853	0.184173)
(-12.142857	-0.571090	0.155434)
(-10.357143	-0.556328	0.126696)
(-8.571429	-0.541565	0.097957)
(-5.000000	-0.512040	0.040480)
(-4.750000	-0.489099	0.042632)
(-4.500000	-0.467777	0.044213)
(-4.250000	-0.445453	0.045892)
(-4.000000	-0.423437	0.047169)
(-3.750000	-0.401344	0.048057)
(-3.500000	-0.377940	0.048665)
(-3.250000	-0.365410	0.048641)
(-3.000000	-0.351570	0.048653)
(-2.750000	-0.334953	0.048726)
(-2.500000	-0.318875	0.048422)
(-2.250000	-0.302644	0.048446)
(-2.000000	-0.292814	0.048130)
(-1.750000	-0.276660	0.047947)
(-1.500000	-0.261662	0.047862)
(-1.250000	-0.250521	0.047680)
(-1.000000	-0.230588	0.047607)
(-0.750000	-0.222917	0.047461)
(-0.500000	-0.203215	0.047595)
(-0.250000	-0.193848	0.047595)
(0.000000	-0.172526	0.047850)
(0.250000	-0.163776	0.047947)
(0.500000	-0.150784	0.048191)
(0.750000	-0.133858	0.048580)
(1.000000	-0.117704	0.049054)
(1.250000	-0.113350	0.049504)
(3.750000	0.066163	0.060414)
(4.000000	0.099208	0.062530)
(4.250000	0.112046	0.063211)
(4.500000	0.136916	0.065133)
(4.750000	0.154612	0.066434)
(5.000000	0.184418	0.068927)
(5.250000	0.203580	0.070654)
(5.500000	0.233771	0.073366)
(5.750000	0.252702	0.075337)
(6.000000	0.283588	0.078329)
(6.250000	0.301516	0.080372)
(6.500000	0.323300	0.082926)
(6.750000	0.351178	0.085857)
(7.000000	0.372731	0.088338)
(7.250000	0.391739	0.090819)
(7.750000	0.502716	0.086672)
(8.000000	0.530670	0.087754)
(8.250000	0.552301	0.089250)
(8.500000	0.574008	0.090661)
(8.750000	0.595330	0.092023)
(9.000000	0.616035	0.093349)
(9.250000	0.636045	0.094638)
(9.500000	0.656133	0.095757)
(9.750000	0.678072	0.096426)
(10.000000	0.703481	0.096304)
(10.250000	0.733595	0.094954)
(10.500000	0.770188	0.091731)
(10.750000	0.815804	0.085662)
(11.250000	1.023574	0.045734)
(11.500000	1.038572	0.045272)
(11.750000	1.047476	0.046573)
(12.000000	1.053990	0.048872)
(12.250000	1.064360	0.051134)
(12.500000	1.076735	0.053493)
(12.750000	1.092272	0.055768)
(13.000000	1.114365	0.057701)
(13.500000	1.148525	0.063053)
(13.750000	1.161980	0.066227)
(14.000000	1.175049	0.069560)
(14.250000	1.188195	0.073014)
(14.500000	1.204735	0.076322)
(14.750000	1.191813	0.081953)
(15.000000	1.181744	0.087718)
(15.250000	1.191729	0.091731)
(15.500000	1.172097	0.099004)
(15.750000	1.150382	0.107238)
(16.000000	1.127048	0.116518)
(17.000000	0.705463	0.234662)
(17.250000	0.710049	0.237849)
(17.500000	0.715868	0.241157)
(17.750000	0.723770	0.244757)
(18.000000	0.733908	0.248758)
(18.250000	0.737491	0.251531)
(18.500000	0.741228	0.254657)
(18.750000	0.747356	0.258172)
(19.000000	0.757340	0.262246)
(19.250000	0.762697	0.265408)
(19.500000	0.766511	0.268692)
(19.750000	0.774336	0.272511)
(20.000000	0.783394	0.276415)
(20.250000	0.786129	0.279589)
(20.500000	0.793799	0.283433)
(20.750000	0.801701	0.287227)
(21.000000	0.805438	0.290694)
(21.250000	0.815345	0.295096)
(21.500000	0.819237	0.298319)
(21.750000	0.825827	0.302260)
(22.000000	0.833652	0.306152)
(22.250000	0.838160	0.309922)
(22.500000	0.848144	0.314264)
(22.750000	0.850956	0.317755)
(23.000000	0.861557	0.322437)
(23.250000	0.863906	0.325757)
(23.500000	0.873813	0.330367)
(23.750000	0.876779	0.333870)
(24.000000	0.886532	0.338516)
(24.250000	0.889420	0.342103)
(24.500000	0.898942	0.346652)
(24.750000	0.902062	0.350471)
(25.000000	0.910272	0.354825)
(25.250000	0.914780	0.358948)
(25.500000	0.921680	0.363083)
(25.750000	0.927808	0.367498)
(26.000000	0.933396	0.371658)
(26.250000	0.941375	0.376304)
(26.500000	0.945420	0.380341)
(26.750000	0.952782	0.384732)
(27.000000	0.957830	0.389183)
(27.250000	0.963727	0.393452)
(27.500000	0.971089	0.398050)
(27.750000	0.975288	0.402343)
(28.000000	0.981879	0.406709)
(28.250000	0.987699	0.411343)
(28.500000	0.992824	0.415697)
(28.750000	0.999723	0.420185)
(29.000000	1.004540	0.424758)
(29.250000	1.009974	0.429234)
(29.500000	1.016873	0.433673)
(29.750000	1.021304	0.438343)
(30.000000	1.026738	0.442819)
(34.285714	0.979795	0.524935)
(38.571429	0.936852	0.611726)
(42.857143	0.892475	0.701154)
(47.142857	0.843330	0.791109)
(51.428571	0.787450	0.879462)
(55.714286	0.723826	0.964109)
(60.000000	0.652179	1.043023)
(64.285714	0.572800	1.114296)
(68.571429	0.486449	1.176187)
(72.857143	0.394272	1.227155)
(77.142857	0.297729	1.265903)
(81.428571	0.198537	1.291399)
(85.714286	0.098609	1.302907)
(90.000000	0.000000	1.300000)
(94.285714	-0.069026	1.302907)
(98.571429	-0.138976	1.291399)
(102.857143	-0.208410	1.265903)
(107.142857	-0.275990	1.227155)
(111.428571	-0.340514	1.176187)
(115.714286	-0.400960	1.114296)
(120.000000	-0.456525	1.043023)
(124.285714	-0.506678	0.964109)
(128.571429	-0.551215	0.879462)
(132.857143	-0.590331	0.791109)
(137.142857	-0.624732	0.701154)
(141.428571	-0.655797	0.611726)
(145.714286	-0.685857	0.524935)
(150.000000	-0.718717	0.442819)
(152.142857	-0.667380	0.404122)
(154.285714	-0.616043	0.367305)
(156.428571	-0.564706	0.332582)
(158.571429	-0.513369	0.300158)
(160.714286	-0.462032	0.270221)
(162.857143	-0.410695	0.242946)
(165.000000	-0.359358	0.218494)
(167.142857	-0.308021	0.197005)
(169.285714	-0.256684	0.178606)
(171.428571	-0.205348	0.163404)
(173.571429	-0.154011	0.151487)
(175.714286	-0.102674	0.142925)
(177.857143	-0.051337	0.137768)
(180.000000	0.000000	0.136046)
