// Re = 0.13
(-180.000000	0.000000	0.021024)
(-178.625000	0.072185	0.021766)
(-177.250000	0.144370	0.023992)
(-175.875000	0.216555	0.027696)
(-174.500000	0.288741	0.032869)
(-173.125000	0.360926	0.039500)
(-171.750000	0.433111	0.047573)
(-170.375000	0.505296	0.057070)
(-169.000000	0.577481	0.067968)
(-167.625000	0.649666	0.080242)
(-166.250000	0.721852	0.093864)
(-164.875000	0.794037	0.108802)
(-163.500000	0.866222	0.125022)
(-162.125000	0.938407	0.142486)
(-160.750000	1.010592	0.161153)
(-155.696429	0.884307	0.239369)
(-150.642857	0.805725	0.330775)
(-145.589286	0.748308	0.432515)
(-140.535714	0.698821	0.541410)
(-135.482143	0.650028	0.654052)
(-130.428571	0.597859	0.766917)
(-125.375000	0.540148	0.876470)
(-120.321429	0.476008	0.979278)
(-115.267857	0.405476	1.072112)
(-110.214286	0.329297	1.152054)
(-105.160714	0.248772	1.216583)
(-100.107143	0.165633	1.263654)
(-95.053571	0.081943	1.291765)
(-90.000000	0.000000	1.300000)
(-84.946429	-0.081943	1.291765)
(-79.892857	-0.165633	1.263654)
(-74.839286	-0.248772	1.216583)
(-69.785714	-0.329297	1.152054)
(-64.732143	-0.405476	1.072112)
(-59.678571	-0.476008	0.979278)
(-54.625000	-0.540148	0.876470)
(-49.571429	-0.597859	0.766917)
(-44.517857	-0.650028	0.654052)
(-39.464286	-0.698821	0.541410)
(-34.410714	-0.748308	0.432515)
(-29.357143	-0.805725	0.330775)
(-24.303571	-0.884307	0.239369)
(-19.250000	-1.010592	0.161153)
(-18.232143	-0.955705	0.151128)
(-17.214286	-0.900818	0.141104)
(-16.196429	-0.845932	0.131079)
(-15.178571	-0.791045	0.121054)
(-14.160714	-0.736158	0.111029)
(-13.142857	-0.681271	0.101005)
(-12.125000	-0.626384	0.090980)
(-11.107143	-0.571497	0.080955)
(-10.089286	-0.516610	0.070931)
(-9.071429	-0.461723	0.060906)
(-8.053571	-0.406837	0.050881)
(-7.035714	-0.351950	0.040856)
(-5.000000	-0.242176	0.020807)
(-4.750000	-0.216116	0.021367)
(-4.500000	-0.190211	0.021664)
(-4.250000	-0.163615	0.022167)
(-4.000000	-0.138552	0.022636)
(-3.750000	-0.113489	0.022990)
(-3.500000	-0.088043	0.023219)
(-3.250000	-0.061064	0.023253)
(-3.000000	-0.036384	0.023356)
(-2.750000	-0.011551	0.023413)
(-2.500000	0.013971	0.023390)
(-2.250000	0.041333	0.023230)
(-2.000000	0.065630	0.023436)
(-1.750000	0.090616	0.023470)
(-1.500000	0.117518	0.023344)
(-1.250000	0.143807	0.023253)
(-1.000000	0.168181	0.023401)
(-0.750000	0.194087	0.023401)
(-0.500000	0.221372	0.023287)
(-0.250000	0.246435	0.023356)
(0.000000	0.271574	0.023470)
(0.250000	0.298936	0.023390)
(0.500000	0.323539	0.023550)
(0.750000	0.349905	0.023607)
(1.250000	0.400261	0.023859)
(1.500000	0.426243	0.023962)
(1.750000	0.454141	0.023916)
(2.000000	0.477289	0.024236)
(2.250000	0.502275	0.024396)
(2.500000	0.529637	0.024373)
(2.750000	0.552784	0.024716)
(3.000000	0.577924	0.024899)
(3.250000	0.606435	0.024796)
(3.500000	0.629123	0.025173)
(3.750000	0.652577	0.025448)
(4.000000	0.682007	0.025173)
(4.250000	0.703699	0.025562)
(4.500000	0.726233	0.025870)
(5.000000	0.780267	0.025665)
(5.250000	0.801959	0.025916)
(5.500000	0.823957	0.026065)
(5.750000	0.847104	0.026053)
(6.000000	0.872167	0.025836)
(6.250000	0.899069	0.025425)
(6.500000	0.927504	0.024750)
(6.750000	0.951800	0.024442)
(7.000000	0.972190	0.024293)
(7.250000	0.993498	0.023950)
(7.500000	1.018714	0.023241)
(7.750000	1.051056	0.022293)
(8.000000	1.088379	0.021630)
(8.250000	1.118040	0.021390)
(8.500000	1.145018	0.021275)
(8.750000	1.171460	0.021207)
(9.000000	1.196906	0.021172)
(9.250000	1.216836	0.021447)
(9.500000	1.234696	0.021813)
(9.750000	1.247576	0.022384)
(10.000000	1.256778	0.023356)
(10.250000	1.262915	0.024762)
(10.500000	1.265758	0.026705)
(10.750000	1.265689	0.029208)
(11.000000	1.264087	0.032169)
(11.250000	1.262025	0.035461)
(11.500000	1.260347	0.038901)
(11.750000	1.260431	0.042319)
(12.000000	1.262890	0.045577)
(12.250000	1.267418	0.048629)
(12.500000	1.274168	0.051464)
(12.750000	1.283064	0.054070)
(13.000000	1.293645	0.056493)
(13.250000	1.305836	0.058734)
(13.500000	1.319635	0.060780)
(13.750000	1.334737	0.062677)
(14.000000	1.350835	0.064483)
(14.250000	1.367700	0.066244)
(14.500000	1.385943	0.067890)
(14.750000	1.406792	0.069216)
(15.000000	1.423197	0.071239)
(15.250000	1.439601	0.073376)
(15.500000	1.463668	0.074554)
(15.750000	1.471951	0.077812)
(16.000000	1.494868	0.079275)
(16.250000	1.498170	0.083275)
(16.500000	1.525226	0.084270)
(16.750000	1.522245	0.089139)
(17.000000	1.522099	0.093815)
(17.250000	1.531990	0.097061)
(17.500000	1.544027	0.100136)
(17.750000	1.535070	0.106377)
(18.000000	1.525959	0.112972)
(18.250000	1.515929	0.120071)
(18.500000	1.503447	0.128061)
(18.750000	1.486827	0.137446)
(19.000000	1.465993	0.148613)
(19.250000	1.443703	0.161153)
(24.303571	1.263295	0.239369)
(29.357143	1.151036	0.330775)
(34.410714	1.069011	0.432515)
(39.464286	0.998316	0.541410)
(44.517857	0.928612	0.654052)
(49.571429	0.854084	0.766917)
(54.625000	0.771641	0.876470)
(59.678571	0.680012	0.979278)
(64.732143	0.579251	1.072112)
(69.785714	0.470425	1.152054)
(74.839286	0.355389	1.216583)
(79.892857	0.236619	1.263654)
(84.946429	0.117062	1.291765)
(90.000000	0.000000	1.300000)
(95.053571	-0.081943	1.291765)
(100.107143	-0.165633	1.263654)
(105.160714	-0.248772	1.216583)
(110.214286	-0.329297	1.152054)
(115.267857	-0.405476	1.072112)
(120.321429	-0.476008	0.979278)
(125.375000	-0.540148	0.876470)
(130.428571	-0.597859	0.766917)
(135.482143	-0.650028	0.654052)
(140.535714	-0.698821	0.541410)
(145.589286	-0.748308	0.432515)
(150.642857	-0.805725	0.330775)
(155.696429	-0.884307	0.239369)
(160.750000	-1.010592	0.161153)
(162.125000	-0.938407	0.142486)
(163.500000	-0.866222	0.125022)
(164.875000	-0.794037	0.108802)
(166.250000	-0.721852	0.093864)
(167.625000	-0.649666	0.080242)
(169.000000	-0.577481	0.067968)
(170.375000	-0.505296	0.057070)
(171.750000	-0.433111	0.047573)
(173.125000	-0.360926	0.039500)
(174.500000	-0.288741	0.032869)
(175.875000	-0.216555	0.027696)
(177.250000	-0.144370	0.023992)
(178.625000	-0.072185	0.021766)
(180.000000	0.000000	0.021024)
