// Re = 0.12
(-180.000000	0.000000	0.001000)
(-178.642857	0.057734	0.001000)
(-177.285714	0.115468	0.001000)
(-175.928571	0.173202	0.001000)
(-174.571429	0.230936	0.002872)
(-173.214286	0.288670	0.009408)
(-171.857143	0.346404	0.017367)
(-170.500000	0.404138	0.026731)
(-169.142857	0.461872	0.037479)
(-167.785714	0.519606	0.049586)
(-166.428571	0.577341	0.063027)
(-165.071429	0.635075	0.077769)
(-163.714286	0.692809	0.093782)
(-162.357143	0.750543	0.111028)
(-161.000000	0.808277	0.129470)
(-155.928571	0.731995	0.208234)
(-150.857143	0.688343	0.300617)
(-145.785714	0.657041	0.403741)
(-140.714286	0.627951	0.514392)
(-135.642857	0.595526	0.629121)
(-130.571429	0.556685	0.744356)
(-125.500000	0.509879	0.856508)
(-120.428571	0.454617	0.962085)
(-115.357143	0.391206	1.057802)
(-110.285714	0.320578	1.140685)
(-105.214286	0.244168	1.208160)
(-100.142857	0.163809	1.258134)
(-95.071429	0.081636	1.289063)
(-90.000000	0.000000	1.300000)
(-84.928571	-0.081636	1.289063)
(-79.857143	-0.163809	1.258134)
(-74.785714	-0.244168	1.208160)
(-69.714286	-0.320578	1.140685)
(-64.642857	-0.391206	1.057802)
(-59.571429	-0.454617	0.962085)
(-54.500000	-0.509879	0.856508)
(-49.428571	-0.556685	0.744356)
(-44.357143	-0.595526	0.629121)
(-39.285714	-0.627951	0.514392)
(-34.214286	-0.657041	0.403741)
(-29.142857	-0.688343	0.300617)
(-24.071429	-0.731995	0.208234)
(-19.000000	-0.808277	0.129470)
(-18.000000	-0.768081	0.121883)
(-17.000000	-0.727886	0.114297)
(-16.000000	-0.687690	0.106710)
(-15.000000	-0.647494	0.099123)
(-14.000000	-0.607299	0.091536)
(-13.000000	-0.567103	0.083950)
(-12.000000	-0.526908	0.076363)
(-11.000000	-0.486712	0.068776)
(-10.000000	-0.446517	0.061190)
(-9.000000	-0.406321	0.053603)
(-8.000000	-0.366126	0.046016)
(-7.000000	-0.325930	0.038429)
(-5.000000	-0.245539	0.023256)
(-4.750000	-0.219671	0.023691)
(-4.500000	-0.192540	0.024181)
(-4.250000	-0.166882	0.024390)
(-4.000000	-0.142592	0.024826)
(-3.750000	-0.118407	0.025153)
(-3.500000	-0.093906	0.025352)
(-3.250000	-0.067406	0.025407)
(-3.000000	-0.042695	0.025452)
(-2.750000	-0.019352	0.025498)
(-2.500000	0.004622	0.025498)
(-2.250000	0.031017	0.025570)
(-2.000000	0.055833	0.025570)
(-1.750000	0.078965	0.025597)
(-1.500000	0.103571	0.025561)
(-1.250000	0.132491	0.025352)
(-1.000000	0.154361	0.025534)
(-0.750000	0.177704	0.025616)
(-0.500000	0.206203	0.025470)
(-0.250000	0.230914	0.025488)
(0.000000	0.253100	0.025670)
(0.250000	0.278232	0.025724)
(0.500000	0.305678	0.025670)
(0.750000	0.328390	0.025861)
(1.000000	0.352785	0.025988)
(1.250000	0.380232	0.025942)
(1.500000	0.401366	0.026233)
(1.750000	0.424498	0.026442)
(2.000000	0.455102	0.026305)
(2.250000	0.476025	0.026650)
(2.500000	0.496211	0.026968)
(2.750000	0.527551	0.026750)
(3.000000	0.546475	0.027149)
(3.250000	0.566030	0.027522)
(3.500000	0.598001	0.027277)
(3.750000	0.618503	0.027585)
(4.000000	0.636796	0.027994)
(4.250000	0.656035	0.028339)
(4.500000	0.691058	0.027857)
(4.750000	0.708719	0.028230)
(5.000000	0.727222	0.028547)
(5.250000	0.746777	0.028792)
(5.500000	0.780958	0.028175)
(5.750000	0.801565	0.028184)
(6.000000	0.821647	0.028221)
(6.250000	0.841728	0.028112)
(6.500000	0.864334	0.027857)
(6.750000	0.888414	0.027476)
(7.000000	0.914809	0.026995)
(7.250000	0.948463	0.026360)
(7.500000	0.996533	0.025389)
(7.750000	1.044183	0.024672)
(8.000000	1.083730	0.023846)
(8.250000	1.113386	0.023537)
(8.500000	1.142095	0.023337)
(8.750000	1.169963	0.023165)
(9.000000	1.196147	0.023038)
(9.250000	1.214440	0.023174)
(9.500000	1.230417	0.023346)
(9.750000	1.238293	0.023737)
(10.000000	1.241854	0.024408)
(10.250000	1.241207	0.025416)
(10.500000	1.236456	0.026832)
(10.750000	1.227601	0.028711)
(11.000000	1.215906	0.031007)
(11.250000	1.203263	0.033594)
(11.500000	1.191357	0.036317)
(11.750000	1.181661	0.039040)
(12.000000	1.175016	0.041627)
(12.250000	1.172054	0.044023)
(12.500000	1.172564	0.046210)
(12.750000	1.176546	0.048162)
(13.000000	1.182528	0.050041)
(13.250000	1.191351	0.051693)
(13.500000	1.203435	0.053127)
(13.750000	1.218255	0.054397)
(14.000000	1.233917	0.055677)
(14.250000	1.247054	0.057202)
(14.500000	1.260822	0.058754)
(14.750000	1.276589	0.060225)
(15.000000	1.297407	0.061396)
(15.250000	1.310333	0.063147)
(15.500000	1.321576	0.065144)
(15.750000	1.345655	0.066270)
(16.000000	1.341010	0.069392)
(16.250000	1.346886	0.071797)
(16.500000	1.358655	0.073912)
(16.750000	1.344539	0.077851)
(17.000000	1.337052	0.081391)
(17.250000	1.360395	0.082617)
(17.500000	1.335968	0.087591)
(17.750000	1.311330	0.092891)
(18.000000	1.285640	0.098628)
(18.250000	1.257215	0.105000)
(18.500000	1.225317	0.112261)
(18.750000	1.190262	0.120475)
(19.000000	1.154681	0.129470)
(24.071429	1.045707	0.208234)
(29.142857	0.983347	0.300617)
(34.214286	0.938631	0.403741)
(39.285714	0.897073	0.514392)
(44.357143	0.850751	0.629121)
(49.428571	0.795264	0.744356)
(54.500000	0.728398	0.856508)
(59.571429	0.649453	0.962085)
(64.642857	0.558865	1.057802)
(69.714286	0.457968	1.140685)
(74.785714	0.348812	1.208160)
(79.857143	0.234013	1.258134)
(84.928571	0.116622	1.289063)
(90.000000	0.000000	1.300000)
(95.071429	-0.081636	1.289063)
(100.142857	-0.163809	1.258134)
(105.214286	-0.244168	1.208160)
(110.285714	-0.320578	1.140685)
(115.357143	-0.391206	1.057802)
(120.428571	-0.454617	0.962085)
(125.500000	-0.509879	0.856508)
(130.571429	-0.556685	0.744356)
(135.642857	-0.595526	0.629121)
(140.714286	-0.627951	0.514392)
(145.785714	-0.657041	0.403741)
(150.857143	-0.688343	0.300617)
(155.928571	-0.731995	0.208234)
(161.000000	-0.808277	0.129470)
(162.357143	-0.750543	0.111028)
(163.714286	-0.692809	0.093782)
(165.071429	-0.635075	0.077769)
(166.428571	-0.577341	0.063027)
(167.785714	-0.519606	0.049586)
(169.142857	-0.461872	0.037479)
(170.500000	-0.404138	0.026731)
(171.857143	-0.346404	0.017367)
(173.214286	-0.288670	0.009408)
(174.571429	-0.230936	0.002872)
(175.928571	-0.173202	0.001000)
(177.285714	-0.115468	0.001000)
(178.642857	-0.057734	0.001000)
(180.000000	0.000000	0.001000)
