// Re = 0.21
(-180.000000	0.000000	0.001000)
(-178.464286	0.067972	0.001000)
(-176.928571	0.135945	0.001000)
(-175.392857	0.203917	0.003567)
(-173.857143	0.271890	0.010078)
(-172.321429	0.339862	0.018417)
(-170.785714	0.407834	0.028560)
(-169.250000	0.475807	0.040478)
(-167.714286	0.543779	0.054137)
(-166.178571	0.611752	0.069498)
(-164.642857	0.679724	0.086516)
(-163.107143	0.747696	0.105143)
(-161.571429	0.815669	0.125326)
(-160.035714	0.883641	0.147006)
(-158.500000	0.951614	0.170121)
(-153.607143	0.852446	0.252550)
(-148.714286	0.785685	0.346450)
(-143.821429	0.733274	0.449093)
(-138.928571	0.685603	0.557497)
(-134.035714	0.637222	0.668514)
(-129.142857	0.585022	0.778918)
(-124.250000	0.527382	0.885504)
(-119.357143	0.463709	0.985178)
(-114.464286	0.394177	1.075047)
(-109.571429	0.319556	1.152504)
(-104.678571	0.241086	1.215302)
(-99.785714	0.160376	1.261624)
(-94.892857	0.079316	1.290130)
(-90.000000	0.000000	1.300000)
(-85.107143	-0.079316	1.290130)
(-80.214286	-0.160376	1.261624)
(-75.321429	-0.241086	1.215302)
(-70.428571	-0.319556	1.152504)
(-65.535714	-0.394177	1.075047)
(-60.642857	-0.463709	0.985178)
(-55.750000	-0.527382	0.885504)
(-50.857143	-0.585022	0.778918)
(-45.964286	-0.637222	0.668514)
(-41.071429	-0.685603	0.557497)
(-36.178571	-0.733274	0.449093)
(-31.285714	-0.785685	0.346450)
(-26.392857	-0.852446	0.252550)
(-21.500000	-0.951614	0.170121)
(-20.321429	-0.900994	0.158985)
(-19.142857	-0.850374	0.147848)
(-17.964286	-0.799754	0.136712)
(-16.785714	-0.749134	0.125575)
(-15.607143	-0.698514	0.114439)
(-14.428571	-0.647895	0.103302)
(-13.250000	-0.597275	0.092166)
(-12.071429	-0.546655	0.081030)
(-10.892857	-0.496035	0.069893)
(-9.714286	-0.445415	0.058757)
(-8.535714	-0.394795	0.047620)
(-7.357143	-0.344176	0.036484)
(-5.000000	-0.242936	0.014211)
(-4.750000	-0.214921	0.014311)
(-4.500000	-0.187183	0.014411)
(-4.250000	-0.159445	0.014541)
(-4.000000	-0.131338	0.014661)
(-3.750000	-0.103139	0.014750)
(-3.500000	-0.075401	0.014860)
(-3.250000	-0.047386	0.014940)
(-3.000000	-0.018632	0.014960)
(-2.750000	0.009106	0.015020)
(-2.500000	0.037120	0.015050)
(-2.250000	0.065874	0.015040)
(-2.000000	0.094259	0.015030)
(-1.750000	0.122273	0.015060)
(-1.500000	0.151027	0.015050)
(-1.250000	0.179504	0.015040)
(-1.000000	0.207611	0.015080)
(-0.750000	0.236457	0.015070)
(-0.500000	0.264842	0.015080)
(-0.250000	0.292856	0.015130)
(0.000000	0.321980	0.015130)
(0.250000	0.350087	0.015170)
(0.500000	0.378102	0.015230)
(0.750000	0.407040	0.015240)
(1.000000	0.435147	0.015310)
(1.250000	0.463347	0.015370)
(1.500000	0.491639	0.015420)
(1.750000	0.519746	0.015500)
(2.000000	0.548685	0.015539)
(2.250000	0.575868	0.015639)
(2.500000	0.603791	0.015729)
(2.750000	0.633191	0.015759)
(3.000000	0.659636	0.015879)
(3.250000	0.687281	0.015979)
(3.500000	0.716312	0.016019)
(3.750000	0.743311	0.016139)
(4.000000	0.770125	0.016249)
(4.250000	0.798879	0.016279)
(4.500000	0.825324	0.016388)
(4.750000	0.852138	0.016488)
(5.000000	0.879322	0.016558)
(5.250000	0.906413	0.016578)
(5.500000	0.932950	0.016588)
(5.750000	0.959303	0.016598)
(6.000000	0.985378	0.016618)
(6.250000	1.010253	0.016618)
(6.500000	1.034481	0.016578)
(6.750000	1.059171	0.016478)
(7.000000	1.081644	0.016458)
(7.250000	1.104856	0.016458)
(7.500000	1.126868	0.016498)
(7.750000	1.147401	0.016538)
(8.000000	1.166458	0.016598)
(8.250000	1.184590	0.016688)
(8.500000	1.200598	0.016808)
(8.750000	1.214205	0.016958)
(9.000000	1.224579	0.017138)
(9.250000	1.232645	0.017347)
(9.500000	1.247452	0.017996)
(9.750000	1.256533	0.019145)
(10.000000	1.260258	0.020673)
(10.250000	1.260934	0.022521)
(10.500000	1.259394	0.024648)
(10.750000	1.257023	0.027005)
(11.000000	1.254190	0.029542)
(11.250000	1.251449	0.032199)
(11.500000	1.250094	0.034846)
(11.750000	1.249292	0.037533)
(12.000000	1.250061	0.040159)
(12.250000	1.250830	0.042826)
(12.500000	1.254093	0.045343)
(12.750000	1.257725	0.047870)
(13.000000	1.262373	0.050357)
(13.250000	1.267852	0.052784)
(13.500000	1.274163	0.055141)
(13.750000	1.281304	0.057418)
(14.000000	1.289554	0.059596)
(14.250000	1.298451	0.061743)
(14.500000	1.308271	0.063741)
(14.750000	1.318830	0.065668)
(15.000000	1.329112	0.067696)
(15.250000	1.342903	0.069174)
(15.500000	1.352354	0.071381)
(15.750000	1.366515	0.072859)
(16.000000	1.376705	0.074987)
(16.250000	1.391420	0.076425)
(16.500000	1.400409	0.078762)
(16.750000	1.417987	0.079811)
(17.000000	1.422358	0.082847)
(17.250000	1.437258	0.084315)
(17.500000	1.444954	0.086892)
(17.750000	1.450340	0.089799)
(18.000000	1.470043	0.090548)
(18.250000	1.467856	0.094623)
(18.500000	1.468164	0.098338)
(18.750000	1.480477	0.100156)
(19.000000	1.487896	0.102783)
(19.250000	1.478321	0.108116)
(19.500000	1.472347	0.112970)
(19.750000	1.472008	0.116916)
(20.000000	1.496606	0.116556)
(20.250000	1.479457	0.123408)
(20.500000	1.462216	0.130569)
(20.750000	1.442850	0.138399)
(21.000000	1.420345	0.147229)
(21.250000	1.392759	0.157686)
(21.500000	1.359448	0.170121)
(26.392857	1.217781	0.252550)
(31.285714	1.122408	0.346450)
(36.178571	1.047534	0.449093)
(41.071429	0.979433	0.557497)
(45.964286	0.910317	0.668514)
(50.857143	0.835746	0.778918)
(55.750000	0.753403	0.885504)
(60.642857	0.662441	0.985178)
(65.535714	0.563110	1.075047)
(70.428571	0.456509	1.152504)
(75.321429	0.344409	1.215302)
(80.214286	0.229108	1.261624)
(85.107143	0.113308	1.290130)
(90.000000	0.000000	1.300000)
(94.892857	-0.079316	1.290130)
(99.785714	-0.160376	1.261624)
(104.678571	-0.241086	1.215302)
(109.571429	-0.319556	1.152504)
(114.464286	-0.394177	1.075047)
(119.357143	-0.463709	0.985178)
(124.250000	-0.527382	0.885504)
(129.142857	-0.585022	0.778918)
(134.035714	-0.637222	0.668514)
(138.928571	-0.685603	0.557497)
(143.821429	-0.733274	0.449093)
(148.714286	-0.785685	0.346450)
(153.607143	-0.852446	0.252550)
(158.500000	-0.951614	0.170121)
(160.035714	-0.883641	0.147006)
(161.571429	-0.815669	0.125326)
(163.107143	-0.747696	0.105143)
(164.642857	-0.679724	0.086516)
(166.178571	-0.611752	0.069498)
(167.714286	-0.543779	0.054137)
(169.250000	-0.475807	0.040478)
(170.785714	-0.407834	0.028560)
(172.321429	-0.339862	0.018417)
(173.857143	-0.271890	0.010078)
(175.392857	-0.203917	0.003567)
(176.928571	-0.135945	0.001000)
(178.464286	-0.067972	0.001000)
(180.000000	0.000000	0.001000)
