// Re = 0.2
(-180.000000	0.000000	0.010290)
(-178.482143	0.066307	0.011198)
(-176.964286	0.132613	0.013921)
(-175.446429	0.198920	0.018451)
(-173.928571	0.265226	0.024775)
(-172.410714	0.331533	0.032875)
(-170.892857	0.397839	0.042729)
(-169.375000	0.464146	0.054308)
(-167.857143	0.530452	0.067581)
(-166.339286	0.596759	0.082509)
(-164.821429	0.663065	0.099051)
(-163.303571	0.729372	0.117160)
(-161.785714	0.795679	0.136786)
(-160.267857	0.861985	0.157872)
(-158.750000	0.928292	0.180360)
(-153.839286	0.833493	0.261936)
(-148.928571	0.770533	0.355089)
(-144.017857	0.721375	0.457080)
(-139.107143	0.676472	0.564909)
(-134.196429	0.630427	0.675403)
(-129.285714	0.580175	0.785310)
(-124.375000	0.524124	0.891394)
(-119.464286	0.461711	0.990530)
(-114.553571	0.393133	1.079796)
(-109.642857	0.319184	1.156558)
(-104.732143	0.241129	1.218547)
(-99.821429	0.160601	1.263929)
(-94.910714	0.079518	1.291355)
(-90.000000	0.000000	1.300000)
(-85.089286	-0.079518	1.291355)
(-80.178571	-0.160601	1.263929)
(-75.267857	-0.241129	1.218547)
(-70.357143	-0.319184	1.156558)
(-65.446429	-0.393133	1.079796)
(-60.535714	-0.461711	0.990530)
(-55.625000	-0.524124	0.891394)
(-50.714286	-0.580175	0.785310)
(-45.803571	-0.630427	0.675403)
(-40.892857	-0.676472	0.564909)
(-35.982143	-0.721375	0.457080)
(-31.071429	-0.770533	0.355089)
(-26.160714	-0.833493	0.261936)
(-21.250000	-0.928292	0.180360)
(-20.089286	-0.879325	0.168527)
(-18.928571	-0.830358	0.156694)
(-17.767857	-0.781391	0.144862)
(-16.607143	-0.732424	0.133029)
(-15.446429	-0.683458	0.121196)
(-14.285714	-0.634491	0.109363)
(-13.125000	-0.585524	0.097531)
(-11.964286	-0.536557	0.085698)
(-10.803571	-0.487590	0.073865)
(-9.642857	-0.438623	0.062032)
(-8.482143	-0.389657	0.050199)
(-7.321429	-0.340690	0.038367)
(-5.000000	-0.242756	0.014701)
(-4.750000	-0.215114	0.014812)
(-4.500000	-0.187199	0.014953)
(-4.250000	-0.159283	0.015044)
(-4.000000	-0.131733	0.015205)
(-3.750000	-0.104000	0.015357)
(-3.500000	-0.075902	0.015458)
(-3.250000	-0.048078	0.015538)
(-3.000000	-0.020254	0.015589)
(-2.750000	0.008025	0.015609)
(-2.500000	0.036578	0.015589)
(-2.250000	0.064220	0.015639)
(-2.000000	0.092409	0.015649)
(-1.750000	0.121235	0.015619)
(-1.500000	0.149333	0.015619)
(-1.250000	0.177248	0.015659)
(-1.000000	0.206165	0.015629)
(-0.750000	0.234263	0.015649)
(-0.500000	0.262178	0.015690)
(-0.250000	0.291095	0.015680)
(0.000000	0.319102	0.015720)
(0.250000	0.347290	0.015760)
(0.500000	0.375843	0.015781)
(0.750000	0.403849	0.015841)
(1.000000	0.432585	0.015861)
(1.250000	0.460227	0.015942)
(1.500000	0.488506	0.016013)
(1.750000	0.516968	0.016053)
(2.000000	0.544154	0.016154)
(2.250000	0.572707	0.016225)
(2.500000	0.600714	0.016285)
(2.750000	0.627627	0.016406)
(3.000000	0.656088	0.016467)
(3.250000	0.684368	0.016537)
(3.500000	0.710734	0.016669)
(3.750000	0.738558	0.016739)
(4.000000	0.766565	0.016800)
(4.250000	0.793204	0.016931)
(4.500000	0.820573	0.017022)
(4.750000	0.848761	0.017042)
(5.000000	0.874945	0.017123)
(5.250000	0.901038	0.017183)
(5.500000	0.927222	0.017193)
(5.750000	0.953406	0.017203)
(6.000000	0.979225	0.017224)
(6.250000	1.004863	0.017203)
(6.500000	1.030409	0.017113)
(6.750000	1.053586	0.017042)
(7.000000	1.076854	0.016961)
(7.250000	1.099758	0.016931)
(7.500000	1.121477	0.016951)
(7.750000	1.142194	0.016961)
(8.000000	1.161088	0.016992)
(8.250000	1.178707	0.017052)
(8.500000	1.194686	0.017133)
(8.750000	1.208205	0.017224)
(9.000000	1.219081	0.017345)
(9.250000	1.234604	0.017547)
(9.500000	1.249672	0.018273)
(9.750000	1.259272	0.019353)
(10.000000	1.263223	0.020846)
(10.250000	1.264168	0.022673)
(10.500000	1.262561	0.024822)
(10.750000	1.260043	0.027214)
(11.000000	1.256978	0.029808)
(11.250000	1.254187	0.032522)
(11.500000	1.252306	0.035277)
(11.750000	1.251337	0.038032)
(12.000000	1.251735	0.040747)
(12.250000	1.253864	0.043360)
(12.500000	1.256448	0.045994)
(12.750000	1.259944	0.048598)
(13.000000	1.264898	0.051090)
(13.250000	1.271127	0.053482)
(13.500000	1.278449	0.055793)
(13.750000	1.286501	0.058033)
(14.000000	1.295281	0.060193)
(14.250000	1.305246	0.062191)
(14.500000	1.315667	0.064209)
(14.750000	1.326452	0.066197)
(15.000000	1.339697	0.067781)
(15.250000	1.350482	0.069840)
(15.500000	1.363819	0.071495)
(15.750000	1.376700	0.073261)
(16.000000	1.389307	0.075087)
(16.250000	1.402552	0.076823)
(16.500000	1.414795	0.078751)
(16.750000	1.425580	0.080890)
(17.000000	1.441195	0.082343)
(17.250000	1.445875	0.085421)
(17.500000	1.462583	0.086703)
(17.750000	1.466989	0.089851)
(18.000000	1.469847	0.093232)
(18.250000	1.485553	0.094634)
(18.500000	1.488228	0.098075)
(18.750000	1.482612	0.102808)
(19.000000	1.483010	0.106643)
(19.250000	1.505549	0.106875)
(19.500000	1.496380	0.112284)
(19.750000	1.482654	0.118591)
(20.000000	1.469293	0.125060)
(20.250000	1.455294	0.131861)
(20.500000	1.438653	0.139430)
(20.750000	1.413993	0.149077)
(21.000000	1.373752	0.162993)
(21.250000	1.326131	0.180360)
(26.160714	1.190704	0.261936)
(31.071429	1.100762	0.355089)
(35.982143	1.030535	0.457080)
(40.892857	0.966388	0.564909)
(45.803571	0.900610	0.675403)
(50.714286	0.828821	0.785310)
(55.625000	0.748749	0.891394)
(60.535714	0.659587	0.990530)
(65.446429	0.561619	1.079796)
(70.357143	0.455978	1.156558)
(75.267857	0.344470	1.218547)
(80.178571	0.229430	1.263929)
(85.089286	0.113598	1.291355)
(90.000000	0.000000	1.300000)
(94.910714	-0.079518	1.291355)
(99.821429	-0.160601	1.263929)
(104.732143	-0.241129	1.218547)
(109.642857	-0.319184	1.156558)
(114.553571	-0.393133	1.079796)
(119.464286	-0.461711	0.990530)
(124.375000	-0.524124	0.891394)
(129.285714	-0.580175	0.785310)
(134.196429	-0.630427	0.675403)
(139.107143	-0.676472	0.564909)
(144.017857	-0.721375	0.457080)
(148.928571	-0.770533	0.355089)
(153.839286	-0.833493	0.261936)
(158.750000	-0.928292	0.180360)
(160.267857	-0.861985	0.157872)
(161.785714	-0.795679	0.136786)
(163.303571	-0.729372	0.117160)
(164.821429	-0.663065	0.099051)
(166.339286	-0.596759	0.082509)
(167.857143	-0.530452	0.067581)
(169.375000	-0.464146	0.054308)
(170.892857	-0.397839	0.042729)
(172.410714	-0.331533	0.032875)
(173.928571	-0.265226	0.024775)
(175.446429	-0.198920	0.018451)
(176.964286	-0.132613	0.013921)
(178.482143	-0.066307	0.011198)
(180.000000	0.000000	0.010290)
