// Re = 0.02
(-180.000000	-0.000000	4.014086)
(-177.928571	-0.940434	4.017460)
(-175.857143	-1.880869	4.027551)
(-173.785714	-2.821303	4.044277)
(-171.714286	-3.761738	4.067499)
(-169.642857	-4.702172	4.097025)
(-167.571429	-5.642606	4.132606)
(-165.500000	-6.583041	4.173946)
(-163.428571	-7.523475	4.220696)
(-161.357143	-8.463910	4.272458)
(-159.285714	-9.404344	4.328792)
(-157.214286	-10.344778	4.389210)
(-155.142857	-11.285213	4.453186)
(-153.071429	-12.225647	4.520156)
(-151.000000	-13.166082	4.589522)
(-146.642857	-10.207179	4.740407)
(-142.285714	-7.864743	4.892857)
(-137.928571	-5.974001	5.040281)
(-133.571429	-4.433269	5.175888)
(-129.214286	-3.176451	5.292862)
(-124.857143	-2.158596	5.384539)
(-120.500000	-1.347813	5.444586)
(-116.142857	-0.720538	5.467172)
(-111.785714	-0.258652	5.447125)
(-107.428571	0.052305	5.380081)
(-103.071429	0.224260	5.262612)
(-98.714286	0.267299	5.092335)
(-94.357143	0.190071	4.867995)
(-90.000000	0.000000	4.589522)
(-85.642857	-0.190071	4.867995)
(-81.285714	-0.267299	5.092335)
(-76.928571	-0.224260	5.262612)
(-72.571429	-0.052305	5.380081)
(-68.214286	0.258652	5.447125)
(-63.857143	0.720538	5.467172)
(-59.500000	1.347813	5.444586)
(-55.142857	2.158596	5.384539)
(-50.785714	3.176451	5.292862)
(-46.428571	4.433269	5.175888)
(-42.071429	5.974001	5.040281)
(-37.714286	7.864743	4.892857)
(-33.357143	10.207179	4.740407)
(-29.000000	13.166082	4.589522)
(-27.285714	12.186295	4.272205)
(-25.571429	11.206509	3.954889)
(-23.857143	10.226722	3.637572)
(-22.142857	9.246935	3.320255)
(-20.428571	8.267149	3.002939)
(-18.714286	7.287362	2.685622)
(-17.000000	6.307576	2.368305)
(-15.285714	5.327789	2.050989)
(-13.571429	4.348003	1.733672)
(-11.857143	3.368216	1.416356)
(-10.142857	2.388430	1.099039)
(-8.428571	1.408643	0.781722)
(-5.000000	-0.550930	0.147089)
(-4.750000	-0.484484	0.141991)
(-4.500000	-0.422364	0.136892)
(-4.250000	-0.364572	0.131959)
(-4.000000	-0.312549	0.127189)
(-3.750000	-0.264852	0.122420)
(-3.500000	-0.221483	0.117815)
(-3.250000	-0.182441	0.113374)
(-3.000000	-0.147725	0.108934)
(-2.750000	-0.115895	0.104658)
(-2.500000	-0.086949	0.100546)
(-2.250000	-0.059445	0.096435)
(-2.000000	-0.036268	0.092323)
(-1.750000	-0.013092	0.088376)
(-1.500000	0.008643	0.084429)
(-1.250000	0.030377	0.080482)
(-1.000000	0.050669	0.076535)
(-0.750000	0.072404	0.072588)
(-0.500000	0.094138	0.068476)
(-0.250000	0.115873	0.064200)
(0.000000	0.140492	0.059760)
(0.250000	0.167996	0.055155)
(0.500000	0.196942	0.050057)
(0.750000	0.228772	0.044630)
(1.000000	0.262045	0.038873)
(1.250000	0.299645	0.032459)
(1.500000	0.338688	0.025716)
(1.750000	0.380614	0.018151)
(2.000000	0.422541	0.010257)
(2.250000	0.460141	0.002034)
(2.500000	0.490530	0.001000)
(2.750000	0.489187	0.001000)
(3.000000	0.424382	0.001000)
(3.250000	0.288904	0.001000)
(3.500000	0.098617	0.001000)
(3.750000	-0.130612	0.009928)
(4.000000	-0.387245	0.025881)
(4.250000	-0.658302	0.044630)
(4.500000	-0.936570	0.065516)
(4.750000	-1.219165	0.088376)
(5.000000	-1.501760	0.113046)
(5.250000	-1.781470	0.139030)
(5.500000	-2.056854	0.166495)
(5.750000	-2.327910	0.195112)
(6.000000	-2.593198	0.224879)
(6.250000	-2.852716	0.255963)
(6.500000	-3.106464	0.288033)
(6.750000	-3.353001	0.321254)
(7.000000	-3.595211	0.355626)
(7.250000	-3.830210	0.390985)
(7.500000	-4.060882	0.427660)
(7.750000	-4.284341	0.465322)
(8.000000	-4.503474	0.504135)
(8.250000	-4.718280	0.543935)
(8.500000	-4.927317	0.585050)
(8.750000	-5.132027	0.627152)
(9.000000	-5.330968	0.670241)
(9.250000	-5.527023	0.714481)
(9.500000	-5.718752	0.759873)
(9.750000	-6.040290	0.827960)
(10.000000	-6.560868	0.929926)
(10.250000	-6.938656	1.004427)
(10.500000	-7.312117	1.082710)
(10.750000	-7.642309	1.155073)
(11.000000	-7.927789	1.219049)
(11.250000	-8.175768	1.276282)
(11.500000	-8.410767	1.332856)
(11.750000	-8.673169	1.399299)
(12.000000	-8.935572	1.466399)
(12.250000	-9.115762	1.514422)
(12.500000	-9.389703	1.589910)
(12.750000	-9.541047	1.631683)
(13.000000	-9.806334	1.708486)
(13.250000	-9.943255	1.748779)
(13.500000	-10.149407	1.809630)
(13.750000	-10.375752	1.879526)
(14.000000	-10.527096	1.926562)
(14.250000	-10.692863	1.978861)
(14.500000	-10.868726	2.034613)
(14.750000	-11.054686	2.094477)
(15.000000	-11.259396	2.160426)
(15.250000	-11.364585	2.193483)
(15.750000	-11.722082	2.310744)
(16.000000	-11.848906	2.352353)
(16.250000	-12.027654	2.410079)
(16.500000	-12.186210	2.463200)
(16.750000	-12.315919	2.503493)
(17.000000	-12.506205	2.566482)
(17.250000	-12.663319	2.619438)
(17.750000	-12.935718	2.702985)
(18.000000	-13.107254	2.759889)
(18.500000	-13.425808	2.865144)
(18.750000	-13.554074	2.903628)
(19.000000	-13.690995	2.945072)
(19.250000	-13.833685	2.989806)
(19.500000	-13.980702	3.036184)
(19.750000	-14.129162	3.082233)
(20.000000	-14.277621	3.130749)
(20.250000	-14.426080	3.176963)
(20.500000	-14.571655	3.223341)
(20.750000	-14.717230	3.268075)
(21.000000	-14.857035	3.313137)
(21.250000	-14.996840	3.356390)
(21.500000	-15.133761	3.398821)
(21.750000	-15.267797	3.440595)
(22.000000	-15.401833	3.482039)
(22.250000	-15.535869	3.523319)
(22.500000	-15.671348	3.566079)
(22.750000	-15.809711	3.611799)
(23.000000	-15.953843	3.659822)
(23.250000	-16.105187	3.713436)
(23.500000	-16.249320	3.762939)
(23.750000	-16.348740	3.782346)
(24.000000	-16.459699	3.813264)
(24.250000	-16.586524	3.854544)
(24.500000	-16.730656	3.906843)
(24.750000	-16.886327	3.967529)
(25.000000	-16.969882	3.976081)
(25.250000	-17.080841	4.009467)
(25.500000	-17.222088	4.063575)
(25.750000	-17.359009	4.110940)
(26.000000	-17.442564	4.123439)
(26.250000	-17.567946	4.169981)
(26.500000	-17.720733	4.235766)
(26.750000	-17.791307	4.235272)
(27.000000	-17.915246	4.281815)
(27.250000	-18.047840	4.331482)
(27.500000	-18.127068	4.342337)
(27.750000	-18.266874	4.404832)
(28.000000	-18.353313	4.418483)
(28.250000	-18.462830	4.458940)
(28.500000	-18.583885	4.502358)
(28.750000	-18.665998	4.520284)
(29.000000	-18.808688	4.589522)
(33.357143	-14.581685	4.740407)
(37.714286	-11.235348	4.892857)
(42.071429	-8.534288	5.040281)
(46.428571	-6.333241	5.175888)
(50.785714	-4.537787	5.292862)
(55.142857	-3.083709	5.384539)
(59.500000	-1.925447	5.444586)
(63.857143	-1.029340	5.467172)
(68.214286	-0.369503	5.447125)
(72.571429	0.074722	5.380081)
(76.928571	0.320372	5.262612)
(81.285714	0.381855	5.092335)
(85.642857	0.271530	4.867995)
(90.000000	0.000000	4.589522)
(94.357143	-0.190071	4.867995)
(98.714286	-0.267299	5.092335)
(103.071429	-0.224260	5.262612)
(107.428571	-0.052305	5.380081)
(111.785714	0.258652	5.447125)
(116.142857	0.720538	5.467172)
(120.500000	1.347813	5.444586)
(124.857143	2.158596	5.384539)
(129.214286	3.176451	5.292862)
(133.571429	4.433269	5.175888)
(137.928571	5.974001	5.040281)
(142.285714	7.864743	4.892857)
(146.642857	10.207179	4.740407)
(151.000000	13.166082	4.589522)
(153.071429	12.225647	4.520156)
(155.142857	11.285213	4.453186)
(157.214286	10.344778	4.389210)
(159.285714	9.404344	4.328792)
(161.357143	8.463910	4.272458)
(163.428571	7.523475	4.220696)
(165.500000	6.583041	4.173946)
(167.571429	5.642606	4.132606)
(169.642857	4.702172	4.097025)
(171.714286	3.761738	4.067499)
(173.785714	2.821303	4.044277)
(175.857143	1.880869	4.027551)
(177.928571	0.940434	4.017460)
(180.000000	-0.000000	4.014086)
