// Re = 0.22
(-180.000000	0.000000	0.001000)
(-178.446429	0.068070	0.001000)
(-176.892857	0.136139	0.001000)
(-175.339286	0.204209	0.001000)
(-173.785714	0.272278	0.001000)
(-172.232143	0.340348	0.003678)
(-170.678571	0.408417	0.014117)
(-169.125000	0.476487	0.026381)
(-167.571429	0.544556	0.040435)
(-166.017857	0.612626	0.056237)
(-164.464286	0.680696	0.073742)
(-162.910714	0.748765	0.092899)
(-161.357143	0.816835	0.113650)
(-159.803571	0.884904	0.135936)
(-158.250000	0.952974	0.159692)
(-153.375000	0.854620	0.242980)
(-148.500000	0.787769	0.337634)
(-143.625000	0.734920	0.440938)
(-138.750000	0.686702	0.549928)
(-133.875000	0.637778	0.661479)
(-129.000000	0.585103	0.772395)
(-124.125000	0.527085	0.879498)
(-119.250000	0.463150	0.979726)
(-114.375000	0.393475	1.070215)
(-109.500000	0.318825	1.148383)
(-104.625000	0.240429	1.212008)
(-99.750000	0.159879	1.259286)
(-94.875000	0.079046	1.288890)
(-90.000000	0.000000	1.300000)
(-85.125000	-0.079046	1.288890)
(-80.250000	-0.159879	1.259286)
(-75.375000	-0.240429	1.212008)
(-70.500000	-0.318825	1.148383)
(-65.625000	-0.393475	1.070215)
(-60.750000	-0.463150	0.979726)
(-55.875000	-0.527085	0.879498)
(-51.000000	-0.585103	0.772395)
(-46.125000	-0.637778	0.661479)
(-41.250000	-0.686702	0.549928)
(-36.375000	-0.734920	0.440938)
(-31.500000	-0.787769	0.337634)
(-26.625000	-0.854620	0.242980)
(-21.750000	-0.952974	0.159692)
(-20.553571	-0.902277	0.149271)
(-19.357143	-0.851580	0.138851)
(-18.160714	-0.800883	0.128430)
(-16.964286	-0.750186	0.118009)
(-15.767857	-0.699489	0.107588)
(-14.571429	-0.648792	0.097168)
(-13.375000	-0.598095	0.086747)
(-12.178571	-0.547398	0.076326)
(-10.982143	-0.496701	0.065906)
(-9.785714	-0.446004	0.055485)
(-8.589286	-0.395307	0.045064)
(-7.392857	-0.344610	0.034643)
(-5.000000	-0.243216	0.013802)
(-4.750000	-0.215298	0.013880)
(-4.500000	-0.187188	0.013977)
(-4.250000	-0.158984	0.014055)
(-4.000000	-0.131160	0.014162)
(-3.750000	-0.103147	0.014279)
(-3.500000	-0.074751	0.014367)
(-3.250000	-0.046737	0.014445)
(-3.000000	-0.018628	0.014493)
(-2.750000	0.009959	0.014503)
(-2.500000	0.038546	0.014503)
(-2.250000	0.066846	0.014513)
(-2.000000	0.095146	0.014542)
(-1.750000	0.124019	0.014523)
(-1.500000	0.152415	0.014523)
(-1.250000	0.180715	0.014552)
(-1.000000	0.209588	0.014542)
(-0.750000	0.238174	0.014552)
(-0.500000	0.266474	0.014591)
(-0.250000	0.295252	0.014601)
(0.000000	0.323838	0.014620)
(0.250000	0.352329	0.014659)
(0.500000	0.380725	0.014698)
(0.750000	0.409216	0.014747)
(1.000000	0.437993	0.014776)
(1.250000	0.465912	0.014844)
(1.500000	0.494499	0.014902)
(1.750000	0.522799	0.014961)
(2.000000	0.550622	0.015039)
(2.250000	0.579686	0.015097)
(2.500000	0.607222	0.015175)
(2.750000	0.634855	0.015272)
(3.000000	0.664014	0.015321)
(3.250000	0.691360	0.015418)
(3.500000	0.718419	0.015516)
(3.750000	0.747101	0.015574)
(4.000000	0.774543	0.015672)
(4.250000	0.801793	0.015769)
(4.500000	0.828948	0.015847)
(4.750000	0.857153	0.015896)
(5.000000	0.883449	0.015973)
(5.250000	0.909936	0.016012)
(5.500000	0.936423	0.016042)
(5.750000	0.962815	0.016071)
(6.000000	0.988825	0.016100)
(6.250000	1.014549	0.016090)
(6.500000	1.039700	0.016022)
(6.750000	1.062370	0.016003)
(7.000000	1.086280	0.015973)
(7.250000	1.108187	0.016022)
(7.500000	1.130093	0.016061)
(7.750000	1.150568	0.016129)
(8.000000	1.170375	0.016207)
(8.250000	1.188274	0.016324)
(8.500000	1.203977	0.016470)
(8.750000	1.217009	0.016655)
(9.000000	1.227177	0.016898)
(9.250000	1.232098	0.017152)
(9.500000	1.241789	0.017707)
(9.750000	1.250049	0.018895)
(10.000000	1.253156	0.020433)
(10.250000	1.253018	0.022254)
(10.500000	1.251163	0.024338)
(10.750000	1.248162	0.026626)
(11.000000	1.245066	0.029050)
(11.250000	1.242161	0.031592)
(11.500000	1.240306	0.034133)
(11.750000	1.239309	0.036694)
(12.000000	1.238981	0.039255)
(12.250000	1.240084	0.041747)
(12.500000	1.241473	0.044299)
(12.750000	1.243912	0.046791)
(13.000000	1.247687	0.049216)
(13.250000	1.252702	0.051572)
(13.500000	1.258386	0.053870)
(13.750000	1.264737	0.056129)
(14.000000	1.271661	0.058330)
(14.250000	1.279540	0.060413)
(14.500000	1.287895	0.062536)
(14.750000	1.297300	0.064483)
(15.000000	1.307183	0.066392)
(15.250000	1.317065	0.068349)
(15.500000	1.330001	0.069829)
(15.750000	1.338643	0.072039)
(16.000000	1.354347	0.073159)
(16.250000	1.360889	0.075701)
(16.500000	1.375925	0.076966)
(16.750000	1.382849	0.079459)
(17.000000	1.394544	0.081241)
(17.250000	1.405763	0.083101)
(17.500000	1.411065	0.085856)
(17.750000	1.428390	0.086830)
(18.000000	1.429302	0.090228)
(18.250000	1.432600	0.093276)
(18.500000	1.448590	0.094425)
(18.750000	1.448262	0.098018)
(19.000000	1.443830	0.102283)
(19.250000	1.446555	0.105438)
(19.500000	1.468843	0.105515)
(19.750000	1.454009	0.111436)
(20.000000	1.441561	0.117151)
(20.250000	1.430640	0.122731)
(20.500000	1.421246	0.128125)
(20.750000	1.416718	0.132730)
(21.000000	1.437193	0.132682)
(21.250000	1.414057	0.140832)
(21.500000	1.389108	0.149731)
(21.750000	1.361391	0.159692)
(26.625000	1.220886	0.242980)
(31.500000	1.125385	0.337634)
(36.375000	1.049886	0.440938)
(41.250000	0.981003	0.549928)
(46.125000	0.911111	0.661479)
(51.000000	0.835861	0.772395)
(55.875000	0.752979	0.879498)
(60.750000	0.661642	0.979726)
(65.625000	0.562107	1.070215)
(70.500000	0.455464	1.148383)
(75.375000	0.343470	1.212008)
(80.250000	0.228398	1.259286)
(85.125000	0.112923	1.288890)
(90.000000	0.000000	1.300000)
(94.875000	-0.079046	1.288890)
(99.750000	-0.159879	1.259286)
(104.625000	-0.240429	1.212008)
(109.500000	-0.318825	1.148383)
(114.375000	-0.393475	1.070215)
(119.250000	-0.463150	0.979726)
(124.125000	-0.527085	0.879498)
(129.000000	-0.585103	0.772395)
(133.875000	-0.637778	0.661479)
(138.750000	-0.686702	0.549928)
(143.625000	-0.734920	0.440938)
(148.500000	-0.787769	0.337634)
(153.375000	-0.854620	0.242980)
(158.250000	-0.952974	0.159692)
(159.803571	-0.884904	0.135936)
(161.357143	-0.816835	0.113650)
(162.910714	-0.748765	0.092899)
(164.464286	-0.680696	0.073742)
(166.017857	-0.612626	0.056237)
(167.571429	-0.544556	0.040435)
(169.125000	-0.476487	0.026381)
(170.678571	-0.408417	0.014117)
(172.232143	-0.340348	0.003678)
(173.785714	-0.272278	0.001000)
(175.339286	-0.204209	0.001000)
(176.892857	-0.136139	0.001000)
(178.446429	-0.068070	0.001000)
(180.000000	0.000000	0.001000)
