// Re = 0.1
(-180.000000	0.000000	0.030550)
(-178.892857	0.050095	0.031029)
(-177.785714	0.100190	0.032468)
(-176.678571	0.150285	0.034862)
(-175.571429	0.200380	0.038210)
(-174.464286	0.250475	0.042505)
(-173.357143	0.300570	0.047741)
(-172.250000	0.350665	0.053911)
(-171.142857	0.400760	0.061005)
(-170.035714	0.450855	0.069012)
(-168.928571	0.500950	0.077921)
(-167.821429	0.551045	0.087717)
(-166.714286	0.601140	0.098387)
(-165.607143	0.651235	0.109914)
(-164.500000	0.701330	0.122280)
(-159.178571	0.632661	0.192809)
(-153.857143	0.605741	0.279804)
(-148.535714	0.592478	0.380242)
(-143.214286	0.580376	0.490634)
(-137.892857	0.563002	0.607139)
(-132.571429	0.536887	0.725704)
(-127.250000	0.500311	0.842197)
(-121.928571	0.452743	0.952554)
(-116.607143	0.394552	1.052918)
(-111.285714	0.326819	1.139773)
(-105.964286	0.251206	1.210063)
(-100.642857	0.169838	1.261300)
(-95.321429	0.085193	1.291652)
(-90.000000	0.000000	1.300000)
(-84.678571	-0.085193	1.291652)
(-79.357143	-0.169838	1.261300)
(-74.035714	-0.251206	1.210063)
(-68.714286	-0.326819	1.139773)
(-63.392857	-0.394552	1.052918)
(-58.071429	-0.452743	0.952554)
(-52.750000	-0.500311	0.842197)
(-47.428571	-0.536887	0.725704)
(-42.107143	-0.563002	0.607139)
(-36.785714	-0.580376	0.490634)
(-31.464286	-0.592478	0.380242)
(-26.142857	-0.605741	0.279804)
(-20.821429	-0.632661	0.192809)
(-15.500000	-0.701330	0.122280)
(-14.750000	-0.671206	0.116071)
(-14.000000	-0.641083	0.109861)
(-13.250000	-0.610959	0.103652)
(-12.500000	-0.580836	0.097443)
(-11.750000	-0.550712	0.091234)
(-11.000000	-0.520589	0.085024)
(-10.250000	-0.490465	0.078815)
(-9.500000	-0.460341	0.072606)
(-8.750000	-0.430218	0.066396)
(-8.000000	-0.400094	0.060187)
(-7.250000	-0.369971	0.053978)
(-6.500000	-0.339847	0.047769)
(-5.000000	-0.279600	0.035350)
(-4.750000	-0.240600	0.036110)
(-4.500000	-0.242800	0.037200)
(-4.250000	-0.221900	0.038090)
(-3.750000	-0.173900	0.039970)
(-3.000000	-0.150800	0.042610)
(-2.750000	-0.151400	0.043700)
(-2.500000	-0.127700	0.044670)
(-2.250000	-0.131100	0.045860)
(-2.000000	-0.101200	0.045930)
(-1.750000	-0.103200	0.047070)
(-1.500000	-0.076200	0.047250)
(-1.250000	-0.072700	0.048150)
(-1.000000	-0.048700	0.048450)
(-0.750000	-0.044200	0.049460)
(-0.500000	-0.014800	0.049540)
(-0.250000	-0.012300	0.050730)
(0.000000	0.009300	0.051220)
(0.500000	0.034000	0.052990)
(0.750000	0.067100	0.053010)
(1.000000	0.064000	0.054720)
(1.250000	0.092000	0.055020)
(1.500000	0.099100	0.056410)
(1.750000	0.117100	0.057210)
(2.000000	0.036400	0.066030)
(2.250000	0.041300	0.067170)
(2.500000	0.185900	0.059420)
(2.750000	0.106600	0.067220)
(3.000000	0.135500	0.068340)
(3.250000	0.116900	0.071540)
(3.500000	0.140500	0.072490)
(3.750000	0.148200	0.073750)
(4.000000	0.182300	0.074930)
(4.250000	0.183200	0.076080)
(4.500000	0.222000	0.077580)
(4.750000	0.221300	0.078550)
(5.000000	0.235800	0.080060)
(5.250000	0.263700	0.081220)
(5.500000	0.267900	0.082560)
(5.750000	0.291500	0.084190)
(6.000000	0.307900	0.085260)
(6.250000	0.313500	0.086720)
(6.500000	0.334500	0.088350)
(6.750000	0.356100	0.089560)
(7.000000	0.359000	0.090990)
(7.250000	0.369700	0.092580)
(7.500000	0.403900	0.093890)
(8.000000	0.414200	0.096890)
(8.250000	0.424100	0.098510)
(8.500000	0.441600	0.100050)
(8.750000	0.465100	0.101190)
(9.250000	0.493400	0.103490)
(9.500000	0.501900	0.104660)
(9.750000	0.577600	0.096440)
(10.000000	0.599100	0.097340)
(10.250000	0.626800	0.098760)
(10.500000	0.652800	0.100190)
(10.750000	0.677200	0.101620)
(11.000000	0.700400	0.103030)
(11.750000	0.743000	0.108840)
(12.000000	0.781200	0.108380)
(12.250000	0.778400	0.111690)
(12.750000	0.813600	0.114120)
(13.250000	0.848700	0.116190)
(13.750000	0.883600	0.117900)
(14.250000	0.918300	0.119350)
(14.500000	0.935400	0.119990)
(15.500000	1.001900	0.122280)
(20.821429	0.903801	0.192809)
(26.142857	0.865345	0.279804)
(31.464286	0.846398	0.380242)
(36.785714	0.829109	0.490634)
(42.107143	0.804289	0.607139)
(47.428571	0.766982	0.725704)
(52.750000	0.714730	0.842197)
(58.071429	0.646776	0.952554)
(63.392857	0.563645	1.052918)
(68.714286	0.466884	1.139773)
(74.035714	0.358866	1.210063)
(79.357143	0.242626	1.261300)
(84.678571	0.121705	1.291652)
(90.000000	0.000000	1.300000)
(95.321429	-0.085193	1.291652)
(100.642857	-0.169838	1.261300)
(105.964286	-0.251206	1.210063)
(111.285714	-0.326819	1.139773)
(116.607143	-0.394552	1.052918)
(121.928571	-0.452743	0.952554)
(127.250000	-0.500311	0.842197)
(132.571429	-0.536887	0.725704)
(137.892857	-0.563002	0.607139)
(143.214286	-0.580376	0.490634)
(148.535714	-0.592478	0.380242)
(153.857143	-0.605741	0.279804)
(159.178571	-0.632661	0.192809)
(164.500000	-0.701330	0.122280)
(165.607143	-0.651235	0.109914)
(166.714286	-0.601140	0.098387)
(167.821429	-0.551045	0.087717)
(168.928571	-0.500950	0.077921)
(170.035714	-0.450855	0.069012)
(171.142857	-0.400760	0.061005)
(172.250000	-0.350665	0.053911)
(173.357143	-0.300570	0.047741)
(174.464286	-0.250475	0.042505)
(175.571429	-0.200380	0.038210)
(176.678571	-0.150285	0.034862)
(177.785714	-0.100190	0.032468)
(178.892857	-0.050095	0.031029)
(180.000000	0.000000	0.030550)
