// Re = 0.12
(-180.000000	0.000000	0.026088)
(-178.892857	0.050790	0.026568)
(-177.785714	0.101580	0.028009)
(-176.678571	0.152370	0.030407)
(-175.571429	0.203160	0.033761)
(-174.464286	0.253950	0.038063)
(-173.357143	0.304740	0.043309)
(-172.250000	0.355530	0.049489)
(-171.142857	0.406320	0.056596)
(-170.035714	0.457110	0.064617)
(-168.928571	0.507900	0.073541)
(-167.821429	0.558690	0.083355)
(-166.714286	0.609480	0.094044)
(-165.607143	0.660270	0.105591)
(-164.500000	0.711060	0.117980)
(-159.178571	0.639543	0.188638)
(-153.857143	0.610863	0.275798)
(-148.535714	0.596382	0.376436)
(-143.214286	0.583376	0.487060)
(-137.892857	0.565301	0.603829)
(-132.571429	0.538627	0.722685)
(-127.250000	0.501600	0.839496)
(-121.928571	0.453666	0.950194)
(-116.607143	0.395180	1.050919)
(-111.285714	0.327215	1.138153)
(-105.964286	0.251427	1.208835)
(-100.642857	0.169935	1.260476)
(-95.321429	0.085218	1.291238)
(-90.000000	0.000000	1.300000)
(-84.678571	-0.085218	1.291238)
(-79.357143	-0.169935	1.260476)
(-74.035714	-0.251427	1.208835)
(-68.714286	-0.327215	1.138153)
(-63.392857	-0.395180	1.050919)
(-58.071429	-0.453666	0.950194)
(-52.750000	-0.501600	0.839496)
(-47.428571	-0.538627	0.722685)
(-42.107143	-0.565301	0.603829)
(-36.785714	-0.583376	0.487060)
(-31.464286	-0.596382	0.376436)
(-26.142857	-0.610863	0.275798)
(-20.821429	-0.639543	0.188638)
(-15.500000	-0.711060	0.117980)
(-14.750000	-0.670341	0.111872)
(-14.000000	-0.629623	0.105764)
(-13.250000	-0.588904	0.099656)
(-12.500000	-0.548186	0.093549)
(-11.750000	-0.507467	0.087441)
(-11.000000	-0.466749	0.081333)
(-10.250000	-0.426030	0.075225)
(-9.500000	-0.385311	0.069117)
(-8.750000	-0.344593	0.063009)
(-8.000000	-0.303874	0.056901)
(-7.250000	-0.263156	0.050794)
(-6.500000	-0.222437	0.044686)
(-5.000000	-0.141000	0.032470)
(-4.750000	-0.111600	0.032800)
(-4.500000	-0.065100	0.033950)
(-4.250000	-0.064300	0.034690)
(-4.000000	-0.025100	0.034940)
(-3.750000	-0.030000	0.035300)
(-3.500000	0.015100	0.036140)
(-3.000000	0.048600	0.036840)
(-2.500000	0.076400	0.037110)
(-2.000000	0.046400	0.038370)
(-1.750000	0.084500	0.038510)
(-1.500000	0.126500	0.037650)
(-0.750000	0.065200	0.042610)
(-0.500000	0.110500	0.041540)
(0.250000	0.125900	0.045470)
(0.750000	0.158900	0.047140)
(1.250000	0.167500	0.050310)
(1.750000	0.211800	0.051440)
(2.000000	0.210100	0.053930)
(2.250000	0.241100	0.053770)
(2.500000	0.231800	0.056510)
(2.750000	0.270700	0.056250)
(3.000000	0.259000	0.059110)
(3.250000	0.300800	0.058860)
(3.500000	0.287800	0.061770)
(3.750000	0.324800	0.061610)
(4.000000	0.317300	0.064500)
(4.250000	0.351700	0.064360)
(4.500000	0.346700	0.067310)
(4.750000	0.381900	0.066990)
(5.000000	0.332900	0.072480)
(5.250000	0.390200	0.071240)
(5.500000	0.406600	0.072660)
(6.000000	0.441100	0.075110)
(6.250000	0.438700	0.077570)
(6.500000	0.478900	0.077230)
(6.750000	0.472400	0.080000)
(7.250000	0.513200	0.081890)
(7.500000	0.513700	0.084320)
(8.250000	0.558600	0.088190)
(8.750000	0.581700	0.091300)
(9.000000	0.606800	0.091640)
(9.250000	0.612000	0.093640)
(9.750000	0.633000	0.096770)
(10.000000	0.661500	0.096620)
(10.250000	0.668000	0.098460)
(10.500000	0.675900	0.100180)
(11.000000	0.713900	0.101120)
(11.250000	0.723000	0.102300)
(11.500000	0.728100	0.103780)
(11.750000	0.730900	0.105020)
(12.250000	0.756800	0.107410)
(12.750000	0.798300	0.110400)
(13.000000	0.838300	0.109490)
(13.250000	0.838300	0.112920)
(13.500000	0.877100	0.111660)
(13.750000	0.893500	0.112910)
(14.250000	0.924700	0.115280)
(14.750000	0.955200	0.117430)
(15.000000	0.993000	0.115200)
(15.500000	1.015800	0.117980)
(20.821429	0.913633	0.188638)
(26.142857	0.872661	0.275798)
(31.464286	0.851974	0.376436)
(36.785714	0.833394	0.487060)
(42.107143	0.807572	0.603829)
(47.428571	0.769468	0.722685)
(52.750000	0.716571	0.839496)
(58.071429	0.648094	0.950194)
(63.392857	0.564543	1.050919)
(68.714286	0.467450	1.138153)
(74.035714	0.359181	1.208835)
(79.357143	0.242764	1.260476)
(84.678571	0.121739	1.291238)
(90.000000	0.000000	1.300000)
(95.321429	-0.085218	1.291238)
(100.642857	-0.169935	1.260476)
(105.964286	-0.251427	1.208835)
(111.285714	-0.327215	1.138153)
(116.607143	-0.395180	1.050919)
(121.928571	-0.453666	0.950194)
(127.250000	-0.501600	0.839496)
(132.571429	-0.538627	0.722685)
(137.892857	-0.565301	0.603829)
(143.214286	-0.583376	0.487060)
(148.535714	-0.596382	0.376436)
(153.857143	-0.610863	0.275798)
(159.178571	-0.639543	0.188638)
(164.500000	-0.711060	0.117980)
(165.607143	-0.660270	0.105591)
(166.714286	-0.609480	0.094044)
(167.821429	-0.558690	0.083355)
(168.928571	-0.507900	0.073541)
(170.035714	-0.457110	0.064617)
(171.142857	-0.406320	0.056596)
(172.250000	-0.355530	0.049489)
(173.357143	-0.304740	0.043309)
(174.464286	-0.253950	0.038063)
(175.571429	-0.203160	0.033761)
(176.678571	-0.152370	0.030407)
(177.785714	-0.101580	0.028009)
(178.892857	-0.050790	0.026568)
(180.000000	0.000000	0.026088)
