// Re = 0.05
(-180.000000	0.000000	0.001000)
(-177.857143	0.024700	0.001000)
(-175.714286	0.049400	0.001000)
(-173.571429	0.074100	0.001000)
(-171.428571	0.098800	0.001000)
(-169.285714	0.123500	0.001000)
(-167.142857	0.148200	0.001000)
(-165.000000	0.172900	0.011295)
(-162.857143	0.197600	0.037969)
(-160.714286	0.222300	0.067751)
(-158.571429	0.247000	0.100478)
(-156.428571	0.271700	0.135973)
(-154.285714	0.296400	0.174040)
(-152.142857	0.321100	0.214473)
(-150.000000	0.345800	0.257050)
(-145.714286	0.384573	0.347700)
(-141.428571	0.412062	0.444017)
(-137.142857	0.428319	0.543909)
(-132.857143	0.433431	0.645207)
(-128.571429	0.427601	0.745718)
(-124.285714	0.411196	0.843273)
(-120.000000	0.384757	0.935769)
(-115.714286	0.349013	1.021225)
(-111.428571	0.304867	1.097818)
(-107.142857	0.253387	1.163928)
(-102.857143	0.195784	1.218170)
(-98.571429	0.133391	1.259428)
(-94.285714	0.067634	1.286877)
(-90.000000	0.000000	1.300000)
(-85.714286	-0.067634	1.286877)
(-81.428571	-0.133391	1.259428)
(-77.142857	-0.195784	1.218170)
(-72.857143	-0.253387	1.163928)
(-68.571429	-0.304867	1.097818)
(-64.285714	-0.349013	1.021225)
(-60.000000	-0.384757	0.935769)
(-55.714286	-0.411196	0.843273)
(-51.428571	-0.427601	0.745718)
(-47.142857	-0.433431	0.645207)
(-42.857143	-0.428319	0.543909)
(-38.571429	-0.412062	0.444017)
(-34.285714	-0.384573	0.347700)
(-30.000000	-0.345800	0.257050)
(-28.214286	-0.337236	0.249916)
(-26.428571	-0.328671	0.242781)
(-24.642857	-0.320107	0.235647)
(-22.857143	-0.311543	0.228513)
(-21.071429	-0.302979	0.221379)
(-19.285714	-0.294414	0.214244)
(-17.500000	-0.285850	0.207110)
(-15.714286	-0.277286	0.199976)
(-13.928571	-0.268721	0.192841)
(-12.142857	-0.260157	0.185707)
(-10.357143	-0.251593	0.178573)
(-8.571429	-0.243029	0.171439)
(-5.000000	-0.225900	0.157170)
(-4.750000	-0.210900	0.157200)
(-4.500000	-0.212700	0.156430)
(-4.250000	-0.212500	0.156320)
(-4.000000	-0.195300	0.156250)
(-3.750000	-0.185700	0.154950)
(-3.500000	-0.180000	0.154710)
(-3.250000	-0.171900	0.154680)
(-3.000000	-0.175100	0.154510)
(-2.750000	-0.151500	0.154500)
(-2.500000	-0.146700	0.153370)
(-2.250000	-0.142100	0.153210)
(-2.000000	-0.132200	0.153270)
(-1.750000	-0.133700	0.153080)
(-1.500000	-0.118500	0.153530)
(-1.250000	-0.108900	0.152340)
(-1.000000	-0.095100	0.152560)
(-0.500000	-0.083000	0.152060)
(0.000000	-0.066200	0.151850)
(0.500000	-0.045600	0.151760)
(0.750000	-0.025600	0.152370)
(1.000000	-0.024800	0.152000)
(1.250000	-0.003100	0.152750)
(1.500000	0.001700	0.152080)
(2.250000	0.052400	0.153390)
(2.500000	0.067700	0.152950)
(2.750000	0.089800	0.153490)
(3.500000	0.173800	0.154380)
(3.750000	0.175400	0.154500)
(4.000000	0.184300	0.154980)
(4.250000	0.181800	0.154910)
(4.500000	0.191900	0.155550)
(4.750000	0.188100	0.155380)
(5.000000	0.199300	0.156160)
(5.250000	0.194400	0.155880)
(5.500000	0.206600	0.156820)
(5.750000	0.200500	0.156430)
(6.000000	0.213600	0.157550)
(6.500000	0.216500	0.157980)
(6.750000	-0.149000	0.138750)
(7.000000	-0.179400	0.136200)
(7.250000	-0.157700	0.137350)
(7.500000	-0.187900	0.134750)
(7.750000	-0.164700	0.136090)
(8.000000	-0.183900	0.134190)
(8.250000	-0.173100	0.134760)
(8.500000	-0.169600	0.134460)
(8.750000	-0.169300	0.134320)
(9.000000	-0.172200	0.133650)
(9.250000	-0.150300	0.135070)
(9.500000	-0.135600	0.135820)
(10.000000	-0.111000	0.137310)
(10.250000	-0.100500	0.137910)
(10.500000	-0.064000	0.140690)
(10.750000	-0.053500	0.141170)
(11.000000	-0.029000	0.143150)
(11.250000	-0.009800	0.144420)
(11.500000	0.008000	0.145860)
(11.750000	0.039900	0.148370)
(12.000000	0.058200	0.149640)
(12.250000	0.087600	0.152100)
(12.500000	0.112300	0.153900)
(12.750000	0.133100	0.155610)
(13.000000	0.171100	0.158900)
(13.250000	0.187700	0.159980)
(13.500000	0.211700	0.162140)
(13.750000	0.235500	0.164500)
(14.000000	0.225600	0.163590)
(14.250000	0.229900	0.164090)
(14.500000	0.218000	0.162640)
(14.750000	0.213900	0.162120)
(15.000000	0.207100	0.160860)
(15.250000	0.197200	0.159340)
(15.500000	0.195600	0.158370)
(15.750000	0.190800	0.157250)
(16.000000	0.206000	0.158790)
(16.250000	0.213000	0.159180)
(16.500000	0.223900	0.160400)
(16.750000	0.247000	0.163190)
(17.000000	0.254400	0.163820)
(17.250000	0.267300	0.165490)
(17.500000	0.290900	0.168520)
(17.750000	0.298600	0.169330)
(18.000000	0.310600	0.171000)
(18.250000	0.330900	0.173820)
(18.500000	0.342300	0.175180)
(18.750000	0.352200	0.176700)
(19.000000	0.367300	0.178940)
(19.250000	0.385000	0.181400)
(19.500000	0.392500	0.182580)
(19.750000	0.403600	0.184400)
(20.000000	0.421300	0.187150)
(20.250000	0.431900	0.188670)
(20.500000	0.439900	0.190150)
(20.750000	0.451900	0.192210)
(21.000000	0.470600	0.195130)
(21.250000	0.476000	0.196120)
(21.500000	0.484400	0.197780)
(21.750000	0.497900	0.200120)
(22.000000	0.511500	0.202320)
(22.250000	0.517300	0.203610)
(22.500000	0.526800	0.205480)
(22.750000	0.542900	0.208340)
(23.000000	0.549900	0.209550)
(23.250000	0.556700	0.211130)
(23.500000	0.568300	0.213320)
(23.750000	0.581900	0.215690)
(24.000000	0.586600	0.216900)
(24.250000	0.595000	0.218740)
(24.500000	0.609600	0.221460)
(24.750000	0.616500	0.222800)
(25.000000	0.622500	0.224340)
(25.250000	0.632400	0.226420)
(25.500000	0.647300	0.229160)
(25.750000	0.651000	0.230200)
(26.000000	0.657400	0.231840)
(26.250000	0.667000	0.233890)
(26.500000	0.680900	0.236610)
(26.750000	0.686100	0.237830)
(27.000000	0.691600	0.239350)
(27.250000	0.698900	0.241170)
(27.500000	0.708000	0.243210)
(27.750000	0.719400	0.245630)
(28.000000	0.728300	0.247550)
(28.250000	0.462300	0.239620)
(28.500000	0.466000	0.242010)
(28.750000	0.470800	0.244490)
(29.000000	0.477200	0.247190)
(29.250000	0.483300	0.249650)
(29.500000	0.485200	0.251900)
(29.750000	0.488500	0.254450)
(30.000000	0.494000	0.257050)
(34.285714	0.549389	0.347700)
(38.571429	0.588660	0.444017)
(42.857143	0.611885	0.543909)
(47.142857	0.619187	0.645207)
(51.428571	0.610859	0.745718)
(55.714286	0.587422	0.843273)
(60.000000	0.549654	0.935769)
(64.285714	0.498591	1.021225)
(68.571429	0.435525	1.097818)
(72.857143	0.361981	1.163928)
(77.142857	0.279691	1.218170)
(81.428571	0.190559	1.259428)
(85.714286	0.096620	1.286877)
(90.000000	0.000000	1.300000)
(94.285714	-0.067634	1.286877)
(98.571429	-0.133391	1.259428)
(102.857143	-0.195784	1.218170)
(107.142857	-0.253387	1.163928)
(111.428571	-0.304867	1.097818)
(115.714286	-0.349013	1.021225)
(120.000000	-0.384757	0.935769)
(124.285714	-0.411196	0.843273)
(128.571429	-0.427601	0.745718)
(132.857143	-0.433431	0.645207)
(137.142857	-0.428319	0.543909)
(141.428571	-0.412062	0.444017)
(145.714286	-0.384573	0.347700)
(150.000000	-0.345800	0.257050)
(152.142857	-0.321100	0.214473)
(154.285714	-0.296400	0.174040)
(156.428571	-0.271700	0.135973)
(158.571429	-0.247000	0.100478)
(160.714286	-0.222300	0.067751)
(162.857143	-0.197600	0.037969)
(165.000000	-0.172900	0.011295)
(167.142857	-0.148200	0.001000)
(169.285714	-0.123500	0.001000)
(171.428571	-0.098800	0.001000)
(173.571429	-0.074100	0.001000)
(175.714286	-0.049400	0.001000)
(177.857143	-0.024700	0.001000)
(180.000000	0.000000	0.001000)
