// Re = 0.07
(-180.000000	0.000000	0.001000)
(-177.857143	0.034335	0.001000)
(-175.714286	0.068670	0.001000)
(-173.571429	0.103005	0.001000)
(-171.428571	0.137340	0.001000)
(-169.285714	0.171675	0.014106)
(-167.142857	0.206010	0.033784)
(-165.000000	0.240345	0.056779)
(-162.857143	0.274680	0.082965)
(-160.714286	0.309015	0.112197)
(-158.571429	0.343350	0.144312)
(-156.428571	0.377685	0.179132)
(-154.285714	0.412020	0.216465)
(-152.142857	0.446355	0.256104)
(-150.000000	0.480690	0.297830)
(-145.714286	0.493552	0.386607)
(-141.428571	0.500225	0.480833)
(-137.142857	0.499365	0.578427)
(-132.857143	0.490184	0.677235)
(-128.571429	0.472314	0.775078)
(-124.285714	0.445733	0.869799)
(-120.000000	0.410717	0.959313)
(-115.714286	0.367803	1.041656)
(-111.428571	0.317761	1.115022)
(-107.142857	0.261563	1.177808)
(-102.857143	0.200351	1.228649)
(-98.571429	0.135411	1.266446)
(-94.285714	0.068138	1.290396)
(-90.000000	0.000000	1.300000)
(-85.714286	-0.068138	1.290396)
(-81.428571	-0.135411	1.266446)
(-77.142857	-0.200351	1.228649)
(-72.857143	-0.261563	1.177808)
(-68.571429	-0.317761	1.115022)
(-64.285714	-0.367803	1.041656)
(-60.000000	-0.410717	0.959313)
(-55.714286	-0.445733	0.869799)
(-51.428571	-0.472314	0.775078)
(-47.142857	-0.490184	0.677235)
(-42.857143	-0.499365	0.578427)
(-38.571429	-0.500225	0.480833)
(-34.285714	-0.493552	0.386607)
(-30.000000	-0.480690	0.297830)
(-28.214286	-0.492976	0.280233)
(-26.428571	-0.505263	0.262636)
(-24.642857	-0.517549	0.245039)
(-22.857143	-0.529836	0.227441)
(-21.071429	-0.542122	0.209844)
(-19.285714	-0.554409	0.192247)
(-17.500000	-0.566695	0.174650)
(-15.714286	-0.578981	0.157053)
(-13.928571	-0.591268	0.139456)
(-12.142857	-0.603554	0.121859)
(-10.357143	-0.615841	0.104261)
(-8.571429	-0.628127	0.086664)
(-5.000000	-0.652700	0.051470)
(-4.750000	-0.635700	0.053950)
(-4.500000	-0.622400	0.055280)
(-4.250000	-0.600600	0.057760)
(-4.000000	-0.588400	0.059240)
(-3.750000	-0.574300	0.060790)
(-3.500000	-0.553000	0.062800)
(-3.250000	-0.537500	0.064050)
(-3.000000	-0.526200	0.064970)
(-2.750000	-0.505700	0.066580)
(-2.500000	-0.491500	0.067460)
(-2.250000	-0.481100	0.068090)
(-2.000000	-0.455000	0.069600)
(-1.750000	-0.449100	0.069540)
(-1.500000	-0.433100	0.070110)
(-1.250000	-0.413900	0.070560)
(-1.000000	-0.402600	0.070520)
(-0.750000	-0.375700	0.071360)
(-0.500000	-0.368400	0.071190)
(-0.250000	-0.342400	0.072360)
(0.000000	-0.333900	0.071980)
(0.250000	-0.312200	0.072480)
(0.500000	-0.295200	0.072810)
(0.750000	-0.281700	0.073060)
(1.000000	-0.252200	0.073780)
(1.250000	-0.243900	0.073900)
(1.500000	-0.211600	0.075010)
(1.750000	-0.201900	0.075010)
(2.250000	-0.157600	0.076430)
(2.500000	-0.138600	0.077320)
(2.750000	-0.112000	0.078160)
(3.000000	-0.101900	0.078690)
(3.250000	-0.069100	0.080110)
(3.500000	-0.061100	0.080490)
(4.000000	-0.018200	0.082640)
(4.250000	-0.000800	0.083720)
(4.500000	0.027800	0.085190)
(4.750000	0.035700	0.085830)
(5.250000	0.077400	0.088430)
(5.500000	0.089800	0.089510)
(5.750000	0.118600	0.091290)
(6.000000	0.128100	0.092200)
(6.250000	0.142900	0.093540)
(6.500000	0.166200	0.095100)
(6.750000	0.175200	0.096150)
(7.000000	0.192500	0.097750)
(7.250000	0.214200	0.099340)
(7.500000	0.222400	0.100470)
(7.750000	0.236100	0.101980)
(8.000000	0.259300	0.103730)
(8.250000	0.266000	0.104830)
(8.500000	0.275800	0.106220)
(8.750000	0.301700	0.108220)
(9.000000	0.305500	0.109080)
(9.250000	0.311000	0.110150)
(9.500000	0.322200	0.111480)
(10.000000	0.370300	0.115290)
(10.250000	0.388000	0.117530)
(10.500000	0.406600	0.119930)
(10.750000	0.426200	0.122450)
(11.000000	0.446800	0.125050)
(11.250000	0.469300	0.127760)
(11.500000	0.495300	0.130650)
(11.750000	0.520100	0.133410)
(12.000000	0.536000	0.135750)
(12.250000	0.551900	0.138130)
(12.500000	0.567700	0.140540)
(12.750000	0.583400	0.142950)
(13.000000	0.598900	0.145370)
(13.250000	0.614400	0.147780)
(13.500000	0.629700	0.150190)
(13.750000	0.645100	0.152620)
(14.000000	0.660600	0.155080)
(14.250000	0.672100	0.157410)
(14.500000	0.681700	0.159710)
(14.750000	0.691400	0.162020)
(15.000000	0.701300	0.164310)
(15.250000	0.711700	0.166630)
(15.500000	0.722400	0.168990)
(15.750000	0.733200	0.171400)
(16.000000	0.743900	0.173810)
(16.250000	0.754400	0.176270)
(16.500000	0.764700	0.178730)
(16.750000	0.775200	0.181220)
(17.000000	0.786000	0.183710)
(17.250000	0.797400	0.186270)
(17.500000	0.809300	0.188810)
(17.750000	0.821300	0.191330)
(18.000000	0.830900	0.193780)
(18.250000	0.836500	0.196150)
(18.500000	0.843200	0.198590)
(18.750000	0.850700	0.201090)
(19.000000	0.858800	0.203600)
(19.250000	0.867300	0.206100)
(19.500000	0.876200	0.208630)
(19.750000	0.885600	0.211160)
(20.000000	0.895400	0.213700)
(20.250000	0.905400	0.216280)
(20.500000	0.915200	0.218810)
(20.750000	0.924700	0.221340)
(21.000000	0.933600	0.223860)
(21.250000	0.941800	0.226360)
(21.500000	0.949100	0.228830)
(21.750000	0.955400	0.231240)
(22.000000	0.961200	0.233620)
(22.250000	0.968000	0.236040)
(22.500000	0.977400	0.238430)
(22.750000	0.991600	0.241190)
(23.000000	0.993400	0.243490)
(23.250000	1.000000	0.245880)
(23.500000	1.010200	0.248390)
(24.000000	1.027700	0.253810)
(24.250000	1.034800	0.256400)
(24.500000	1.041400	0.259000)
(24.750000	1.045900	0.261490)
(25.000000	1.050700	0.264150)
(25.250000	1.056900	0.266780)
(25.500000	1.065600	0.269320)
(25.750000	1.075000	0.271860)
(26.000000	1.078400	0.274270)
(26.250000	1.084600	0.276790)
(26.500000	1.095500	0.279340)
(26.750000	1.099100	0.281600)
(27.000000	1.104800	0.284060)
(27.500000	1.118700	0.288680)
(27.750000	1.125200	0.291110)
(28.000000	1.133800	0.293320)
(28.250000	1.137900	0.295610)
(28.500000	1.146400	0.297890)
(28.750000	1.151500	0.300080)
(29.000000	1.157400	0.302370)
(29.250000	1.165500	0.304510)
(29.500000	1.169800	0.306680)
(29.750000	1.178800	0.309050)
(30.000000	0.686700	0.297830)
(34.285714	0.705074	0.386607)
(38.571429	0.714607	0.480833)
(42.857143	0.713379	0.578427)
(47.142857	0.700263	0.677235)
(51.428571	0.674735	0.775078)
(55.714286	0.636762	0.869799)
(60.000000	0.586739	0.959313)
(64.285714	0.525433	1.041656)
(68.571429	0.453945	1.115022)
(72.857143	0.373661	1.177808)
(77.142857	0.286216	1.228649)
(81.428571	0.193445	1.266446)
(85.714286	0.097340	1.290396)
(90.000000	0.000000	1.300000)
(94.285714	-0.068138	1.290396)
(98.571429	-0.135411	1.266446)
(102.857143	-0.200351	1.228649)
(107.142857	-0.261563	1.177808)
(111.428571	-0.317761	1.115022)
(115.714286	-0.367803	1.041656)
(120.000000	-0.410717	0.959313)
(124.285714	-0.445733	0.869799)
(128.571429	-0.472314	0.775078)
(132.857143	-0.490184	0.677235)
(137.142857	-0.499365	0.578427)
(141.428571	-0.500225	0.480833)
(145.714286	-0.493552	0.386607)
(150.000000	-0.480690	0.297830)
(152.142857	-0.446355	0.256104)
(154.285714	-0.412020	0.216465)
(156.428571	-0.377685	0.179132)
(158.571429	-0.343350	0.144312)
(160.714286	-0.309015	0.112197)
(162.857143	-0.274680	0.082965)
(165.000000	-0.240345	0.056779)
(167.142857	-0.206010	0.033784)
(169.285714	-0.171675	0.014106)
(171.428571	-0.137340	0.001000)
(173.571429	-0.103005	0.001000)
(175.714286	-0.068670	0.001000)
(177.857143	-0.034335	0.001000)
(180.000000	0.000000	0.001000)
