// Re = 0.14
(-180.000000	0.000000	0.001000)
(-178.035714	0.071220	0.001000)
(-176.071429	0.142440	0.001000)
(-174.107143	0.213660	0.001000)
(-172.142857	0.284880	0.001000)
(-170.178571	0.356100	0.001000)
(-168.214286	0.427320	0.001000)
(-166.250000	0.498540	0.001108)
(-164.285714	0.569760	0.023675)
(-162.321429	0.640980	0.048933)
(-160.357143	0.712200	0.076765)
(-158.392857	0.783420	0.107045)
(-156.428571	0.854640	0.139632)
(-154.464286	0.925860	0.174377)
(-152.500000	0.997080	0.211120)
(-148.035714	0.906886	0.301152)
(-143.571429	0.834261	0.398491)
(-139.107143	0.770184	0.500837)
(-134.642857	0.709257	0.605774)
(-130.178571	0.648200	0.710833)
(-125.714286	0.585090	0.813545)
(-121.250000	0.518941	0.911504)
(-116.785714	0.449454	1.002423)
(-112.321429	0.376860	1.084192)
(-107.857143	0.301803	1.154924)
(-103.392857	0.225257	1.213005)
(-98.928571	0.148458	1.257128)
(-94.464286	0.072844	1.286327)
(-90.000000	0.000000	1.300000)
(-85.535714	-0.072844	1.286327)
(-81.071429	-0.148458	1.257128)
(-76.607143	-0.225257	1.213005)
(-72.142857	-0.301803	1.154924)
(-67.678571	-0.376860	1.084192)
(-63.214286	-0.449454	1.002423)
(-58.750000	-0.518941	0.911504)
(-54.285714	-0.585090	0.813545)
(-49.821429	-0.648200	0.710833)
(-45.357143	-0.709257	0.605774)
(-40.892857	-0.770184	0.500837)
(-36.428571	-0.834261	0.398491)
(-31.964286	-0.906886	0.301152)
(-27.500000	-0.997080	0.211120)
(-25.892857	-0.931224	0.197831)
(-24.285714	-0.865369	0.184541)
(-22.678571	-0.799513	0.171252)
(-21.071429	-0.733657	0.157963)
(-19.464286	-0.667801	0.144674)
(-17.857143	-0.601946	0.131384)
(-16.250000	-0.536090	0.118095)
(-14.642857	-0.470234	0.104806)
(-13.035714	-0.404379	0.091516)
(-11.428571	-0.338523	0.078227)
(-9.821429	-0.272667	0.064938)
(-8.214286	-0.206811	0.051649)
(-5.000000	-0.075100	0.025070)
(-4.750000	-0.041900	0.025270)
(-4.500000	-0.025400	0.025670)
(-4.250000	0.007600	0.026410)
(-4.000000	0.024600	0.026920)
(-3.750000	0.054700	0.027030)
(-3.500000	0.074300	0.027830)
(-3.250000	0.101000	0.027730)
(-2.750000	0.146100	0.028070)
(-2.500000	0.179100	0.028140)
(-2.250000	0.190800	0.028270)
(-2.000000	0.221900	0.028320)
(-1.750000	0.236800	0.028380)
(-1.500000	0.264100	0.028520)
(-1.250000	0.300800	0.028050)
(-1.000000	0.305600	0.028740)
(-0.750000	0.343100	0.028170)
(-0.500000	0.348700	0.028860)
(-0.250000	0.383100	0.028510)
(0.250000	0.421600	0.028930)
(0.500000	0.463200	0.028350)
(0.750000	0.462600	0.029290)
(1.000000	0.499400	0.028970)
(1.500000	0.535100	0.029670)
(1.750000	0.580800	0.029090)
(2.250000	0.610500	0.030120)
(2.750000	0.640500	0.031290)
(3.000000	0.689800	0.030620)
(3.500000	0.697700	0.032790)
(6.250000	0.626200	0.064210)
(6.500000	0.657400	0.064170)
(6.750000	0.692700	0.063440)
(7.500000	0.720700	0.068560)
(8.500000	0.753500	0.075900)
(8.750000	0.790000	0.074870)
(9.000000	0.776400	0.078760)
(9.500000	0.826900	0.078640)
(9.750000	0.818000	0.082120)
(10.250000	0.867400	0.081840)
(10.500000	0.863900	0.084660)
(11.000000	0.910900	0.083930)
(11.250000	0.885600	0.089190)
(11.500000	0.915800	0.087420)
(12.250000	0.972900	0.088210)
(12.500000	0.967300	0.092340)
(12.750000	1.037900	0.087200)
(13.000000	1.087000	0.084220)
(13.750000	1.244600	0.072980)
(14.000000	1.308700	0.068020)
(14.250000	1.385300	0.061950)
(14.500000	1.395100	0.063150)
(14.750000	1.374500	0.067740)
(15.000000	1.461700	0.060550)
(15.250000	1.438000	0.065380)
(15.500000	1.468600	0.064340)
(15.750000	1.465700	0.067040)
(16.000000	1.490300	0.066640)
(16.250000	1.483400	0.069870)
(16.500000	1.483100	0.072370)
(16.750000	1.484700	0.074670)
(17.000000	1.485700	0.077080)
(17.250000	1.485500	0.079650)
(17.500000	1.478600	0.083150)
(17.750000	1.472700	0.086560)
(18.000000	1.469700	0.089630)
(18.250000	1.466700	0.092780)
(18.500000	1.461300	0.096270)
(18.750000	1.460500	0.099170)
(19.000000	1.456200	0.102620)
(19.250000	1.454800	0.105690)
(19.500000	1.455300	0.108470)
(19.750000	1.451900	0.111910)
(20.000000	1.451000	0.114970)
(20.250000	1.452400	0.117670)
(20.500000	1.448200	0.121290)
(20.750000	1.446200	0.124590)
(21.000000	1.446700	0.127460)
(21.250000	1.441500	0.131340)
(21.500000	1.439800	0.134630)
(21.750000	1.435600	0.138350)
(22.000000	1.433800	0.141670)
(22.250000	1.428400	0.145620)
(22.500000	1.425700	0.149090)
(22.750000	1.423600	0.152520)
(23.000000	1.419500	0.156310)
(23.250000	1.419400	0.159400)
(23.500000	1.418300	0.162690)
(23.750000	1.421700	0.165070)
(24.000000	1.421400	0.168270)
(24.250000	1.423800	0.170830)
(24.500000	1.427400	0.173220)
(24.750000	1.431700	0.175430)
(25.000000	1.437300	0.177400)
(25.250000	1.446400	0.178590)
(25.500000	1.444200	0.182140)
(25.750000	1.448000	0.184400)
(26.000000	1.455700	0.185870)
(26.250000	1.449600	0.190270)
(26.500000	1.454400	0.192240)
(26.750000	1.448800	0.196560)
(27.000000	1.431200	0.203480)
(27.250000	1.406300	0.212250)
(27.500000	1.424400	0.211120)
(31.964286	1.295552	0.301152)
(36.428571	1.191801	0.398491)
(40.892857	1.100263	0.500837)
(45.357143	1.013224	0.605774)
(49.821429	0.926000	0.710833)
(54.285714	0.835843	0.813545)
(58.750000	0.741344	0.911504)
(63.214286	0.642078	1.002423)
(67.678571	0.538372	1.084192)
(72.142857	0.431147	1.154924)
(76.607143	0.321795	1.213005)
(81.071429	0.212083	1.257128)
(85.535714	0.104063	1.286327)
(90.000000	0.000000	1.300000)
(94.464286	-0.072844	1.286327)
(98.928571	-0.148458	1.257128)
(103.392857	-0.225257	1.213005)
(107.857143	-0.301803	1.154924)
(112.321429	-0.376860	1.084192)
(116.785714	-0.449454	1.002423)
(121.250000	-0.518941	0.911504)
(125.714286	-0.585090	0.813545)
(130.178571	-0.648200	0.710833)
(134.642857	-0.709257	0.605774)
(139.107143	-0.770184	0.500837)
(143.571429	-0.834261	0.398491)
(148.035714	-0.906886	0.301152)
(152.500000	-0.997080	0.211120)
(154.464286	-0.925860	0.174377)
(156.428571	-0.854640	0.139632)
(158.392857	-0.783420	0.107045)
(160.357143	-0.712200	0.076765)
(162.321429	-0.640980	0.048933)
(164.285714	-0.569760	0.023675)
(166.250000	-0.498540	0.001108)
(168.214286	-0.427320	0.001000)
(170.178571	-0.356100	0.001000)
(172.142857	-0.284880	0.001000)
(174.107143	-0.213660	0.001000)
(176.071429	-0.142440	0.001000)
(178.035714	-0.071220	0.001000)
(180.000000	0.000000	0.001000)
