// Re = 0.14
(-180.000000	0.000000	0.001000)
(-178.267857	0.065920	0.001000)
(-176.535714	0.131840	0.001000)
(-174.803571	0.197760	0.001000)
(-173.071429	0.263680	0.001000)
(-171.339286	0.329600	0.001000)
(-169.607143	0.395520	0.010129)
(-167.875000	0.461440	0.025371)
(-166.142857	0.527360	0.042808)
(-164.410714	0.593280	0.062377)
(-162.678571	0.659200	0.084008)
(-160.946429	0.725120	0.107621)
(-159.214286	0.791040	0.133132)
(-157.482143	0.856960	0.160448)
(-155.750000	0.922880	0.189470)
(-151.053571	0.840433	0.275896)
(-146.357143	0.779492	0.371777)
(-141.660714	0.727984	0.474572)
(-136.964286	0.679074	0.581555)
(-132.267857	0.628748	0.689893)
(-127.571429	0.574696	0.796719)
(-122.875000	0.515747	0.899210)
(-118.178571	0.451545	0.994661)
(-113.482143	0.382358	1.080560)
(-108.785714	0.308939	1.154651)
(-104.089286	0.232432	1.214999)
(-99.392857	0.154288	1.260035)
(-94.696429	0.076192	1.288607)
(-90.000000	0.000000	1.300000)
(-85.303571	-0.076192	1.288607)
(-80.607143	-0.154288	1.260035)
(-75.910714	-0.232432	1.214999)
(-71.214286	-0.308939	1.154651)
(-66.517857	-0.382358	1.080560)
(-61.821429	-0.451545	0.994661)
(-57.125000	-0.515747	0.899210)
(-52.428571	-0.574696	0.796719)
(-47.732143	-0.628748	0.689893)
(-43.035714	-0.679074	0.581555)
(-38.339286	-0.727984	0.474572)
(-33.642857	-0.779492	0.371777)
(-28.946429	-0.840433	0.275896)
(-24.250000	-0.922880	0.189470)
(-22.875000	-0.861439	0.177336)
(-21.500000	-0.799997	0.165203)
(-20.125000	-0.738556	0.153069)
(-18.750000	-0.677114	0.140936)
(-17.375000	-0.615673	0.128802)
(-16.000000	-0.554231	0.116669)
(-14.625000	-0.492790	0.104535)
(-13.250000	-0.431349	0.092401)
(-11.875000	-0.369907	0.080268)
(-10.500000	-0.308466	0.068134)
(-9.125000	-0.247024	0.056001)
(-7.750000	-0.185583	0.043867)
(-5.000000	-0.062700	0.019600)
(-4.750000	-0.040400	0.019980)
(-4.500000	-0.007000	0.020140)
(-4.250000	0.013200	0.020610)
(-4.000000	0.046900	0.020750)
(-3.750000	0.065900	0.021260)
(-3.500000	0.091500	0.021760)
(-3.250000	0.115500	0.022190)
(-3.000000	0.139300	0.022490)
(-2.750000	0.165700	0.022720)
(-2.500000	0.187200	0.023100)
(-2.250000	0.215000	0.023210)
(-2.000000	0.237800	0.023320)
(-1.750000	0.264700	0.023440)
(-1.500000	0.285900	0.023610)
(-1.250000	0.317000	0.023470)
(-1.000000	0.334900	0.023800)
(-0.750000	0.366300	0.023620)
(-0.500000	0.385600	0.023870)
(-0.250000	0.416300	0.023730)
(0.000000	0.437500	0.023930)
(0.250000	0.466400	0.023860)
(0.500000	0.490000	0.024010)
(0.750000	0.516200	0.024030)
(1.000000	0.540100	0.024210)
(1.250000	0.565800	0.024270)
(1.750000	0.615300	0.024560)
(2.000000	0.651100	0.024310)
(2.250000	0.664700	0.024910)
(2.500000	0.698800	0.024690)
(2.750000	0.710000	0.025380)
(3.000000	0.748300	0.025100)
(3.250000	0.755100	0.025910)
(3.500000	0.792300	0.025620)
(3.750000	0.801500	0.026490)
(4.000000	0.837700	0.026180)
(4.250000	0.843100	0.027140)
(4.500000	0.881200	0.026770)
(4.750000	0.885900	0.027810)
(5.000000	0.925500	0.027360)
(5.250000	0.928000	0.028490)
(5.500000	0.968900	0.027910)
(5.750000	0.968400	0.029090)
(6.000000	1.011300	0.028350)
(6.250000	1.009400	0.029530)
(6.500000	1.052000	0.028760)
(6.750000	1.053900	0.029680)
(7.250000	1.098400	0.029590)
(7.500000	1.089100	0.030760)
(7.750000	1.138200	0.029400)
(8.250000	1.131000	0.031610)
(8.500000	1.201900	0.029910)
(8.750000	1.219300	0.030840)
(9.000000	1.249200	0.030880)
(9.250000	1.299700	0.029540)
(9.500000	1.345300	0.028590)
(9.750000	1.389900	0.027940)
(10.000000	1.408400	0.028220)
(10.250000	1.428100	0.028390)
(10.500000	1.449600	0.028410)
(10.750000	1.473900	0.028190)
(11.000000	1.473000	0.029000)
(11.250000	1.478700	0.029580)
(11.500000	1.492500	0.029830)
(11.750000	1.499000	0.030500)
(12.000000	1.497600	0.031690)
(12.250000	1.504000	0.032510)
(12.500000	1.502300	0.033920)
(12.750000	1.498400	0.035610)
(13.000000	1.495300	0.037350)
(13.250000	1.492200	0.039190)
(13.500000	1.485200	0.041500)
(13.750000	1.478200	0.043960)
(14.000000	1.468700	0.046830)
(14.250000	1.459100	0.049840)
(14.500000	1.449400	0.053010)
(14.750000	1.438800	0.056450)
(15.000000	1.429100	0.059900)
(15.250000	1.420300	0.063390)
(15.500000	1.412500	0.066840)
(15.750000	1.405400	0.070320)
(16.000000	1.398700	0.073830)
(16.250000	1.392700	0.077330)
(16.500000	1.387000	0.080830)
(16.750000	1.381800	0.084320)
(17.000000	1.377000	0.087800)
(17.250000	1.372400	0.091270)
(17.500000	1.367800	0.094810)
(17.750000	1.362900	0.098450)
(18.000000	1.357600	0.102220)
(18.250000	1.351900	0.106080)
(18.500000	1.346500	0.109910)
(18.750000	1.341100	0.113800)
(19.000000	1.338000	0.117290)
(19.250000	1.337300	0.120360)
(19.500000	1.338700	0.123110)
(19.750000	1.342200	0.125500)
(20.000000	1.348700	0.127330)
(20.250000	1.356000	0.129050)
(20.500000	1.363400	0.130780)
(20.750000	1.372500	0.132190)
(21.000000	1.382900	0.133310)
(21.250000	1.388700	0.135350)
(21.500000	1.394500	0.137390)
(21.750000	1.406100	0.138330)
(22.000000	1.407200	0.141220)
(22.250000	1.416500	0.142580)
(22.500000	1.412600	0.146430)
(22.750000	1.427200	0.146740)
(23.000000	1.415900	0.152040)
(23.250000	1.405800	0.157150)
(23.500000	1.395700	0.162330)
(23.750000	1.383700	0.168030)
(24.000000	1.358600	0.176750)
(24.250000	1.318400	0.189470)
(28.946429	1.200619	0.275896)
(33.642857	1.113560	0.371777)
(38.339286	1.039977	0.474572)
(43.035714	0.970106	0.581555)
(47.732143	0.898211	0.689893)
(52.428571	0.820994	0.796719)
(57.125000	0.736781	0.899210)
(61.821429	0.645065	0.994661)
(66.517857	0.546226	1.080560)
(71.214286	0.441341	1.154651)
(75.910714	0.332046	1.214999)
(80.607143	0.220411	1.260035)
(85.303571	0.108845	1.288607)
(90.000000	0.000000	1.300000)
(94.696429	-0.076192	1.288607)
(99.392857	-0.154288	1.260035)
(104.089286	-0.232432	1.214999)
(108.785714	-0.308939	1.154651)
(113.482143	-0.382358	1.080560)
(118.178571	-0.451545	0.994661)
(122.875000	-0.515747	0.899210)
(127.571429	-0.574696	0.796719)
(132.267857	-0.628748	0.689893)
(136.964286	-0.679074	0.581555)
(141.660714	-0.727984	0.474572)
(146.357143	-0.779492	0.371777)
(151.053571	-0.840433	0.275896)
(155.750000	-0.922880	0.189470)
(157.482143	-0.856960	0.160448)
(159.214286	-0.791040	0.133132)
(160.946429	-0.725120	0.107621)
(162.678571	-0.659200	0.084008)
(164.410714	-0.593280	0.062377)
(166.142857	-0.527360	0.042808)
(167.875000	-0.461440	0.025371)
(169.607143	-0.395520	0.010129)
(171.339286	-0.329600	0.001000)
(173.071429	-0.263680	0.001000)
(174.803571	-0.197760	0.001000)
(176.535714	-0.131840	0.001000)
(178.267857	-0.065920	0.001000)
(180.000000	0.000000	0.001000)
