// Re = 0.14
(-180.000000	0.000000	0.001000)
(-178.589286	0.060500	0.001000)
(-177.178571	0.121000	0.001000)
(-175.767857	0.181500	0.001000)
(-174.357143	0.242000	0.006379)
(-172.946429	0.302500	0.013430)
(-171.535714	0.363000	0.022013)
(-170.125000	0.423500	0.032108)
(-168.714286	0.484000	0.043689)
(-167.303571	0.544500	0.056729)
(-165.892857	0.605000	0.071197)
(-164.482143	0.665500	0.087057)
(-163.071429	0.726000	0.104271)
(-161.660714	0.786500	0.122797)
(-160.250000	0.847000	0.142590)
(-155.232143	0.764777	0.222519)
(-150.214286	0.714853	0.315400)
(-145.196429	0.677746	0.418397)
(-140.178571	0.643517	0.528364)
(-135.160714	0.606668	0.641943)
(-130.142857	0.564126	0.755668)
(-125.125000	0.514327	0.866067)
(-120.107143	0.456758	0.969772)
(-115.089286	0.391689	1.063621)
(-110.071429	0.320009	1.144751)
(-105.053571	0.243094	1.210692)
(-100.035714	0.162712	1.259439)
(-95.017857	0.080923	1.289511)
(-90.000000	0.000000	1.300000)
(-84.982143	-0.080923	1.289511)
(-79.964286	-0.162712	1.259439)
(-74.946429	-0.243094	1.210692)
(-69.928571	-0.320009	1.144751)
(-64.910714	-0.391689	1.063621)
(-59.892857	-0.456758	0.969772)
(-54.875000	-0.514327	0.866067)
(-49.857143	-0.564126	0.755668)
(-44.839286	-0.606668	0.641943)
(-39.821429	-0.643517	0.528364)
(-34.803571	-0.677746	0.418397)
(-29.785714	-0.714853	0.315400)
(-24.767857	-0.764777	0.222519)
(-19.750000	-0.847000	0.142590)
(-18.696429	-0.792736	0.134134)
(-17.642857	-0.738471	0.125677)
(-16.589286	-0.684207	0.117221)
(-15.535714	-0.629943	0.108764)
(-14.482143	-0.575679	0.100308)
(-13.428571	-0.521414	0.091851)
(-12.375000	-0.467150	0.083395)
(-11.321429	-0.412886	0.074939)
(-10.267857	-0.358621	0.066482)
(-9.214286	-0.304357	0.058026)
(-8.160714	-0.250093	0.049569)
(-7.107143	-0.195829	0.041113)
(-5.000000	-0.087300	0.024200)
(-4.750000	-0.044400	0.023000)
(-4.500000	-0.020300	0.022370)
(-4.250000	0.004900	0.021750)
(-4.000000	0.043700	0.020780)
(-3.750000	0.067000	0.020250)
(-3.250000	0.123600	0.017400)
(-3.000000	0.146100	0.017600)
(-2.750000	0.183400	0.017610)
(-2.500000	0.204400	0.017900)
(-2.250000	0.226600	0.018180)
(-2.000000	0.259200	0.018340)
(-1.750000	0.276900	0.018730)
(-1.500000	0.297500	0.018990)
(-1.250000	0.328300	0.018990)
(-1.000000	0.347000	0.019190)
(-0.750000	0.383000	0.018980)
(-0.500000	0.401300	0.019130)
(-0.250000	0.422600	0.019230)
(0.000000	0.456600	0.019040)
(0.250000	0.475200	0.019190)
(0.500000	0.500500	0.019200)
(0.750000	0.527700	0.019140)
(1.000000	0.546400	0.019290)
(1.250000	0.579500	0.019090)
(1.500000	0.595000	0.019300)
(1.750000	0.616600	0.019380)
(2.000000	0.644300	0.019290)
(2.250000	0.659500	0.019490)
(2.500000	0.692800	0.019270)
(2.750000	0.704200	0.019510)
(3.000000	0.720200	0.019640)
(3.250000	0.748500	0.019470)
(3.500000	0.762400	0.019660)
(3.750000	0.801200	0.019340)
(4.000000	0.830900	0.019570)
(4.250000	0.880300	0.019670)
(4.500000	0.919800	0.019610)
(4.750000	0.944600	0.019990)
(5.000000	0.974500	0.020220)
(5.250000	1.015100	0.020080)
(5.500000	1.039200	0.020390)
(5.750000	1.064900	0.020630)
(6.000000	1.093500	0.020740)
(6.250000	1.125400	0.020670)
(6.500000	1.155000	0.020580)
(6.750000	1.181000	0.020540)
(7.000000	1.205600	0.020530)
(7.250000	1.229300	0.020540)
(7.500000	1.252600	0.020540)
(7.750000	1.279000	0.020290)
(8.000000	1.294200	0.020200)
(8.250000	1.313200	0.020020)
(8.500000	1.325800	0.020100)
(8.750000	1.336900	0.020210)
(9.000000	1.347800	0.020300)
(9.250000	1.353000	0.020560)
(9.500000	1.358700	0.020880)
(9.750000	1.360600	0.021380)
(10.000000	1.362200	0.021980)
(10.250000	1.360500	0.022840)
(10.500000	1.356300	0.023980)
(11.000000	1.338300	0.027450)
(11.250000	1.326100	0.029770)
(11.500000	1.313000	0.032390)
(11.750000	1.300000	0.035230)
(12.000000	1.287400	0.038240)
(12.250000	1.276300	0.041310)
(12.500000	1.267400	0.044340)
(12.750000	1.260300	0.047320)
(13.000000	1.255300	0.050200)
(13.250000	1.251900	0.052990)
(13.500000	1.249700	0.055720)
(13.750000	1.248800	0.058370)
(14.000000	1.249200	0.060910)
(14.250000	1.251100	0.063290)
(14.500000	1.255100	0.065460)
(14.750000	1.261300	0.067400)
(15.000000	1.269500	0.069170)
(15.250000	1.281700	0.070470)
(15.500000	1.291300	0.072220)
(15.750000	1.304900	0.073570)
(16.000000	1.320000	0.074840)
(16.250000	1.330600	0.076740)
(16.500000	1.337000	0.079150)
(16.750000	1.343900	0.081510)
(17.000000	1.357000	0.083280)
(17.250000	1.347500	0.087450)
(17.500000	1.342600	0.091200)
(17.750000	1.349600	0.093630)
(18.000000	1.334300	0.098620)
(18.250000	1.318500	0.103840)
(18.500000	1.302200	0.109330)
(18.750000	1.284800	0.115210)
(19.000000	1.266200	0.121530)
(19.500000	1.227800	0.135360)
(19.750000	1.210000	0.142590)
(24.767857	1.092539	0.222519)
(29.785714	1.021219	0.315400)
(34.803571	0.968208	0.418397)
(39.821429	0.919309	0.528364)
(44.839286	0.866669	0.641943)
(49.857143	0.805894	0.755668)
(54.875000	0.734753	0.866067)
(59.892857	0.652511	0.969772)
(64.910714	0.559556	1.063621)
(69.928571	0.457156	1.144751)
(74.946429	0.347278	1.210692)
(79.964286	0.232445	1.259439)
(84.982143	0.115604	1.289511)
(90.000000	0.000000	1.300000)
(95.017857	-0.080923	1.289511)
(100.035714	-0.162712	1.259439)
(105.053571	-0.243094	1.210692)
(110.071429	-0.320009	1.144751)
(115.089286	-0.391689	1.063621)
(120.107143	-0.456758	0.969772)
(125.125000	-0.514327	0.866067)
(130.142857	-0.564126	0.755668)
(135.160714	-0.606668	0.641943)
(140.178571	-0.643517	0.528364)
(145.196429	-0.677746	0.418397)
(150.214286	-0.714853	0.315400)
(155.232143	-0.764777	0.222519)
(160.250000	-0.847000	0.142590)
(161.660714	-0.786500	0.122797)
(163.071429	-0.726000	0.104271)
(164.482143	-0.665500	0.087057)
(165.892857	-0.605000	0.071197)
(167.303571	-0.544500	0.056729)
(168.714286	-0.484000	0.043689)
(170.125000	-0.423500	0.032108)
(171.535714	-0.363000	0.022013)
(172.946429	-0.302500	0.013430)
(174.357143	-0.242000	0.006379)
(175.767857	-0.181500	0.001000)
(177.178571	-0.121000	0.001000)
(178.589286	-0.060500	0.001000)
(180.000000	0.000000	0.001000)
