// Re = 0.05
(-180.000000	0.000000	0.075417)
(-178.839286	0.051090	0.075935)
(-177.678571	0.102180	0.077488)
(-176.517857	0.153270	0.080074)
(-175.357143	0.204360	0.083688)
(-174.196429	0.255450	0.088323)
(-173.035714	0.306540	0.093973)
(-171.875000	0.357630	0.100628)
(-170.714286	0.408720	0.108276)
(-169.553571	0.459810	0.116906)
(-168.392857	0.510900	0.126501)
(-167.232143	0.561990	0.137047)
(-166.071429	0.613080	0.148525)
(-164.910714	0.664170	0.160916)
(-163.750000	0.715260	0.174200)
(-158.482143	0.647774	0.245058)
(-153.214286	0.618845	0.331342)
(-147.946429	0.602790	0.430072)
(-142.678571	0.587847	0.537833)
(-137.410714	0.567870	0.650891)
(-132.142857	0.539526	0.765323)
(-126.875000	0.501162	0.877145)
(-121.607143	0.452275	0.982451)
(-116.339286	0.393234	1.077547)
(-111.071429	0.325096	1.159073)
(-105.803571	0.249480	1.224119)
(-100.535714	0.168448	1.270326)
(-95.267857	0.084406	1.295966)
(-90.000000	0.000000	1.300000)
(-84.732143	-0.084406	1.295966)
(-79.464286	-0.168448	1.270326)
(-74.196429	-0.249480	1.224119)
(-68.928571	-0.325096	1.159073)
(-63.660714	-0.393234	1.077547)
(-58.392857	-0.452275	0.982451)
(-53.125000	-0.501162	0.877145)
(-47.857143	-0.539526	0.765323)
(-42.589286	-0.567870	0.650891)
(-37.321429	-0.587847	0.537833)
(-32.053571	-0.602790	0.430072)
(-26.785714	-0.618845	0.331342)
(-21.517857	-0.647774	0.245058)
(-16.250000	-0.715260	0.174200)
(-15.232143	-0.677799	0.164319)
(-14.214286	-0.640337	0.154439)
(-13.196429	-0.602876	0.144558)
(-12.178571	-0.565414	0.134677)
(-11.160714	-0.527953	0.124796)
(-10.142857	-0.490491	0.114916)
(-9.125000	-0.453030	0.105035)
(-8.107143	-0.415569	0.095154)
(-7.089286	-0.378107	0.085274)
(-6.071429	-0.340646	0.075393)
(-5.053571	-0.303184	0.065512)
(-4.035714	-0.265723	0.055631)
(-2.000000	-0.190800	0.035870)
(-1.750000	-0.128400	0.035200)
(-1.500000	-0.113300	0.035650)
(-1.250000	-0.113200	0.036700)
(-1.000000	-0.111700	0.037410)
(-0.750000	-0.110700	0.037860)
(-0.500000	-0.115200	0.037870)
(-0.250000	-0.124100	0.037560)
(0.000000	-0.127800	0.036720)
(0.500000	-0.129100	0.035120)
(0.750000	-0.096200	0.036090)
(1.000000	-0.063500	0.037180)
(1.250000	-0.031700	0.038360)
(1.500000	-0.001300	0.039610)
(1.750000	0.027600	0.040900)
(2.000000	0.054900	0.042240)
(2.250000	0.080800	0.043600)
(2.500000	0.105400	0.045000)
(2.750000	0.128800	0.046420)
(3.000000	0.163200	0.048620)
(3.250000	0.199900	0.051030)
(3.500000	0.232000	0.053180)
(3.750000	0.264900	0.055440)
(4.000000	0.292400	0.057420)
(4.250000	0.320200	0.059480)
(4.500000	0.347400	0.061560)
(4.750000	0.372500	0.063580)
(5.000000	0.395900	0.065570)
(5.250000	0.420300	0.067720)
(5.500000	0.447500	0.070040)
(5.750000	0.464400	0.071810)
(6.000000	0.488200	0.074130)
(6.250000	0.509300	0.076220)
(6.500000	0.526100	0.078250)
(6.750000	0.553400	0.080850)
(7.000000	0.564800	0.082640)
(7.250000	0.587800	0.085180)
(7.500000	0.608700	0.087480)
(7.750000	0.620400	0.089490)
(8.000000	0.637700	0.091820)
(8.250000	0.656700	0.094200)
(8.500000	0.673900	0.096430)
(8.750000	0.701200	0.098580)
(9.000000	0.810300	0.091350)
(9.250000	0.832300	0.092460)
(9.500000	0.863100	0.092900)
(9.750000	0.884100	0.093770)
(10.000000	0.897500	0.095120)
(10.250000	0.922300	0.095410)
(10.500000	0.952600	0.094850)
(10.750000	0.966800	0.095670)
(11.000000	1.001400	0.093680)
(11.250000	1.052400	0.088020)
(11.500000	1.286100	0.048350)
(11.750000	1.279700	0.050650)
(12.000000	1.279100	0.053180)
(12.250000	1.290800	0.055340)
(12.500000	1.312300	0.057360)
(12.750000	1.336000	0.059600)
(13.000000	1.360800	0.062110)
(13.250000	1.377700	0.065050)
(13.500000	1.393200	0.068220)
(13.750000	1.394300	0.071770)
(14.000000	1.393600	0.075480)
(14.250000	1.393000	0.079290)
(14.500000	1.371100	0.083770)
(14.750000	1.348100	0.088600)
(15.000000	1.323000	0.093890)
(15.250000	1.296700	0.099660)
(15.500000	1.270900	0.105860)
(16.250000	1.021800	0.174200)
(21.517857	0.925391	0.245058)
(26.785714	0.884064	0.331342)
(32.053571	0.861128	0.430072)
(37.321429	0.839781	0.537833)
(42.589286	0.811243	0.650891)
(47.857143	0.770752	0.765323)
(53.125000	0.715946	0.877145)
(58.392857	0.646108	0.982451)
(63.660714	0.561763	1.077547)
(68.928571	0.464423	1.159073)
(74.196429	0.356399	1.224119)
(79.464286	0.240639	1.270326)
(84.732143	0.120580	1.295966)
(90.000000	0.000000	1.300000)
(95.267857	-0.084406	1.295966)
(100.535714	-0.168448	1.270326)
(105.803571	-0.249480	1.224119)
(111.071429	-0.325096	1.159073)
(116.339286	-0.393234	1.077547)
(121.607143	-0.452275	0.982451)
(126.875000	-0.501162	0.877145)
(132.142857	-0.539526	0.765323)
(137.410714	-0.567870	0.650891)
(142.678571	-0.587847	0.537833)
(147.946429	-0.602790	0.430072)
(153.214286	-0.618845	0.331342)
(158.482143	-0.647774	0.245058)
(163.750000	-0.715260	0.174200)
(164.910714	-0.664170	0.160916)
(166.071429	-0.613080	0.148525)
(167.232143	-0.561990	0.137047)
(168.392857	-0.510900	0.126501)
(169.553571	-0.459810	0.116906)
(170.714286	-0.408720	0.108276)
(171.875000	-0.357630	0.100628)
(173.035714	-0.306540	0.093973)
(174.196429	-0.255450	0.088323)
(175.357143	-0.204360	0.083688)
(176.517857	-0.153270	0.080074)
(177.678571	-0.102180	0.077488)
(178.839286	-0.051090	0.075935)
(180.000000	0.000000	0.075417)
