// Re = 0.07
(-180.000000	0.000000	0.001000)
(-178.553571	0.066365	0.001000)
(-177.107143	0.132730	0.001000)
(-175.660714	0.199095	0.001000)
(-174.214286	0.265460	0.003724)
(-172.767857	0.331825	0.011143)
(-171.321429	0.398190	0.020172)
(-169.875000	0.464555	0.030789)
(-168.428571	0.530920	0.042965)
(-166.982143	0.597285	0.056671)
(-165.535714	0.663650	0.071872)
(-164.089286	0.730015	0.088528)
(-162.642857	0.796380	0.106597)
(-161.196429	0.862745	0.126035)
(-159.750000	0.929110	0.146790)
(-154.767857	0.829167	0.227611)
(-149.785714	0.765449	0.320980)
(-144.803571	0.717279	0.424088)
(-139.821429	0.674004	0.533835)
(-134.839286	0.629692	0.646923)
(-129.857143	0.580994	0.759951)
(-124.875000	0.526167	0.869524)
(-119.892857	0.464569	0.972351)
(-114.910714	0.396374	1.065345)
(-109.928571	0.322388	1.145719)
(-104.946429	0.243917	1.211064)
(-99.964286	0.162660	1.259427)
(-94.982143	0.080617	1.289367)
(-90.000000	0.000000	1.300000)
(-85.017857	-0.080617	1.289367)
(-80.035714	-0.162660	1.259427)
(-75.053571	-0.243917	1.211064)
(-70.071429	-0.322388	1.145719)
(-65.089286	-0.396374	1.065345)
(-60.107143	-0.464569	0.972351)
(-55.125000	-0.526167	0.869524)
(-50.142857	-0.580994	0.759951)
(-45.160714	-0.629692	0.646923)
(-40.178571	-0.674004	0.533835)
(-35.196429	-0.717279	0.424088)
(-30.214286	-0.765449	0.320980)
(-25.232143	-0.829167	0.227611)
(-20.250000	-0.929110	0.146790)
(-19.160714	-0.886024	0.138961)
(-18.071429	-0.842937	0.131133)
(-16.982143	-0.799851	0.123304)
(-15.892857	-0.756764	0.115476)
(-14.803571	-0.713678	0.107647)
(-13.714286	-0.670591	0.099819)
(-12.625000	-0.627505	0.091990)
(-11.535714	-0.584419	0.084161)
(-10.446429	-0.541332	0.076333)
(-9.357143	-0.498246	0.068504)
(-8.267857	-0.455159	0.060676)
(-7.178571	-0.412073	0.052847)
(-5.000000	-0.325900	0.037190)
(-4.750000	-0.298700	0.036340)
(-4.500000	-0.271200	0.035220)
(-4.250000	-0.246800	0.036280)
(-4.000000	-0.225900	0.037880)
(-3.750000	-0.217200	0.039300)
(-3.500000	-0.201800	0.040660)
(-3.250000	-0.185900	0.042060)
(-3.000000	-0.183100	0.043370)
(-2.750000	-0.163300	0.044580)
(-2.500000	-0.161500	0.045590)
(-2.250000	-0.141700	0.046430)
(-2.000000	-0.137200	0.047290)
(-1.750000	-0.121700	0.048140)
(-1.500000	-0.116900	0.048870)
(-1.250000	-0.096900	0.049550)
(-1.000000	-0.093600	0.050150)
(-0.750000	-0.076200	0.050650)
(-0.500000	-0.063600	0.051190)
(-0.250000	-0.053800	0.051780)
(0.000000	-0.023200	0.052190)
(0.250000	-0.018100	0.052910)
(0.500000	-0.006400	0.053640)
(0.750000	0.007300	0.054430)
(1.000000	0.020500	0.055370)
(1.250000	0.038600	0.056460)
(2.250000	0.052400	0.061930)
(2.500000	0.066100	0.062500)
(2.750000	0.084200	0.063400)
(3.000000	0.113000	0.064800)
(3.250000	0.128800	0.065490)
(3.500000	0.141700	0.066240)
(3.750000	0.160200	0.067310)
(4.000000	0.186400	0.068580)
(4.250000	0.195800	0.069130)
(4.500000	0.207400	0.069860)
(4.750000	0.227000	0.070950)
(5.000000	0.252000	0.072260)
(5.250000	0.294900	0.074800)
(5.500000	0.318500	0.076510)
(5.750000	0.342500	0.078390)
(6.000000	0.366800	0.080400)
(6.250000	0.391100	0.082510)
(6.500000	0.415300	0.084690)
(6.750000	0.439200	0.086920)
(7.000000	0.462600	0.089180)
(7.250000	0.485100	0.091460)
(7.500000	0.506500	0.093740)
(7.750000	0.526700	0.096010)
(8.000000	0.545900	0.098290)
(8.250000	0.564200	0.100560)
(8.500000	0.582000	0.102840)
(8.750000	0.600100	0.105110)
(9.000000	0.619200	0.107400)
(9.250000	0.641300	0.109710)
(9.500000	0.661400	0.112110)
(9.750000	0.665800	0.114300)
(10.000000	0.694100	0.115990)
(10.250000	0.699400	0.118240)
(10.500000	0.798300	0.109410)
(10.750000	0.816700	0.110650)
(11.000000	0.835500	0.111820)
(11.250000	0.861600	0.112270)
(11.500000	0.870400	0.114160)
(11.750000	0.903600	0.113640)
(12.000000	0.904000	0.116360)
(12.250000	0.933000	0.115970)
(13.000000	0.968400	0.120310)
(13.250000	0.992600	0.119960)
(13.500000	1.027600	0.117810)
(13.750000	1.022800	0.121520)
(14.000000	1.031400	0.123220)
(14.500000	1.311600	0.080630)
(14.750000	1.387500	0.072020)
(15.000000	1.406500	0.071610)
(15.250000	1.416300	0.072510)
(15.500000	1.411200	0.075380)
(15.750000	1.410500	0.077720)
(16.000000	1.402800	0.081100)
(16.250000	1.402500	0.083500)
(16.500000	1.394900	0.087130)
(16.750000	1.390100	0.090470)
(17.000000	1.388200	0.093490)
(17.250000	1.393900	0.095470)
(17.500000	1.392200	0.098640)
(17.750000	1.392200	0.101650)
(18.000000	1.394300	0.104430)
(18.250000	1.399600	0.106850)
(18.500000	1.396000	0.110640)
(18.750000	1.407000	0.112410)
(19.000000	1.405400	0.116030)
(19.250000	1.406200	0.119360)
(19.500000	1.384100	0.126150)
(19.750000	1.384000	0.129710)
(20.000000	1.357200	0.137700)
(20.250000	1.327300	0.146790)
(25.232143	1.184525	0.227611)
(30.214286	1.093499	0.320980)
(35.196429	1.024684	0.424088)
(40.178571	0.962863	0.533835)
(45.160714	0.899560	0.646923)
(50.142857	0.829992	0.759951)
(55.125000	0.751668	0.869524)
(60.107143	0.663671	0.972351)
(65.089286	0.566249	1.065345)
(70.071429	0.460554	1.145719)
(75.053571	0.348453	1.211064)
(80.035714	0.232372	1.259427)
(85.017857	0.115167	1.289367)
(90.000000	0.000000	1.300000)
(94.982143	-0.080617	1.289367)
(99.964286	-0.162660	1.259427)
(104.946429	-0.243917	1.211064)
(109.928571	-0.322388	1.145719)
(114.910714	-0.396374	1.065345)
(119.892857	-0.464569	0.972351)
(124.875000	-0.526167	0.869524)
(129.857143	-0.580994	0.759951)
(134.839286	-0.629692	0.646923)
(139.821429	-0.674004	0.533835)
(144.803571	-0.717279	0.424088)
(149.785714	-0.765449	0.320980)
(154.767857	-0.829167	0.227611)
(159.750000	-0.929110	0.146790)
(161.196429	-0.862745	0.126035)
(162.642857	-0.796380	0.106597)
(164.089286	-0.730015	0.088528)
(165.535714	-0.663650	0.071872)
(166.982143	-0.597285	0.056671)
(168.428571	-0.530920	0.042965)
(169.875000	-0.464555	0.030789)
(171.321429	-0.398190	0.020172)
(172.767857	-0.331825	0.011143)
(174.214286	-0.265460	0.003724)
(175.660714	-0.199095	0.001000)
(177.107143	-0.132730	0.001000)
(178.553571	-0.066365	0.001000)
(180.000000	0.000000	0.001000)
