// Re = 0.08
(-180.000000	0.000000	0.001000)
(-178.589286	0.072675	0.001000)
(-177.178571	0.145350	0.001000)
(-175.767857	0.218025	0.001000)
(-174.357143	0.290700	0.001000)
(-172.946429	0.363375	0.001000)
(-171.535714	0.436050	0.001000)
(-170.125000	0.508725	0.010555)
(-168.714286	0.581400	0.022235)
(-167.303571	0.654075	0.035388)
(-165.892857	0.726750	0.049980)
(-164.482143	0.799425	0.065977)
(-163.071429	0.872100	0.083342)
(-161.660714	0.944775	0.102031)
(-160.250000	1.017450	0.122000)
(-155.232143	0.892743	0.202655)
(-150.214286	0.813447	0.296414)
(-145.196429	0.754555	0.400433)
(-140.178571	0.703411	0.511561)
(-135.160714	0.653034	0.626430)
(-130.142857	0.599479	0.741564)
(-125.125000	0.540645	0.853480)
(-120.107143	0.475670	0.958799)
(-115.089286	0.404598	1.054344)
(-110.071429	0.328163	1.137243)
(-105.053571	0.247637	1.205010)
(-100.035714	0.164717	1.255626)
(-95.017857	0.081422	1.287597)
(-90.000000	0.000000	1.300000)
(-84.982143	-0.081422	1.287597)
(-79.964286	-0.164717	1.255626)
(-74.946429	-0.247637	1.205010)
(-69.928571	-0.328163	1.137243)
(-64.910714	-0.404598	1.054344)
(-59.892857	-0.475670	0.958799)
(-54.875000	-0.540645	0.853480)
(-49.857143	-0.599479	0.741564)
(-44.839286	-0.653034	0.626430)
(-39.821429	-0.703411	0.511561)
(-34.803571	-0.754555	0.400433)
(-29.785714	-0.813447	0.296414)
(-24.767857	-0.892743	0.202655)
(-19.750000	-1.017450	0.122000)
(-18.696429	-0.966461	0.116161)
(-17.642857	-0.915471	0.110323)
(-16.589286	-0.864482	0.104484)
(-15.535714	-0.813493	0.098646)
(-14.482143	-0.762504	0.092807)
(-13.428571	-0.711514	0.086969)
(-12.375000	-0.660525	0.081130)
(-11.321429	-0.609536	0.075291)
(-10.267857	-0.558546	0.069453)
(-9.214286	-0.507557	0.063614)
(-8.160714	-0.456568	0.057776)
(-7.107143	-0.405579	0.051937)
(-5.000000	-0.303600	0.040260)
(-4.750000	-0.277300	0.042170)
(-4.500000	-0.276400	0.043630)
(-4.250000	-0.255600	0.044860)
(-4.000000	-0.246600	0.046140)
(-3.750000	-0.230700	0.047310)
(-3.500000	-0.220200	0.048350)
(-3.250000	-0.202400	0.049300)
(-3.000000	-0.195000	0.050220)
(-2.750000	-0.169800	0.051040)
(-2.500000	-0.172500	0.052080)
(-1.750000	-0.135400	0.054570)
(-1.500000	-0.115200	0.054990)
(-1.250000	-0.112300	0.055860)
(-1.000000	-0.088800	0.056230)
(-0.750000	-0.075700	0.056880)
(-0.500000	-0.061500	0.057600)
(-0.250000	-0.045800	0.058280)
(0.000000	-0.027100	0.058950)
(0.250000	-0.016400	0.060000)
(0.500000	-0.007500	0.061120)
(0.750000	0.005200	0.062270)
(1.000000	0.029300	0.063470)
(1.750000	0.006900	0.069160)
(2.000000	0.038800	0.070570)
(2.250000	0.056000	0.071280)
(2.500000	0.070200	0.072210)
(2.750000	0.106500	0.073700)
(3.000000	0.113500	0.074390)
(3.250000	0.141000	0.075900)
(3.500000	0.163200	0.077010)
(3.750000	0.173100	0.077990)
(4.250000	0.219300	0.080730)
(4.500000	0.230200	0.081900)
(4.750000	0.265700	0.083770)
(5.000000	0.275000	0.084840)
(5.250000	0.285600	0.086130)
(5.500000	0.317000	0.088020)
(5.750000	0.327300	0.089140)
(6.000000	0.337100	0.090520)
(6.250000	0.352900	0.092160)
(6.500000	0.381000	0.093860)
(6.750000	0.388400	0.095180)
(7.000000	0.398400	0.096710)
(7.250000	0.414600	0.098470)
(7.500000	0.439700	0.100040)
(7.750000	0.446200	0.101400)
(8.000000	0.453600	0.102840)
(8.250000	0.461800	0.104240)
(8.500000	0.475000	0.105610)
(8.750000	0.498100	0.106840)
(9.000000	0.517500	0.108780)
(9.250000	0.540200	0.111280)
(9.500000	0.561300	0.113800)
(9.750000	0.577400	0.116290)
(10.000000	0.591400	0.118710)
(10.250000	0.608800	0.121120)
(10.500000	0.632100	0.123460)
(10.750000	0.666900	0.125630)
(11.000000	0.672100	0.128010)
(11.250000	0.763600	0.120600)
(11.750000	0.802400	0.123710)
(12.250000	0.857600	0.125230)
(12.500000	0.860300	0.128000)
(13.000000	0.901700	0.130110)
(13.250000	0.926000	0.130530)
(13.500000	0.924400	0.133910)
(13.750000	0.941100	0.135120)
(14.000000	0.961200	0.135830)
(14.250000	0.982300	0.136240)
(15.250000	1.027600	0.143060)
(15.750000	1.034000	0.149210)
(16.250000	1.061600	0.151630)
(16.500000	1.078100	0.152240)
(16.750000	1.095500	0.152590)
(17.250000	1.439300	0.097090)
(17.500000	1.456000	0.097170)
(17.750000	1.464600	0.098430)
(18.000000	1.470200	0.100170)
(18.250000	1.457800	0.104650)
(18.500000	1.457800	0.107330)
(18.750000	1.460300	0.109680)
(19.000000	1.463700	0.111900)
(19.250000	1.466700	0.114200)
(19.500000	1.456000	0.118730)
(19.750000	1.453500	0.122000)
(24.767857	1.275347	0.202655)
(29.785714	1.162067	0.296414)
(34.803571	1.077936	0.400433)
(39.821429	1.004873	0.511561)
(44.839286	0.932906	0.626430)
(49.857143	0.856399	0.741564)
(54.875000	0.772349	0.853480)
(59.892857	0.679529	0.958799)
(64.910714	0.577998	1.054344)
(69.928571	0.468804	1.137243)
(74.946429	0.353766	1.205010)
(79.964286	0.235310	1.255626)
(84.982143	0.116317	1.287597)
(90.000000	0.000000	1.300000)
(95.017857	-0.081422	1.287597)
(100.035714	-0.164717	1.255626)
(105.053571	-0.247637	1.205010)
(110.071429	-0.328163	1.137243)
(115.089286	-0.404598	1.054344)
(120.107143	-0.475670	0.958799)
(125.125000	-0.540645	0.853480)
(130.142857	-0.599479	0.741564)
(135.160714	-0.653034	0.626430)
(140.178571	-0.703411	0.511561)
(145.196429	-0.754555	0.400433)
(150.214286	-0.813447	0.296414)
(155.232143	-0.892743	0.202655)
(160.250000	-1.017450	0.122000)
(161.660714	-0.944775	0.102031)
(163.071429	-0.872100	0.083342)
(164.482143	-0.799425	0.065977)
(165.892857	-0.726750	0.049980)
(167.303571	-0.654075	0.035388)
(168.714286	-0.581400	0.022235)
(170.125000	-0.508725	0.010555)
(171.535714	-0.436050	0.001000)
(172.946429	-0.363375	0.001000)
(174.357143	-0.290700	0.001000)
(175.767857	-0.218025	0.001000)
(177.178571	-0.145350	0.001000)
(178.589286	-0.072675	0.001000)
(180.000000	0.000000	0.001000)
