// Re = 0.06
(-180.000000	0.000000	0.002356)
(-177.857143	0.061810	0.004171)
(-175.714286	0.123620	0.009609)
(-173.571429	0.185430	0.018638)
(-171.428571	0.247240	0.031207)
(-169.285714	0.309050	0.047247)
(-167.142857	0.370860	0.066667)
(-165.000000	0.432670	0.089359)
(-162.857143	0.494480	0.115196)
(-160.714286	0.556290	0.144033)
(-158.571429	0.618100	0.175709)
(-156.428571	0.679910	0.210047)
(-154.285714	0.741720	0.246854)
(-152.142857	0.803530	0.285925)
(-150.000000	0.865340	0.327040)
(-145.714286	0.804316	0.414475)
(-141.428571	0.751628	0.507203)
(-137.142857	0.701958	0.603152)
(-132.857143	0.652021	0.700177)
(-128.571429	0.599817	0.796107)
(-124.285714	0.544220	0.888799)
(-120.000000	0.484743	0.976178)
(-115.714286	0.421384	1.056290)
(-111.428571	0.354530	1.127344)
(-107.142857	0.284878	1.187750)
(-102.857143	0.213375	1.236154)
(-98.571429	0.141172	1.271473)
(-94.285714	0.069574	1.292916)
(-90.000000	0.000000	1.300000)
(-85.714286	-0.069574	1.292916)
(-81.428571	-0.141172	1.271473)
(-77.142857	-0.213375	1.236154)
(-72.857143	-0.284878	1.187750)
(-68.571429	-0.354530	1.127344)
(-64.285714	-0.421384	1.056290)
(-60.000000	-0.484743	0.976178)
(-55.714286	-0.544220	0.888799)
(-51.428571	-0.599817	0.796107)
(-47.142857	-0.652021	0.700177)
(-42.857143	-0.701958	0.603152)
(-38.571429	-0.751628	0.507203)
(-34.285714	-0.804316	0.414475)
(-30.000000	-0.865340	0.327040)
(-28.214286	-0.842173	0.307704)
(-26.428571	-0.819006	0.288367)
(-24.642857	-0.795839	0.269031)
(-22.857143	-0.772671	0.249694)
(-21.071429	-0.749504	0.230358)
(-19.285714	-0.726337	0.211021)
(-17.500000	-0.703170	0.191685)
(-15.714286	-0.680003	0.172349)
(-13.928571	-0.656836	0.153012)
(-12.142857	-0.633669	0.133676)
(-10.357143	-0.610501	0.114339)
(-8.571429	-0.587334	0.095003)
(-5.000000	-0.541000	0.056330)
(-4.750000	-0.532400	0.058600)
(-4.250000	-0.655300	0.052770)
(-4.000000	-0.636500	0.055730)
(-3.750000	-0.613600	0.057890)
(-3.500000	-0.596800	0.060110)
(-3.250000	-0.578700	0.062130)
(-3.000000	-0.558300	0.063220)
(-2.750000	-0.540500	0.065030)
(-2.500000	-0.525700	0.066320)
(-2.250000	-0.507800	0.067670)
(-2.000000	-0.494000	0.068270)
(-1.750000	-0.475700	0.068690)
(-1.500000	-0.459600	0.069390)
(-1.250000	-0.443400	0.069860)
(-1.000000	-0.426700	0.070170)
(-0.750000	-0.409700	0.070400)
(-0.500000	-0.391300	0.070650)
(-0.250000	-0.370400	0.071220)
(0.000000	-0.352500	0.071610)
(0.250000	-0.338800	0.071630)
(0.500000	-0.321500	0.071880)
(0.750000	-0.292400	0.072900)
(1.000000	-0.276900	0.072790)
(1.250000	-0.263800	0.073060)
(1.500000	-0.234000	0.074190)
(1.750000	-0.218000	0.074220)
(2.000000	-0.200300	0.074830)
(2.250000	-0.173800	0.075750)
(2.500000	-0.156400	0.076150)
(2.750000	-0.125800	0.077760)
(3.000000	-0.114000	0.077800)
(3.250000	-0.093800	0.078730)
(3.500000	-0.068800	0.079880)
(3.750000	-0.054600	0.080450)
(4.000000	-0.019500	0.082520)
(4.250000	-0.013100	0.082580)
(4.500000	0.004900	0.083700)
(4.750000	0.030300	0.085100)
(5.000000	0.043000	0.085900)
(5.250000	0.075400	0.088100)
(5.500000	0.082800	0.088460)
(5.750000	0.097600	0.089640)
(6.000000	0.123900	0.091390)
(6.250000	0.131900	0.092100)
(6.500000	0.151500	0.093730)
(6.750000	0.169900	0.095020)
(7.000000	0.177900	0.095890)
(7.250000	0.203000	0.097920)
(7.500000	0.212200	0.098680)
(7.750000	0.221300	0.099680)
(8.000000	0.244200	0.101580)
(8.500000	0.284200	0.104670)
(8.750000	0.303900	0.106920)
(9.000000	0.329300	0.109650)
(9.250000	0.364900	0.112990)
(9.500000	0.380600	0.115000)
(9.750000	0.398100	0.117330)
(10.000000	0.417600	0.119900)
(10.250000	0.440200	0.122730)
(10.500000	0.470700	0.126080)
(10.750000	0.490700	0.128630)
(11.000000	0.505800	0.130950)
(11.250000	0.521300	0.133410)
(11.750000	0.553200	0.138540)
(12.000000	0.569500	0.141170)
(12.250000	0.585800	0.143820)
(12.500000	0.602100	0.146470)
(12.750000	0.618300	0.149140)
(13.000000	0.634000	0.151790)
(13.250000	0.648900	0.154400)
(13.500000	0.663000	0.156970)
(13.750000	0.676200	0.159510)
(14.000000	0.688700	0.162020)
(14.250000	0.700600	0.164520)
(14.500000	0.712200	0.167020)
(14.750000	0.723600	0.169530)
(15.000000	0.734800	0.172060)
(15.250000	0.746000	0.174610)
(15.500000	0.757100	0.177200)
(15.750000	0.768300	0.179810)
(16.000000	0.779500	0.182490)
(16.250000	0.791100	0.185190)
(16.500000	0.803000	0.187910)
(16.750000	0.815300	0.190680)
(17.000000	0.827800	0.193430)
(17.250000	0.834700	0.195830)
(17.500000	0.841400	0.198280)
(17.750000	0.848800	0.200840)
(18.000000	0.857200	0.203490)
(18.250000	0.866400	0.206170)
(18.500000	0.876800	0.208910)
(18.750000	0.888200	0.211770)
(19.000000	0.899900	0.214620)
(19.250000	0.911400	0.217400)
(19.500000	0.921200	0.220060)
(19.750000	0.928700	0.222530)
(20.000000	0.936900	0.225090)
(20.250000	0.945600	0.227740)
(20.500000	0.954900	0.230420)
(20.750000	0.964800	0.233230)
(21.000000	0.974100	0.236030)
(21.250000	0.980500	0.238530)
(21.500000	0.986600	0.241030)
(21.750000	0.992900	0.243540)
(22.000000	1.000400	0.246090)
(22.250000	1.009200	0.248780)
(22.500000	1.019100	0.251520)
(22.750000	1.029400	0.254450)
(23.000000	1.039100	0.257390)
(23.250000	1.047400	0.260200)
(23.500000	1.054000	0.262820)
(23.750000	1.059700	0.265350)
(24.000000	1.065400	0.267920)
(24.250000	1.071800	0.270630)
(24.500000	1.079700	0.273410)
(24.750000	1.090500	0.276410)
(25.000000	1.097100	0.278830)
(25.250000	1.101900	0.281280)
(25.500000	1.110000	0.284020)
(25.750000	1.120700	0.286910)
(26.000000	1.124200	0.289040)
(26.250000	1.131800	0.291650)
(26.500000	1.141500	0.294370)
(26.750000	1.145600	0.296620)
(27.000000	1.154500	0.299230)
(27.250000	1.161100	0.301490)
(27.500000	1.166800	0.303860)
(27.750000	1.177000	0.306680)
(28.000000	1.180700	0.308670)
(28.250000	1.189600	0.311240)
(28.500000	1.195000	0.313330)
(28.750000	1.201700	0.315710)
(29.000000	1.209000	0.318080)
(29.250000	1.214600	0.320200)
(29.500000	1.222800	0.322500)
(29.750000	1.227500	0.324630)
(30.000000	1.236200	0.327040)
(34.285714	1.149023	0.414475)
(38.571429	1.073755	0.507203)
(42.857143	1.002797	0.603152)
(47.142857	0.931459	0.700177)
(51.428571	0.856882	0.796107)
(55.714286	0.777458	0.888799)
(60.000000	0.692490	0.976178)
(64.285714	0.601978	1.056290)
(68.571429	0.506472	1.127344)
(72.857143	0.406968	1.187750)
(77.142857	0.304821	1.236154)
(81.428571	0.201674	1.271473)
(85.714286	0.099391	1.292916)
(90.000000	0.000000	1.300000)
(94.285714	-0.069574	1.292916)
(98.571429	-0.141172	1.271473)
(102.857143	-0.213375	1.236154)
(107.142857	-0.284878	1.187750)
(111.428571	-0.354530	1.127344)
(115.714286	-0.421384	1.056290)
(120.000000	-0.484743	0.976178)
(124.285714	-0.544220	0.888799)
(128.571429	-0.599817	0.796107)
(132.857143	-0.652021	0.700177)
(137.142857	-0.701958	0.603152)
(141.428571	-0.751628	0.507203)
(145.714286	-0.804316	0.414475)
(150.000000	-0.865340	0.327040)
(152.142857	-0.803530	0.285925)
(154.285714	-0.741720	0.246854)
(156.428571	-0.679910	0.210047)
(158.571429	-0.618100	0.175709)
(160.714286	-0.556290	0.144033)
(162.857143	-0.494480	0.115196)
(165.000000	-0.432670	0.089359)
(167.142857	-0.370860	0.066667)
(169.285714	-0.309050	0.047247)
(171.428571	-0.247240	0.031207)
(173.571429	-0.185430	0.018638)
(175.714286	-0.123620	0.009609)
(177.857143	-0.061810	0.004171)
(180.000000	0.000000	0.002356)
