// Re = 0.07
(-180.000000	0.000000	0.001000)
(-177.857143	0.025375	0.001000)
(-175.714286	0.050750	0.001000)
(-173.571429	0.076125	0.001000)
(-171.428571	0.101500	0.001000)
(-169.285714	0.126875	0.001000)
(-167.142857	0.152250	0.001000)
(-165.000000	0.177625	0.011106)
(-162.857143	0.203000	0.037781)
(-160.714286	0.228375	0.067565)
(-158.571429	0.253750	0.100295)
(-156.428571	0.279125	0.135793)
(-154.285714	0.304500	0.173863)
(-152.142857	0.329875	0.214299)
(-150.000000	0.355250	0.256880)
(-145.714286	0.392207	0.347538)
(-141.428571	0.418238	0.443864)
(-137.142857	0.433296	0.543765)
(-132.857143	0.437407	0.645073)
(-128.571429	0.430734	0.745596)
(-124.285714	0.413615	0.843162)
(-120.000000	0.386576	0.935671)
(-115.714286	0.350330	1.021140)
(-111.428571	0.305770	1.097747)
(-107.142857	0.253959	1.163870)
(-102.857143	0.196104	1.218127)
(-98.571429	0.133533	1.259399)
(-94.285714	0.067669	1.286862)
(-90.000000	0.000000	1.300000)
(-85.714286	-0.067669	1.286862)
(-81.428571	-0.133533	1.259399)
(-77.142857	-0.196104	1.218127)
(-72.857143	-0.253959	1.163870)
(-68.571429	-0.305770	1.097747)
(-64.285714	-0.350330	1.021140)
(-60.000000	-0.386576	0.935671)
(-55.714286	-0.413615	0.843162)
(-51.428571	-0.430734	0.745596)
(-47.142857	-0.437407	0.645073)
(-42.857143	-0.433296	0.543765)
(-38.571429	-0.418238	0.443864)
(-34.285714	-0.392207	0.347538)
(-30.000000	-0.355250	0.256880)
(-28.214286	-0.343961	0.249146)
(-26.428571	-0.332671	0.241413)
(-24.642857	-0.321382	0.233679)
(-22.857143	-0.310093	0.225946)
(-21.071429	-0.298804	0.218212)
(-19.285714	-0.287514	0.210479)
(-17.500000	-0.276225	0.202745)
(-15.714286	-0.264936	0.195011)
(-13.928571	-0.253646	0.187278)
(-12.142857	-0.242357	0.179544)
(-10.357143	-0.231068	0.171811)
(-8.571429	-0.219779	0.164077)
(-5.000000	-0.197200	0.148610)
(-4.750000	-0.186500	0.148490)
(-4.500000	-0.183800	0.147860)
(-4.250000	-0.165700	0.147670)
(-4.000000	-0.177900	0.147120)
(-3.750000	-0.178900	0.147320)
(-3.500000	-0.159300	0.146480)
(-3.250000	-0.164700	0.146230)
(-3.000000	-0.163100	0.146250)
(-2.750000	-0.151600	0.145670)
(-2.500000	-0.141400	0.145560)
(-2.000000	-0.127000	0.145240)
(-1.750000	-0.139900	0.144860)
(-1.500000	-0.134000	0.145220)
(-1.250000	-0.125200	0.144450)
(-1.000000	-0.115100	0.144700)
(-0.750000	-0.119400	0.144330)
(-0.500000	-0.099600	0.144420)
(0.000000	-0.090800	0.144330)
(0.250000	-0.100500	0.153570)
(0.500000	-0.092000	0.144230)
(0.750000	-0.087300	0.143710)
(1.250000	-0.089500	0.143830)
(1.500000	-0.061500	0.143990)
(1.750000	-0.075500	0.153510)
(2.000000	-0.059100	0.143980)
(2.250000	-0.057500	0.143820)
(2.500000	-0.039800	0.143990)
(2.750000	-0.046600	0.143870)
(3.000000	-0.036600	0.144170)
(3.250000	-0.031800	0.144200)
(3.500000	-0.015100	0.144330)
(3.750000	-0.015700	0.144390)
(4.250000	-0.006900	0.144880)
(4.500000	0.010200	0.144960)
(4.750000	0.014600	0.145090)
(5.000000	-0.400300	0.112230)
(5.250000	-0.387100	0.112690)
(5.500000	-0.383300	0.111890)
(5.750000	-0.375000	0.112130)
(6.000000	-0.360700	0.112230)
(6.250000	-0.357900	0.112160)
(6.750000	-0.337600	0.112630)
(7.000000	-0.316700	0.113450)
(7.250000	-0.315600	0.113410)
(7.500000	-0.293600	0.114480)
(7.750000	-0.292400	0.114440)
(8.000000	-0.269600	0.115720)
(8.250000	-0.268600	0.115660)
(8.500000	-0.245200	0.117150)
(8.750000	-0.244300	0.117010)
(9.000000	-0.223000	0.118530)
(9.250000	-0.219700	0.118550)
(9.500000	-0.203700	0.119790)
(9.750000	-0.195400	0.120250)
(10.000000	-0.183500	0.121230)
(10.250000	-0.170600	0.122030)
(10.500000	-0.162300	0.122850)
(10.750000	-0.146000	0.123940)
(11.000000	-0.140000	0.124620)
(11.250000	-0.121000	0.125970)
(11.500000	-0.116700	0.126540)
(11.750000	-0.094100	0.128270)
(12.000000	-0.091200	0.128690)
(12.250000	-0.070800	0.130420)
(12.500000	-0.062900	0.131120)
(12.750000	-0.048500	0.132560)
(13.000000	-0.026200	0.134270)
(13.250000	-0.012000	0.135760)
(13.500000	0.022600	0.138550)
(13.750000	0.037900	0.140070)
(14.000000	0.063500	0.142510)
(14.250000	0.098700	0.145370)
(14.500000	0.119700	0.147500)
(14.750000	0.151900	0.150480)
(15.000000	0.186400	0.153290)
(15.250000	0.208100	0.155390)
(15.500000	0.235700	0.158510)
(15.750000	0.227500	0.156750)
(16.000000	0.219600	0.155520)
(16.250000	0.234800	0.156430)
(16.500000	0.239700	0.157110)
(16.750000	0.254200	0.158770)
(17.000000	0.274700	0.160720)
(17.250000	0.283800	0.162090)
(17.500000	0.298900	0.164030)
(17.750000	0.321800	0.166390)
(18.000000	0.330400	0.167810)
(18.250000	0.342800	0.169700)
(18.500000	0.366400	0.172370)
(18.750000	0.376200	0.173810)
(19.000000	0.385700	0.175530)
(19.250000	0.399700	0.177620)
(19.500000	0.420700	0.180030)
(20.000000	0.436700	0.183330)
(20.250000	0.451800	0.185500)
(20.500000	0.468200	0.187620)
(20.750000	0.474300	0.189170)
(21.000000	0.483400	0.191070)
(21.250000	0.499900	0.193410)
(21.500000	0.511400	0.195180)
(22.000000	0.526800	0.198810)
(22.250000	0.545800	0.201270)
(22.500000	0.550900	0.202700)
(22.750000	0.557100	0.204490)
(23.000000	0.568700	0.206550)
(23.250000	0.583700	0.208680)
(23.500000	0.587500	0.210220)
(23.750000	0.595200	0.212150)
(24.000000	0.612500	0.214560)
(24.250000	0.617200	0.216010)
(24.500000	0.622600	0.217820)
(24.750000	0.634100	0.219890)
(25.000000	0.646600	0.221890)
(25.500000	0.417500	0.213100)
(25.750000	0.423000	0.215310)
(26.000000	0.430700	0.217640)
(26.500000	0.444600	0.222100)
(26.750000	0.448100	0.224350)
(27.000000	0.452200	0.226710)
(27.250000	0.457100	0.229120)
(27.500000	0.462700	0.231530)
(27.750000	0.469800	0.234040)
(28.250000	0.480100	0.238810)
(28.500000	0.482800	0.241340)
(28.750000	0.486300	0.243940)
(29.000000	0.490700	0.246520)
(29.250000	0.497300	0.249090)
(29.500000	0.502700	0.251500)
(29.750000	0.504200	0.254170)
(30.000000	0.507500	0.256880)
(34.285714	0.560296	0.347538)
(38.571429	0.597483	0.443864)
(42.857143	0.618995	0.543765)
(47.142857	0.624867	0.645073)
(51.428571	0.615334	0.745596)
(55.714286	0.590879	0.843162)
(60.000000	0.552252	0.935671)
(64.285714	0.500471	1.021140)
(68.571429	0.436815	1.097747)
(72.857143	0.362799	1.163870)
(77.142857	0.280148	1.218127)
(81.428571	0.190761	1.259399)
(85.714286	0.096671	1.286862)
(90.000000	0.000000	1.300000)
(94.285714	-0.067669	1.286862)
(98.571429	-0.133533	1.259399)
(102.857143	-0.196104	1.218127)
(107.142857	-0.253959	1.163870)
(111.428571	-0.305770	1.097747)
(115.714286	-0.350330	1.021140)
(120.000000	-0.386576	0.935671)
(124.285714	-0.413615	0.843162)
(128.571429	-0.430734	0.745596)
(132.857143	-0.437407	0.645073)
(137.142857	-0.433296	0.543765)
(141.428571	-0.418238	0.443864)
(145.714286	-0.392207	0.347538)
(150.000000	-0.355250	0.256880)
(152.142857	-0.329875	0.214299)
(154.285714	-0.304500	0.173863)
(156.428571	-0.279125	0.135793)
(158.571429	-0.253750	0.100295)
(160.714286	-0.228375	0.067565)
(162.857143	-0.203000	0.037781)
(165.000000	-0.177625	0.011106)
(167.142857	-0.152250	0.001000)
(169.285714	-0.126875	0.001000)
(171.428571	-0.101500	0.001000)
(173.571429	-0.076125	0.001000)
(175.714286	-0.050750	0.001000)
(177.857143	-0.025375	0.001000)
(180.000000	0.000000	0.001000)
