// Re = 0.14
(-180.000000	0.000000	0.001000)
(-178.589286	0.066695	0.001000)
(-177.178571	0.133390	0.001000)
(-175.767857	0.200085	0.001000)
(-174.357143	0.266780	0.001000)
(-172.946429	0.333475	0.007683)
(-171.535714	0.400170	0.016286)
(-170.125000	0.466865	0.026403)
(-168.714286	0.533560	0.038011)
(-167.303571	0.600255	0.051080)
(-165.892857	0.666950	0.065581)
(-164.482143	0.733645	0.081477)
(-163.071429	0.800340	0.098731)
(-161.660714	0.867035	0.117300)
(-160.250000	0.933730	0.137140)
(-155.232143	0.829890	0.217261)
(-150.214286	0.765021	0.310375)
(-145.196429	0.716829	0.413642)
(-140.178571	0.673993	0.523916)
(-135.160714	0.630261	0.637837)
(-130.142857	0.582115	0.751935)
(-125.125000	0.527718	0.862735)
(-120.107143	0.466381	0.966868)
(-115.089286	0.398258	1.061165)
(-110.071429	0.324158	1.142764)
(-105.053571	0.245406	1.209188)
(-100.035714	0.163732	1.258430)
(-95.017857	0.081177	1.289004)
(-90.000000	0.000000	1.300000)
(-84.982143	-0.081177	1.289004)
(-79.964286	-0.163732	1.258430)
(-74.946429	-0.245406	1.209188)
(-69.928571	-0.324158	1.142764)
(-64.910714	-0.398258	1.061165)
(-59.892857	-0.466381	0.966868)
(-54.875000	-0.527718	0.862735)
(-49.857143	-0.582115	0.751935)
(-44.839286	-0.630261	0.637837)
(-39.821429	-0.673993	0.523916)
(-34.803571	-0.716829	0.413642)
(-29.785714	-0.765021	0.310375)
(-24.767857	-0.829890	0.217261)
(-19.750000	-0.933730	0.137140)
(-18.696429	-0.871085	0.128967)
(-17.642857	-0.808440	0.120794)
(-16.589286	-0.745795	0.112621)
(-15.535714	-0.683150	0.104449)
(-14.482143	-0.620505	0.096276)
(-13.428571	-0.557860	0.088103)
(-12.375000	-0.495215	0.079930)
(-11.321429	-0.432570	0.071757)
(-10.267857	-0.369925	0.063584)
(-9.214286	-0.307280	0.055411)
(-8.160714	-0.244635	0.047239)
(-7.107143	-0.181990	0.039066)
(-5.000000	-0.056700	0.022720)
(-4.500000	0.005900	0.021140)
(-4.250000	0.030800	0.020540)
(-3.750000	0.093900	0.017500)
(-3.500000	0.120200	0.017490)
(-3.250000	0.154800	0.017540)
(-3.000000	0.178500	0.017850)
(-2.750000	0.203300	0.018140)
(-2.500000	0.232800	0.018340)
(-2.250000	0.252600	0.018790)
(-2.000000	0.276800	0.019050)
(-1.750000	0.304400	0.019110)
(-1.500000	0.327000	0.019330)
(-1.250000	0.356200	0.019330)
(-1.000000	0.376200	0.019530)
(-0.750000	0.400400	0.019610)
(-0.500000	0.431000	0.019490)
(-0.250000	0.453500	0.019620)
(0.000000	0.487100	0.019430)
(0.250000	0.508200	0.019600)
(0.500000	0.532500	0.019690)
(0.750000	0.561700	0.019600)
(1.000000	0.583000	0.019770)
(1.250000	0.615400	0.019600)
(1.500000	0.635100	0.019830)
(1.750000	0.659000	0.019940)
(2.000000	0.687600	0.019880)
(2.250000	0.708700	0.020090)
(2.500000	0.739600	0.019930)
(2.750000	0.756600	0.020200)
(3.000000	0.779000	0.020300)
(3.250000	0.804700	0.020270)
(3.500000	0.821700	0.020500)
(3.750000	0.850200	0.020290)
(4.000000	0.863700	0.020570)
(4.250000	0.881300	0.020670)
(4.500000	0.904600	0.020510)
(4.750000	0.923500	0.020680)
(5.000000	0.968100	0.020540)
(5.250000	1.002800	0.020730)
(5.500000	1.034400	0.021010)
(5.750000	1.068800	0.021120)
(6.000000	1.110600	0.020890)
(6.250000	1.138700	0.021170)
(6.500000	1.166800	0.021420)
(6.750000	1.196400	0.021470)
(7.000000	1.227600	0.021260)
(7.250000	1.258100	0.021070)
(7.500000	1.286100	0.021060)
(7.750000	1.311500	0.021000)
(8.000000	1.332500	0.020970)
(8.250000	1.358600	0.020770)
(8.500000	1.375200	0.020930)
(8.750000	1.396200	0.020940)
(9.000000	1.410900	0.021100)
(9.250000	1.422900	0.021310)
(9.500000	1.431600	0.021570)
(9.750000	1.439700	0.021940)
(10.000000	1.443200	0.022550)
(10.250000	1.444600	0.023350)
(10.500000	1.442700	0.024450)
(10.750000	1.437100	0.025940)
(11.000000	1.427800	0.027900)
(11.250000	1.415700	0.030320)
(11.500000	1.402500	0.033080)
(11.750000	1.389500	0.036070)
(12.000000	1.377300	0.039190)
(12.250000	1.366600	0.042360)
(12.500000	1.357000	0.045570)
(12.750000	1.348900	0.048760)
(13.000000	1.342500	0.051900)
(13.250000	1.337200	0.055010)
(13.500000	1.333200	0.058090)
(13.750000	1.329900	0.061140)
(14.000000	1.327100	0.064190)
(14.250000	1.325100	0.067160)
(14.500000	1.324400	0.070010)
(14.750000	1.325500	0.072640)
(15.000000	1.328600	0.075030)
(15.250000	1.333900	0.077150)
(15.500000	1.342300	0.078820)
(15.750000	1.349600	0.080800)
(16.000000	1.359100	0.082490)
(16.250000	1.369700	0.084070)
(16.500000	1.379700	0.085810)
(16.750000	1.388100	0.087830)
(17.000000	1.397500	0.089730)
(17.250000	1.412400	0.091000)
(17.500000	1.407200	0.094910)
(17.750000	1.419700	0.096510)
(18.000000	1.408400	0.101230)
(18.250000	1.400800	0.105540)
(18.500000	1.407100	0.107920)
(19.000000	1.383000	0.118220)
(19.250000	1.367300	0.124160)
(19.500000	1.350800	0.130500)
(19.750000	1.333900	0.137140)
(24.767857	1.185557	0.217261)
(29.785714	1.092887	0.310375)
(34.803571	1.024041	0.413642)
(39.821429	0.962847	0.523916)
(44.839286	0.900372	0.637837)
(49.857143	0.831592	0.751935)
(54.875000	0.753883	0.862735)
(59.892857	0.666258	0.966868)
(64.910714	0.568940	1.061165)
(69.928571	0.463082	1.142764)
(74.946429	0.350579	1.209188)
(79.964286	0.233903	1.258430)
(84.982143	0.115967	1.289004)
(90.000000	0.000000	1.300000)
(95.017857	-0.081177	1.289004)
(100.035714	-0.163732	1.258430)
(105.053571	-0.245406	1.209188)
(110.071429	-0.324158	1.142764)
(115.089286	-0.398258	1.061165)
(120.107143	-0.466381	0.966868)
(125.125000	-0.527718	0.862735)
(130.142857	-0.582115	0.751935)
(135.160714	-0.630261	0.637837)
(140.178571	-0.673993	0.523916)
(145.196429	-0.716829	0.413642)
(150.214286	-0.765021	0.310375)
(155.232143	-0.829890	0.217261)
(160.250000	-0.933730	0.137140)
(161.660714	-0.867035	0.117300)
(163.071429	-0.800340	0.098731)
(164.482143	-0.733645	0.081477)
(165.892857	-0.666950	0.065581)
(167.303571	-0.600255	0.051080)
(168.714286	-0.533560	0.038011)
(170.125000	-0.466865	0.026403)
(171.535714	-0.400170	0.016286)
(172.946429	-0.333475	0.007683)
(174.357143	-0.266780	0.001000)
(175.767857	-0.200085	0.001000)
(177.178571	-0.133390	0.001000)
(178.589286	-0.066695	0.001000)
(180.000000	0.000000	0.001000)
