// Re = 0.12
(-180.000000	0.000000	0.001000)
(-178.410714	0.066350	0.001000)
(-176.821429	0.132700	0.001000)
(-175.232143	0.199050	0.001000)
(-173.642857	0.265400	0.001000)
(-172.053571	0.331750	0.003972)
(-170.464286	0.398100	0.014892)
(-168.875000	0.464450	0.027718)
(-167.285714	0.530800	0.042411)
(-165.696429	0.597150	0.058927)
(-164.107143	0.663500	0.077213)
(-162.517857	0.729850	0.097216)
(-160.928571	0.796200	0.118873)
(-159.339286	0.862550	0.142118)
(-157.750000	0.928900	0.166880)
(-152.910714	0.838249	0.250816)
(-148.071429	0.775684	0.345715)
(-143.232143	0.725402	0.448895)
(-138.392857	0.678829	0.557439)
(-133.553571	0.631052	0.668282)
(-128.714286	0.579263	0.778295)
(-123.875000	0.522014	0.884374)
(-119.035714	0.458809	0.983530)
(-114.196429	0.389868	1.072974)
(-109.357143	0.315971	1.150192)
(-104.517857	0.238339	1.213023)
(-99.678571	0.158543	1.259713)
(-94.839286	0.078421	1.288970)
(-90.000000	0.000000	1.300000)
(-85.160714	-0.078421	1.288970)
(-80.321429	-0.158543	1.259713)
(-75.482143	-0.238339	1.213023)
(-70.642857	-0.315971	1.150192)
(-65.803571	-0.389868	1.072974)
(-60.964286	-0.458809	0.983530)
(-56.125000	-0.522014	0.884374)
(-51.285714	-0.579263	0.778295)
(-46.446429	-0.631052	0.668282)
(-41.607143	-0.678829	0.557439)
(-36.767857	-0.725402	0.448895)
(-31.928571	-0.775684	0.345715)
(-27.089286	-0.838249	0.250816)
(-22.250000	-0.928900	0.166880)
(-21.017857	-0.869914	0.156589)
(-19.785714	-0.810929	0.146297)
(-18.553571	-0.751943	0.136006)
(-17.321429	-0.692957	0.125714)
(-16.089286	-0.633971	0.115423)
(-14.857143	-0.574986	0.105131)
(-13.625000	-0.516000	0.094840)
(-12.392857	-0.457014	0.084549)
(-11.160714	-0.398029	0.074257)
(-9.928571	-0.339043	0.063966)
(-8.696429	-0.280057	0.053674)
(-7.464286	-0.221071	0.043383)
(-5.000000	-0.103100	0.022800)
(-4.750000	-0.070000	0.021570)
(-4.500000	-0.047800	0.021970)
(-4.250000	-0.010900	0.022190)
(-4.000000	0.007500	0.022810)
(-3.750000	0.039400	0.023170)
(-3.500000	0.059500	0.023730)
(-3.000000	0.109000	0.024570)
(-2.750000	0.125400	0.025090)
(-2.500000	0.158900	0.025190)
(-2.250000	0.172400	0.025830)
(-2.000000	0.203800	0.025980)
(-1.750000	0.216700	0.026480)
(-1.500000	0.248600	0.026410)
(-1.250000	0.262700	0.026860)
(-0.250000	0.360600	0.027220)
(0.250000	0.409900	0.027410)
(0.750000	0.457700	0.027680)
(1.250000	0.507900	0.027980)
(1.750000	0.553300	0.028390)
(2.000000	0.560400	0.029360)
(2.250000	0.593700	0.029180)
(2.500000	0.607400	0.029910)
(2.750000	0.644800	0.029460)
(3.000000	0.650100	0.030510)
(3.500000	0.693200	0.031120)
(4.000000	0.728800	0.032040)
(4.500000	0.776500	0.032240)
(4.750000	0.772100	0.033810)
(5.250000	0.812100	0.034330)
(8.500000	1.187600	0.034980)
(9.000000	1.250000	0.034040)
(9.250000	1.296200	0.032640)
(9.500000	1.347900	0.031120)
(9.750000	1.379600	0.030640)
(10.000000	1.397200	0.030730)
(10.250000	1.416300	0.030600)
(10.500000	1.450900	0.029510)
(10.750000	1.452700	0.030070)
(11.000000	1.473000	0.029760)
(11.250000	1.469200	0.030840)
(11.500000	1.479300	0.031280)
(11.750000	1.481200	0.032240)
(12.000000	1.479400	0.033570)
(12.250000	1.479300	0.034900)
(12.500000	1.475400	0.036630)
(12.750000	1.470500	0.038570)
(13.000000	1.464200	0.040770)
(13.250000	1.456200	0.043250)
(13.500000	1.446300	0.046080)
(13.750000	1.435200	0.049210)
(14.000000	1.423700	0.052570)
(14.250000	1.412200	0.056100)
(14.500000	1.401200	0.059740)
(14.750000	1.390800	0.063410)
(15.000000	1.381300	0.067160)
(15.250000	1.373000	0.070810)
(15.500000	1.366000	0.074430)
(15.750000	1.360000	0.077940)
(16.000000	1.355000	0.081410)
(16.250000	1.350700	0.084850)
(16.500000	1.347200	0.088230)
(16.750000	1.344300	0.091560)
(17.000000	1.341800	0.094850)
(17.250000	1.339100	0.098260)
(17.500000	1.337700	0.101450)
(17.750000	1.338200	0.104330)
(18.000000	1.340800	0.106910)
(18.250000	1.345200	0.109230)
(18.500000	1.352500	0.111020)
(18.750000	1.360600	0.112760)
(19.000000	1.371900	0.113960)
(19.250000	1.383000	0.115260)
(19.500000	1.390700	0.117160)
(19.750000	1.396600	0.119380)
(20.000000	1.407000	0.120870)
(20.250000	1.408500	0.123870)
(20.500000	1.411800	0.126580)
(20.750000	1.405800	0.130860)
(21.000000	1.416100	0.132400)
(21.250000	1.401500	0.138230)
(21.500000	1.386000	0.144400)
(21.750000	1.368500	0.151120)
(22.000000	1.348700	0.158620)
(22.250000	1.327000	0.166880)
(27.089286	1.197498	0.250816)
(31.928571	1.108121	0.345715)
(36.767857	1.036288	0.448895)
(41.607143	0.969756	0.557439)
(46.446429	0.901503	0.668282)
(51.285714	0.827519	0.778295)
(56.125000	0.745734	0.884374)
(60.964286	0.655441	0.983530)
(65.803571	0.556954	1.072974)
(70.642857	0.451387	1.150192)
(75.482143	0.340484	1.213023)
(80.321429	0.226490	1.259713)
(85.160714	0.112030	1.288970)
(90.000000	0.000000	1.300000)
(94.839286	-0.078421	1.288970)
(99.678571	-0.158543	1.259713)
(104.517857	-0.238339	1.213023)
(109.357143	-0.315971	1.150192)
(114.196429	-0.389868	1.072974)
(119.035714	-0.458809	0.983530)
(123.875000	-0.522014	0.884374)
(128.714286	-0.579263	0.778295)
(133.553571	-0.631052	0.668282)
(138.392857	-0.678829	0.557439)
(143.232143	-0.725402	0.448895)
(148.071429	-0.775684	0.345715)
(152.910714	-0.838249	0.250816)
(157.750000	-0.928900	0.166880)
(159.339286	-0.862550	0.142118)
(160.928571	-0.796200	0.118873)
(162.517857	-0.729850	0.097216)
(164.107143	-0.663500	0.077213)
(165.696429	-0.597150	0.058927)
(167.285714	-0.530800	0.042411)
(168.875000	-0.464450	0.027718)
(170.464286	-0.398100	0.014892)
(172.053571	-0.331750	0.003972)
(173.642857	-0.265400	0.001000)
(175.232143	-0.199050	0.001000)
(176.821429	-0.132700	0.001000)
(178.410714	-0.066350	0.001000)
(180.000000	0.000000	0.001000)
