// Re = 0.24
(-180.000000	0.000000	0.001000)
(-178.410714	0.065170	0.001000)
(-176.821429	0.130340	0.001087)
(-175.232143	0.195510	0.006077)
(-173.642857	0.260680	0.013042)
(-172.053571	0.325850	0.021960)
(-170.464286	0.391020	0.032803)
(-168.875000	0.456190	0.045539)
(-167.285714	0.521360	0.060128)
(-165.696429	0.586530	0.076526)
(-164.107143	0.651700	0.094682)
(-162.517857	0.716870	0.114539)
(-160.928571	0.782040	0.136038)
(-159.339286	0.847210	0.159112)
(-157.750000	0.912380	0.183690)
(-152.910714	0.825539	0.266986)
(-148.071429	0.765739	0.361130)
(-143.232143	0.717573	0.463444)
(-138.392857	0.672681	0.571019)
(-133.553571	0.626268	0.680797)
(-128.714286	0.575602	0.789654)
(-123.875000	0.519281	0.894497)
(-119.035714	0.456841	0.992346)
(-114.196429	0.388523	1.080418)
(-109.357143	0.315121	1.156212)
(-104.517857	0.237865	1.217576)
(-99.678571	0.158334	1.262766)
(-94.839286	0.078369	1.290502)
(-90.000000	0.000000	1.300000)
(-85.160714	-0.078369	1.290502)
(-80.321429	-0.158334	1.262766)
(-75.482143	-0.237865	1.217576)
(-70.642857	-0.315121	1.156212)
(-65.803571	-0.388523	1.080418)
(-60.964286	-0.456841	0.992346)
(-56.125000	-0.519281	0.894497)
(-51.285714	-0.575602	0.789654)
(-46.446429	-0.626268	0.680797)
(-41.607143	-0.672681	0.571019)
(-36.767857	-0.717573	0.463444)
(-31.928571	-0.765739	0.361130)
(-27.089286	-0.825539	0.266986)
(-22.250000	-0.912380	0.183690)
(-21.017857	-0.845474	0.171671)
(-19.785714	-0.778569	0.159651)
(-18.553571	-0.711663	0.147632)
(-17.321429	-0.644757	0.135613)
(-16.089286	-0.577851	0.123594)
(-14.857143	-0.510946	0.111574)
(-13.625000	-0.444040	0.099555)
(-12.392857	-0.377134	0.087536)
(-11.160714	-0.310229	0.075516)
(-9.928571	-0.243323	0.063497)
(-8.696429	-0.176417	0.051478)
(-7.464286	-0.109511	0.039459)
(-5.000000	0.024300	0.015420)
(-4.750000	0.052200	0.014880)
(-4.500000	0.077600	0.014420)
(-4.250000	0.104300	0.013910)
(-4.000000	0.133200	0.013060)
(-3.750000	0.158900	0.011730)
(-3.500000	0.186000	0.011520)
(-3.250000	0.215800	0.011510)
(-3.000000	0.242500	0.011580)
(-2.750000	0.270000	0.011660)
(-2.500000	0.299400	0.011740)
(-2.250000	0.325000	0.011890)
(-2.000000	0.351600	0.012060)
(-1.750000	0.380100	0.012150)
(-1.500000	0.406100	0.012230)
(-1.250000	0.433300	0.012330)
(-1.000000	0.459800	0.012420)
(-0.750000	0.486600	0.012480)
(-0.500000	0.515800	0.012500)
(-0.250000	0.541000	0.012550)
(0.000000	0.568500	0.012590)
(0.250000	0.596700	0.012620)
(0.500000	0.622600	0.012680)
(0.750000	0.651300	0.012710)
(1.000000	0.677100	0.012780)
(1.250000	0.704400	0.012840)
(1.500000	0.731800	0.012890)
(1.750000	0.757200	0.012970)
(2.000000	0.785600	0.013030)
(2.250000	0.811400	0.013110)
(2.500000	0.837700	0.013200)
(2.750000	0.865000	0.013270)
(3.000000	0.889600	0.013370)
(3.250000	0.916800	0.013460)
(3.500000	0.942200	0.013560)
(3.750000	0.967200	0.013670)
(4.000000	0.994800	0.013740)
(4.250000	1.018000	0.013860)
(4.500000	1.043100	0.013960)
(4.750000	1.069500	0.014020)
(5.000000	1.091000	0.014090)
(5.250000	1.113500	0.014160)
(5.500000	1.135600	0.014220)
(5.750000	1.159000	0.014270)
(6.000000	1.177100	0.014290)
(6.250000	1.193300	0.014240)
(6.750000	1.237000	0.014170)
(7.000000	1.266000	0.014330)
(7.250000	1.289900	0.014470)
(7.500000	1.313500	0.014630)
(7.750000	1.337100	0.014820)
(8.000000	1.357100	0.015050)
(8.250000	1.376900	0.015290)
(8.500000	1.393600	0.015570)
(8.750000	1.407700	0.015880)
(9.000000	1.420300	0.016270)
(9.250000	1.430500	0.016780)
(9.500000	1.437000	0.017460)
(9.750000	1.439300	0.018410)
(10.000000	1.437100	0.019720)
(10.250000	1.432000	0.021380)
(10.500000	1.425500	0.023340)
(10.750000	1.419200	0.025480)
(11.000000	1.413700	0.027740)
(11.250000	1.408300	0.030120)
(11.500000	1.403200	0.032600)
(11.750000	1.398700	0.035130)
(12.000000	1.394800	0.037700)
(12.250000	1.391900	0.040280)
(12.500000	1.389800	0.042870)
(12.750000	1.387600	0.045540)
(13.000000	1.385300	0.048310)
(13.250000	1.382900	0.051170)
(13.500000	1.379400	0.054210)
(13.750000	1.375800	0.057330)
(14.000000	1.371900	0.060560)
(14.250000	1.368300	0.063790)
(14.500000	1.365800	0.066980)
(14.750000	1.363700	0.070140)
(15.000000	1.362200	0.073270)
(15.250000	1.361200	0.076360)
(15.500000	1.361000	0.079360)
(15.750000	1.361400	0.082290)
(16.000000	1.362500	0.085120)
(16.250000	1.364400	0.087820)
(16.500000	1.367600	0.090270)
(16.750000	1.370400	0.092910)
(17.000000	1.374300	0.095320)
(17.250000	1.380000	0.097410)
(17.500000	1.384000	0.099840)
(17.750000	1.392500	0.101440)
(18.000000	1.395300	0.104100)
(18.250000	1.403100	0.105830)
(18.500000	1.406000	0.108520)
(18.750000	1.408900	0.111170)
(19.000000	1.419100	0.112460)
(19.250000	1.415100	0.116440)
(19.500000	1.414400	0.119770)
(19.750000	1.416900	0.122540)
(20.000000	1.427500	0.123750)
(20.250000	1.417600	0.128890)
(20.500000	1.407600	0.134160)
(20.750000	1.397000	0.139660)
(21.000000	1.385400	0.145520)
(21.250000	1.372300	0.151810)
(21.500000	1.357300	0.158770)
(21.750000	1.340100	0.166510)
(22.000000	1.321600	0.174930)
(22.250000	1.303400	0.183690)
(27.089286	1.179341	0.266986)
(31.928571	1.093913	0.361130)
(36.767857	1.025105	0.463444)
(41.607143	0.960973	0.571019)
(46.446429	0.894669	0.680797)
(51.285714	0.822289	0.789654)
(56.125000	0.741831	0.894497)
(60.964286	0.652630	0.992346)
(65.803571	0.555033	1.080418)
(70.642857	0.450172	1.156212)
(75.482143	0.339807	1.217576)
(80.321429	0.226191	1.262766)
(85.160714	0.111955	1.290502)
(90.000000	0.000000	1.300000)
(94.839286	-0.078369	1.290502)
(99.678571	-0.158334	1.262766)
(104.517857	-0.237865	1.217576)
(109.357143	-0.315121	1.156212)
(114.196429	-0.388523	1.080418)
(119.035714	-0.456841	0.992346)
(123.875000	-0.519281	0.894497)
(128.714286	-0.575602	0.789654)
(133.553571	-0.626268	0.680797)
(138.392857	-0.672681	0.571019)
(143.232143	-0.717573	0.463444)
(148.071429	-0.765739	0.361130)
(152.910714	-0.825539	0.266986)
(157.750000	-0.912380	0.183690)
(159.339286	-0.847210	0.159112)
(160.928571	-0.782040	0.136038)
(162.517857	-0.716870	0.114539)
(164.107143	-0.651700	0.094682)
(165.696429	-0.586530	0.076526)
(167.285714	-0.521360	0.060128)
(168.875000	-0.456190	0.045539)
(170.464286	-0.391020	0.032803)
(172.053571	-0.325850	0.021960)
(173.642857	-0.260680	0.013042)
(175.232143	-0.195510	0.006077)
(176.821429	-0.130340	0.001087)
(178.410714	-0.065170	0.001000)
(180.000000	0.000000	0.001000)
