// Re = 0.11
(-180.000000	0.000000	0.047759)
(-178.750000	0.057440	0.048367)
(-177.500000	0.114880	0.050187)
(-176.250000	0.172320	0.053218)
(-175.000000	0.229760	0.057452)
(-173.750000	0.287200	0.062883)
(-172.500000	0.344640	0.069499)
(-171.250000	0.402080	0.077287)
(-170.000000	0.459520	0.086233)
(-168.750000	0.516960	0.096320)
(-167.500000	0.574400	0.107527)
(-166.250000	0.631840	0.119834)
(-165.000000	0.689280	0.133215)
(-163.750000	0.746720	0.147647)
(-162.500000	0.804160	0.163100)
(-157.321429	0.720248	0.237321)
(-152.142857	0.676339	0.326067)
(-146.964286	0.647395	0.426400)
(-141.785714	0.621501	0.534997)
(-136.607143	0.592309	0.648259)
(-131.428571	0.556331	0.762425)
(-126.250000	0.511799	0.873699)
(-121.071429	0.458118	0.978373)
(-115.892857	0.395561	1.072949)
(-110.714286	0.325086	1.154251)
(-105.535714	0.248199	1.219533)
(-100.357143	0.166838	1.266568)
(-95.178571	0.083270	1.293720)
(-90.000000	0.000000	1.300000)
(-84.821429	-0.083270	1.293720)
(-79.642857	-0.166838	1.266568)
(-74.464286	-0.248199	1.219533)
(-69.285714	-0.325086	1.154251)
(-64.107143	-0.395561	1.072949)
(-58.928571	-0.458118	0.978373)
(-53.750000	-0.511799	0.873699)
(-48.571429	-0.556331	0.762425)
(-43.392857	-0.592309	0.648259)
(-38.214286	-0.621501	0.534997)
(-33.035714	-0.647395	0.426400)
(-27.857143	-0.676339	0.326067)
(-22.678571	-0.720248	0.237321)
(-17.500000	-0.804160	0.163100)
(-16.607143	-0.759541	0.153820)
(-15.714286	-0.714923	0.144540)
(-14.821429	-0.670304	0.135260)
(-13.928571	-0.625686	0.125980)
(-13.035714	-0.581067	0.116700)
(-12.142857	-0.536449	0.107420)
(-11.250000	-0.491830	0.098140)
(-10.357143	-0.447211	0.088860)
(-9.464286	-0.402593	0.079580)
(-8.571429	-0.357974	0.070300)
(-7.678571	-0.313356	0.061020)
(-6.785714	-0.268737	0.051740)
(-5.000000	-0.179500	0.033180)
(-4.750000	-0.145800	0.031360)
(-4.500000	-0.111100	0.029780)
(-4.250000	-0.069000	0.028300)
(-4.000000	-0.038200	0.027320)
(-3.750000	-0.007000	0.026460)
(-3.500000	0.026400	0.025630)
(-3.250000	0.064000	0.024740)
(-3.000000	0.094300	0.024120)
(-2.750000	0.142300	0.022710)
(-2.500000	0.174500	0.021520)
(-2.250000	0.198800	0.021950)
(-2.000000	0.232900	0.022130)
(-1.750000	0.251100	0.022580)
(-1.500000	0.265200	0.023070)
(-1.250000	0.277000	0.023510)
(-1.000000	0.292900	0.023750)
(-0.750000	0.319900	0.023670)
(-0.500000	0.337000	0.023830)
(0.000000	0.391700	0.023620)
(0.250000	0.408200	0.023790)
(0.750000	0.457300	0.023540)
(1.000000	0.473000	0.023740)
(1.250000	0.486900	0.023910)
(1.500000	0.511800	0.023650)
(1.750000	0.536500	0.023580)
(2.750000	0.701400	0.023580)
(3.000000	0.733000	0.024020)
(3.250000	0.763400	0.024500)
(3.500000	0.809200	0.024090)
(3.750000	0.836500	0.024640)
(4.000000	0.864300	0.025120)
(4.250000	0.906800	0.024730)
(4.500000	0.934700	0.025080)
(4.750000	0.961100	0.025470)
(5.000000	0.989100	0.025700)
(5.500000	1.063000	0.025020)
(5.750000	1.090600	0.025150)
(6.000000	1.118800	0.025200)
(6.250000	1.152700	0.024730)
(6.500000	1.182800	0.024310)
(6.750000	1.209800	0.024090)
(7.000000	1.242800	0.023570)
(7.250000	1.269700	0.023010)
(7.500000	1.299100	0.022060)
(7.750000	1.319300	0.021740)
(8.000000	1.337700	0.021670)
(8.250000	1.355500	0.021620)
(8.500000	1.367700	0.021770)
(8.750000	1.377200	0.022010)
(9.000000	1.380200	0.022470)
(9.250000	1.378900	0.023290)
(9.500000	1.370700	0.024670)
(9.750000	1.354600	0.026880)
(10.000000	1.334900	0.029790)
(10.250000	1.315800	0.033080)
(10.500000	1.300900	0.036350)
(10.750000	1.292200	0.039290)
(11.000000	1.288800	0.041880)
(11.250000	1.289500	0.044180)
(11.500000	1.293300	0.046270)
(11.750000	1.299700	0.048200)
(12.000000	1.308400	0.049990)
(12.250000	1.319000	0.051730)
(12.500000	1.332000	0.053380)
(12.750000	1.348500	0.054930)
(13.000000	1.368500	0.056480)
(13.250000	1.388700	0.058300)
(13.500000	1.410500	0.060300)
(13.750000	1.425700	0.062790)
(14.000000	1.437700	0.065580)
(14.250000	1.447700	0.068510)
(14.500000	1.441900	0.072080)
(14.750000	1.445300	0.075330)
(15.000000	1.430700	0.079530)
(15.250000	1.415900	0.083940)
(15.500000	1.399800	0.088570)
(15.750000	1.382000	0.093460)
(16.000000	1.363700	0.098580)
(16.250000	1.345500	0.103960)
(16.500000	1.328200	0.109540)
(17.000000	1.261300	0.126680)
(17.500000	1.148800	0.163100)
(22.678571	1.028926	0.237321)
(27.857143	0.966198	0.326067)
(33.035714	0.924851	0.426400)
(38.214286	0.887859	0.534997)
(43.392857	0.846156	0.648259)
(48.571429	0.794758	0.762425)
(53.750000	0.731142	0.873699)
(58.928571	0.654454	0.978373)
(64.107143	0.565087	1.072949)
(69.285714	0.464409	1.154251)
(74.464286	0.354570	1.219533)
(79.642857	0.238339	1.266568)
(84.821429	0.118958	1.293720)
(90.000000	0.000000	1.300000)
(95.178571	-0.083270	1.293720)
(100.357143	-0.166838	1.266568)
(105.535714	-0.248199	1.219533)
(110.714286	-0.325086	1.154251)
(115.892857	-0.395561	1.072949)
(121.071429	-0.458118	0.978373)
(126.250000	-0.511799	0.873699)
(131.428571	-0.556331	0.762425)
(136.607143	-0.592309	0.648259)
(141.785714	-0.621501	0.534997)
(146.964286	-0.647395	0.426400)
(152.142857	-0.676339	0.326067)
(157.321429	-0.720248	0.237321)
(162.500000	-0.804160	0.163100)
(163.750000	-0.746720	0.147647)
(165.000000	-0.689280	0.133215)
(166.250000	-0.631840	0.119834)
(167.500000	-0.574400	0.107527)
(168.750000	-0.516960	0.096320)
(170.000000	-0.459520	0.086233)
(171.250000	-0.402080	0.077287)
(172.500000	-0.344640	0.069499)
(173.750000	-0.287200	0.062883)
(175.000000	-0.229760	0.057452)
(176.250000	-0.172320	0.053218)
(177.500000	-0.114880	0.050187)
(178.750000	-0.057440	0.048367)
(180.000000	0.000000	0.047759)
