// Re = 0.18
(-180.000000	0.000000	0.001000)
(-178.625000	0.065020	0.001000)
(-177.250000	0.130040	0.001000)
(-175.875000	0.195060	0.002570)
(-174.500000	0.260080	0.007794)
(-173.125000	0.325100	0.014490)
(-171.750000	0.390120	0.022643)
(-170.375000	0.455140	0.032233)
(-169.000000	0.520160	0.043239)
(-167.625000	0.585180	0.055636)
(-166.250000	0.650200	0.069395)
(-164.875000	0.715220	0.084484)
(-163.500000	0.780240	0.100868)
(-162.125000	0.845260	0.118510)
(-160.750000	0.910280	0.137370)
(-155.696429	0.809423	0.216410)
(-150.642857	0.748230	0.308819)
(-145.589286	0.703618	0.411732)
(-140.535714	0.664027	0.521961)
(-135.482143	0.623122	0.636089)
(-130.428571	0.577359	0.750580)
(-125.375000	0.524897	0.861886)
(-120.321429	0.465052	0.966560)
(-115.267857	0.398000	1.061359)
(-110.214286	0.324577	1.143350)
(-105.160714	0.246143	1.209994)
(-100.107143	0.164473	1.259233)
(-95.053571	0.081654	1.289546)
(-90.000000	0.000000	1.300000)
(-84.946429	-0.081654	1.289546)
(-79.892857	-0.164473	1.259233)
(-74.839286	-0.246143	1.209994)
(-69.785714	-0.324577	1.143350)
(-64.732143	-0.398000	1.061359)
(-59.678571	-0.465052	0.966560)
(-54.625000	-0.524897	0.861886)
(-49.571429	-0.577359	0.750580)
(-44.517857	-0.623122	0.636089)
(-39.464286	-0.664027	0.521961)
(-34.410714	-0.703618	0.411732)
(-29.357143	-0.748230	0.308819)
(-24.303571	-0.809423	0.216410)
(-19.250000	-0.910280	0.137370)
(-18.232143	-0.845417	0.128951)
(-17.214286	-0.780554	0.120533)
(-16.196429	-0.715691	0.112114)
(-15.178571	-0.650829	0.103696)
(-14.160714	-0.585966	0.095277)
(-13.142857	-0.521103	0.086859)
(-12.125000	-0.456240	0.078440)
(-11.107143	-0.391377	0.070021)
(-10.089286	-0.326514	0.061603)
(-9.071429	-0.261651	0.053184)
(-8.053571	-0.196789	0.044766)
(-7.035714	-0.131926	0.036347)
(-5.000000	-0.002200	0.019510)
(-4.750000	0.024300	0.018810)
(-4.500000	0.051700	0.018140)
(-4.250000	0.085700	0.017360)
(-4.000000	0.111100	0.016810)
(-3.750000	0.138000	0.016260)
(-3.500000	0.168000	0.015560)
(-3.250000	0.198300	0.013620)
(-3.000000	0.224300	0.013520)
(-2.750000	0.252300	0.013580)
(-2.500000	0.282200	0.013640)
(-2.250000	0.307200	0.013790)
(-2.000000	0.333400	0.013950)
(-1.750000	0.361400	0.014100)
(-1.500000	0.383400	0.014350)
(-1.250000	0.408000	0.014500)
(-1.000000	0.437500	0.014480)
(-0.750000	0.461300	0.014560)
(-0.500000	0.486700	0.014600)
(-0.250000	0.516900	0.014550)
(0.000000	0.540900	0.014620)
(0.250000	0.566200	0.014670)
(0.500000	0.595900	0.014630)
(0.750000	0.619700	0.014700)
(1.000000	0.644600	0.014770)
(1.250000	0.674200	0.014740)
(1.500000	0.697600	0.014830)
(1.750000	0.721400	0.014900)
(2.000000	0.749700	0.014880)
(2.250000	0.771400	0.014980)
(2.500000	0.795200	0.015060)
(2.750000	0.822100	0.015030)
(3.000000	0.842700	0.015130)
(3.250000	0.863400	0.015190)
(3.500000	0.887700	0.015140)
(3.750000	0.906200	0.015170)
(4.000000	0.924200	0.015190)
(4.250000	0.946500	0.015110)
(4.500000	0.982300	0.015070)
(4.750000	1.015900	0.015240)
(5.000000	1.047400	0.015430)
(5.250000	1.079000	0.015580)
(5.500000	1.109700	0.015690)
(5.750000	1.138600	0.015770)
(6.000000	1.166200	0.015850)
(6.250000	1.193200	0.015930)
(6.500000	1.219800	0.016000)
(6.750000	1.245700	0.016040)
(7.000000	1.266100	0.016090)
(7.250000	1.285900	0.016110)
(7.500000	1.304800	0.016200)
(7.750000	1.323900	0.016360)
(8.000000	1.341600	0.016570)
(8.250000	1.357000	0.016830)
(8.500000	1.370400	0.017150)
(8.750000	1.379300	0.017530)
(9.000000	1.386200	0.018080)
(9.250000	1.389600	0.018850)
(9.500000	1.387600	0.019990)
(9.750000	1.381300	0.021530)
(10.000000	1.372400	0.023460)
(10.250000	1.361800	0.025750)
(10.500000	1.350200	0.028340)
(10.750000	1.338600	0.031160)
(11.000000	1.328900	0.034010)
(11.250000	1.322300	0.036740)
(11.500000	1.318400	0.039330)
(11.750000	1.316200	0.041840)
(12.000000	1.315300	0.044310)
(12.250000	1.315000	0.046770)
(12.500000	1.315100	0.049220)
(12.750000	1.316700	0.051600)
(13.000000	1.318600	0.053950)
(13.250000	1.321100	0.056240)
(13.500000	1.324900	0.058440)
(13.750000	1.330000	0.060480)
(14.000000	1.336000	0.062460)
(14.250000	1.344500	0.064140)
(14.500000	1.352300	0.066010)
(14.750000	1.362100	0.067660)
(15.000000	1.373400	0.069190)
(15.250000	1.383800	0.070890)
(15.500000	1.391900	0.072940)
(15.750000	1.399500	0.075100)
(16.000000	1.408100	0.077130)
(16.250000	1.411700	0.079740)
(16.500000	1.411400	0.082890)
(16.750000	1.410600	0.086130)
(17.250000	1.402800	0.093480)
(17.500000	1.391500	0.098170)
(17.750000	1.382600	0.102650)
(18.000000	1.387100	0.105210)
(18.250000	1.369500	0.111120)
(18.500000	1.352000	0.117280)
(18.750000	1.334600	0.123700)
(19.000000	1.317200	0.130420)
(19.250000	1.300400	0.137370)
(24.303571	1.156319	0.216410)
(29.357143	1.068900	0.308819)
(34.410714	1.005169	0.411732)
(39.464286	0.948610	0.521961)
(44.517857	0.890175	0.636089)
(49.571429	0.824799	0.750580)
(54.625000	0.749853	0.861886)
(59.678571	0.664361	0.966560)
(64.732143	0.568572	1.061359)
(69.785714	0.463681	1.143350)
(74.839286	0.351633	1.209994)
(79.892857	0.234961	1.259233)
(84.946429	0.116649	1.289546)
(90.000000	0.000000	1.300000)
(95.053571	-0.081654	1.289546)
(100.107143	-0.164473	1.259233)
(105.160714	-0.246143	1.209994)
(110.214286	-0.324577	1.143350)
(115.267857	-0.398000	1.061359)
(120.321429	-0.465052	0.966560)
(125.375000	-0.524897	0.861886)
(130.428571	-0.577359	0.750580)
(135.482143	-0.623122	0.636089)
(140.535714	-0.664027	0.521961)
(145.589286	-0.703618	0.411732)
(150.642857	-0.748230	0.308819)
(155.696429	-0.809423	0.216410)
(160.750000	-0.910280	0.137370)
(162.125000	-0.845260	0.118510)
(163.500000	-0.780240	0.100868)
(164.875000	-0.715220	0.084484)
(166.250000	-0.650200	0.069395)
(167.625000	-0.585180	0.055636)
(169.000000	-0.520160	0.043239)
(170.375000	-0.455140	0.032233)
(171.750000	-0.390120	0.022643)
(173.125000	-0.325100	0.014490)
(174.500000	-0.260080	0.007794)
(175.875000	-0.195060	0.002570)
(177.250000	-0.130040	0.001000)
(178.625000	-0.065020	0.001000)
(180.000000	0.000000	0.001000)
