// Re = 0.09
(-180.000000	0.000000	0.001000)
(-178.500000	0.066290	0.001000)
(-177.000000	0.132580	0.001000)
(-175.500000	0.198870	0.001000)
(-174.000000	0.265160	0.001000)
(-172.500000	0.331450	0.003961)
(-171.000000	0.397740	0.013695)
(-169.500000	0.464030	0.025136)
(-168.000000	0.530320	0.038252)
(-166.500000	0.596610	0.053008)
(-165.000000	0.662900	0.069364)
(-163.500000	0.729190	0.087275)
(-162.000000	0.795480	0.106693)
(-160.500000	0.861770	0.127563)
(-159.000000	0.928060	0.149830)
(-154.071429	0.832145	0.232046)
(-149.142857	0.769082	0.326238)
(-144.214286	0.720221	0.429640)
(-139.285714	0.675759	0.539218)
(-134.357143	0.630171	0.651760)
(-129.428571	0.580325	0.763966)
(-124.500000	0.524595	0.872549)
(-119.571429	0.462396	0.974331)
(-114.642857	0.393923	1.066338)
(-109.714286	0.319972	1.145883)
(-104.785714	0.241818	1.210650)
(-99.857143	0.161112	1.258761)
(-94.928571	0.079792	1.288828)
(-90.000000	0.000000	1.300000)
(-85.071429	-0.079792	1.288828)
(-80.142857	-0.161112	1.258761)
(-75.214286	-0.241818	1.210650)
(-70.285714	-0.319972	1.145883)
(-65.357143	-0.393923	1.066338)
(-60.428571	-0.462396	0.974331)
(-55.500000	-0.524595	0.872549)
(-50.571429	-0.580325	0.763966)
(-45.642857	-0.630171	0.651760)
(-40.714286	-0.675759	0.539218)
(-35.785714	-0.720221	0.429640)
(-30.857143	-0.769082	0.326238)
(-25.928571	-0.832145	0.232046)
(-21.000000	-0.928060	0.149830)
(-19.857143	-0.879149	0.141399)
(-18.714286	-0.830237	0.132967)
(-17.571429	-0.781326	0.124536)
(-16.428571	-0.732414	0.116104)
(-15.285714	-0.683503	0.107673)
(-14.142857	-0.634591	0.099241)
(-13.000000	-0.585680	0.090810)
(-11.857143	-0.536769	0.082379)
(-10.714286	-0.487857	0.073947)
(-9.571429	-0.438946	0.065516)
(-8.428571	-0.390034	0.057084)
(-7.285714	-0.341123	0.048653)
(-5.000000	-0.243300	0.031790)
(-4.750000	-0.205000	0.030620)
(-4.500000	-0.185300	0.029680)
(-4.250000	-0.157600	0.029320)
(-4.000000	-0.128000	0.030170)
(-3.750000	-0.114200	0.031220)
(-3.500000	-0.094400	0.032160)
(-3.250000	-0.071200	0.033020)
(-3.000000	-0.062800	0.034120)
(-2.750000	-0.038500	0.034800)
(-2.500000	-0.026100	0.035660)
(-2.250000	-0.014700	0.036510)
(-2.000000	0.012300	0.036950)
(-1.750000	0.016100	0.037990)
(-1.500000	0.030800	0.038690)
(-1.250000	0.046000	0.039300)
(-1.000000	0.059900	0.039950)
(-0.750000	0.085300	0.040180)
(-0.500000	0.094900	0.040970)
(-0.250000	0.125100	0.041020)
(0.000000	0.133900	0.041920)
(0.250000	0.167900	0.041840)
(0.500000	0.172000	0.042910)
(0.750000	0.190800	0.043500)
(1.000000	0.213400	0.043960)
(1.250000	0.227100	0.044840)
(1.500000	0.255700	0.045090)
(1.750000	0.264900	0.046220)
(2.000000	0.297800	0.046280)
(2.250000	0.302500	0.047640)
(2.500000	0.324000	0.048210)
(2.750000	0.339900	0.049030)
(3.000000	0.350700	0.050150)
(3.250000	0.380400	0.050390)
(3.500000	0.382900	0.051820)
(3.750000	0.404200	0.052440)
(4.000000	0.418000	0.053270)
(4.250000	0.424400	0.054540)
(4.500000	0.454800	0.054420)
(4.750000	0.453100	0.055940)
(5.000000	0.460300	0.057050)
(5.500000	0.522700	0.058750)
(5.750000	0.543700	0.060610)
(6.000000	0.567400	0.062310)
(6.250000	0.594700	0.063760)
(6.500000	0.640200	0.064030)
(7.000000	0.676600	0.067690)
(7.250000	0.695300	0.069390)
(7.500000	0.714200	0.071010)
(7.750000	0.733300	0.072540)
(8.000000	0.752400	0.074000)
(8.500000	0.790500	0.076700)
(8.750000	0.809400	0.077940)
(9.750000	0.888600	0.081740)
(10.000000	0.910600	0.082240)
(10.500000	0.958000	0.082500)
(10.750000	0.983600	0.082230)
(11.250000	1.037600	0.080890)
(12.250000	1.235600	0.064070)
(12.500000	1.400700	0.046560)
(12.750000	1.405600	0.047430)
(13.000000	1.405300	0.048890)
(13.250000	1.419200	0.048990)
(13.500000	1.416000	0.050920)
(13.750000	1.414500	0.052820)
(14.000000	1.411200	0.055030)
(14.250000	1.405700	0.057620)
(14.500000	1.398300	0.060570)
(14.750000	1.390000	0.063770)
(15.000000	1.381700	0.067090)
(15.250000	1.374400	0.070380)
(15.500000	1.366000	0.073980)
(15.750000	1.359800	0.077350)
(16.000000	1.354700	0.080730)
(16.250000	1.353800	0.083540)
(16.500000	1.350900	0.086750)
(16.750000	1.349600	0.089780)
(17.000000	1.350100	0.092540)
(17.250000	1.350900	0.095310)
(17.500000	1.351400	0.098220)
(17.750000	1.354400	0.100780)
(18.000000	1.359700	0.103050)
(18.250000	1.368300	0.104880)
(18.500000	1.373300	0.107320)
(18.750000	1.387600	0.108420)
(19.000000	1.394400	0.110720)
(19.250000	1.392300	0.114320)
(19.500000	1.390800	0.117910)
(19.750000	1.397000	0.120350)
(20.000000	1.382500	0.125950)
(20.250000	1.378300	0.130000)
(20.500000	1.370200	0.134790)
(20.750000	1.348900	0.141970)
(21.000000	1.325800	0.149830)
(25.928571	1.188779	0.232046)
(30.857143	1.098688	0.326238)
(35.785714	1.028888	0.429640)
(40.714286	0.965370	0.539218)
(45.642857	0.900244	0.651760)
(50.571429	0.829036	0.763966)
(55.500000	0.749421	0.872549)
(60.428571	0.660566	0.974331)
(65.357143	0.562746	1.066338)
(70.285714	0.457102	1.145883)
(75.214286	0.345454	1.210650)
(80.142857	0.230160	1.258761)
(85.071429	0.113989	1.288828)
(90.000000	0.000000	1.300000)
(94.928571	-0.079792	1.288828)
(99.857143	-0.161112	1.258761)
(104.785714	-0.241818	1.210650)
(109.714286	-0.319972	1.145883)
(114.642857	-0.393923	1.066338)
(119.571429	-0.462396	0.974331)
(124.500000	-0.524595	0.872549)
(129.428571	-0.580325	0.763966)
(134.357143	-0.630171	0.651760)
(139.285714	-0.675759	0.539218)
(144.214286	-0.720221	0.429640)
(149.142857	-0.769082	0.326238)
(154.071429	-0.832145	0.232046)
(159.000000	-0.928060	0.149830)
(160.500000	-0.861770	0.127563)
(162.000000	-0.795480	0.106693)
(163.500000	-0.729190	0.087275)
(165.000000	-0.662900	0.069364)
(166.500000	-0.596610	0.053008)
(168.000000	-0.530320	0.038252)
(169.500000	-0.464030	0.025136)
(171.000000	-0.397740	0.013695)
(172.500000	-0.331450	0.003961)
(174.000000	-0.265160	0.001000)
(175.500000	-0.198870	0.001000)
(177.000000	-0.132580	0.001000)
(178.500000	-0.066290	0.001000)
(180.000000	0.000000	0.001000)
