// Re = 0.18
(-180.000000	0.000000	0.001000)
(-178.125000	0.067305	0.001000)
(-176.250000	0.134610	0.001000)
(-174.375000	0.201915	0.001000)
(-172.500000	0.269220	0.001000)
(-170.625000	0.336525	0.001000)
(-168.750000	0.403830	0.001000)
(-166.875000	0.471135	0.003222)
(-165.000000	0.538440	0.023794)
(-163.125000	0.605745	0.046844)
(-161.250000	0.673050	0.072275)
(-159.375000	0.740355	0.099982)
(-157.500000	0.807660	0.129846)
(-155.625000	0.874965	0.161743)
(-153.750000	0.942270	0.195540)
(-149.196429	0.860738	0.284637)
(-144.642857	0.796852	0.381881)
(-140.089286	0.740944	0.484876)
(-135.535714	0.687339	0.591083)
(-130.982143	0.632635	0.697893)
(-126.428571	0.574864	0.802682)
(-121.875000	0.513033	0.902887)
(-117.321429	0.446868	0.996063)
(-112.767857	0.376642	1.079945)
(-108.214286	0.303063	1.152508)
(-103.660714	0.227184	1.212015)
(-99.107143	0.150330	1.257060)
(-94.553571	0.074039	1.286604)
(-90.000000	0.000000	1.300000)
(-85.446429	-0.074039	1.286604)
(-80.892857	-0.150330	1.257060)
(-76.339286	-0.227184	1.212015)
(-71.785714	-0.303063	1.152508)
(-67.232143	-0.376642	1.079945)
(-62.678571	-0.446868	0.996063)
(-58.125000	-0.513033	0.902887)
(-53.571429	-0.574864	0.802682)
(-49.017857	-0.632635	0.697893)
(-44.464286	-0.687339	0.591083)
(-39.910714	-0.740944	0.484876)
(-35.357143	-0.796852	0.381881)
(-30.803571	-0.860738	0.284637)
(-26.250000	-0.942270	0.195540)
(-24.732143	-0.877379	0.182746)
(-23.214286	-0.812489	0.169951)
(-21.696429	-0.747598	0.157157)
(-20.178571	-0.682707	0.144363)
(-18.660714	-0.617816	0.131569)
(-17.142857	-0.552926	0.118774)
(-15.625000	-0.488035	0.105980)
(-14.107143	-0.423144	0.093186)
(-12.589286	-0.358254	0.080391)
(-11.071429	-0.293363	0.067597)
(-9.553571	-0.228472	0.054803)
(-8.035714	-0.163581	0.042009)
(-5.000000	-0.033800	0.016420)
(-4.750000	-0.004600	0.016580)
(-4.500000	0.020000	0.016790)
(-4.250000	0.049800	0.016990)
(-4.000000	0.073500	0.017280)
(-3.750000	0.103500	0.017520)
(-3.500000	0.126600	0.017730)
(-3.250000	0.157200	0.017790)
(-3.000000	0.179500	0.018020)
(-2.750000	0.209800	0.018190)
(-2.500000	0.231500	0.018460)
(-2.250000	0.262300	0.018470)
(-2.000000	0.283800	0.018660)
(-1.750000	0.314600	0.018590)
(-1.500000	0.336500	0.018730)
(-1.250000	0.366700	0.018700)
(-1.000000	0.389500	0.018780)
(-0.750000	0.418600	0.018790)
(-0.500000	0.442300	0.018840)
(-0.250000	0.470500	0.018860)
(0.000000	0.495000	0.018920)
(0.250000	0.522500	0.018930)
(0.500000	0.548300	0.019000)
(0.750000	0.574200	0.019040)
(1.000000	0.603300	0.019060)
(1.250000	0.625600	0.019180)
(1.500000	0.657900	0.019150)
(1.750000	0.676800	0.019360)
(2.000000	0.707800	0.019360)
(2.250000	0.728000	0.019580)
(2.500000	0.757300	0.019610)
(2.750000	0.779400	0.019810)
(3.000000	0.806300	0.019900)
(3.250000	0.832300	0.020030)
(3.500000	0.855300	0.020230)
(3.750000	0.888300	0.020210)
(4.000000	0.903400	0.020580)
(4.250000	0.935200	0.020580)
(4.500000	0.950500	0.020960)
(4.750000	0.982400	0.020980)
(5.000000	0.998200	0.021340)
(5.250000	1.026900	0.021400)
(5.500000	1.046100	0.021710)
(5.750000	1.073000	0.021810)
(6.000000	1.091900	0.022080)
(6.250000	1.117400	0.022170)
(6.500000	1.135900	0.022430)
(6.750000	1.163800	0.022430)
(7.000000	1.178300	0.022740)
(7.250000	1.210500	0.022620)
(7.500000	1.219900	0.023010)
(7.750000	1.256600	0.022780)
(8.000000	1.262000	0.023200)
(8.250000	1.280000	0.023300)
(8.500000	1.305800	0.023160)
(8.750000	1.313700	0.023260)
(9.000000	1.325000	0.023160)
(9.250000	1.341600	0.022910)
(9.500000	1.364400	0.022660)
(9.750000	1.385300	0.022910)
(10.000000	1.405400	0.023250)
(10.250000	1.424900	0.023560)
(10.500000	1.442400	0.023860)
(10.750000	1.457100	0.024210)
(11.000000	1.468800	0.024630)
(11.250000	1.478300	0.025130)
(11.500000	1.487100	0.025680)
(11.750000	1.497700	0.026190)
(12.000000	1.492700	0.027480)
(12.250000	1.494500	0.028560)
(12.500000	1.493800	0.029880)
(12.750000	1.494600	0.031190)
(13.000000	1.489600	0.033020)
(13.250000	1.485600	0.034910)
(13.500000	1.481200	0.036960)
(13.750000	1.473900	0.039390)
(14.000000	1.466100	0.042000)
(14.250000	1.457600	0.044820)
(14.500000	1.448200	0.047850)
(14.750000	1.438600	0.051030)
(15.000000	1.429100	0.054320)
(15.250000	1.420100	0.057640)
(15.500000	1.411900	0.061020)
(15.750000	1.404400	0.064400)
(16.000000	1.397600	0.067770)
(16.250000	1.391300	0.071150)
(16.500000	1.385400	0.074540)
(16.750000	1.380000	0.077920)
(17.000000	1.375000	0.081330)
(17.250000	1.370400	0.084730)
(17.500000	1.366000	0.088130)
(17.750000	1.361500	0.091570)
(18.000000	1.357100	0.095050)
(18.250000	1.352800	0.098580)
(18.500000	1.348300	0.102170)
(18.750000	1.343500	0.105840)
(19.000000	1.338300	0.109620)
(19.250000	1.332800	0.113450)
(19.500000	1.327000	0.117340)
(19.750000	1.321700	0.121160)
(20.000000	1.317400	0.124800)
(20.250000	1.314800	0.128210)
(20.500000	1.314200	0.131250)
(20.750000	1.314900	0.134110)
(21.000000	1.318000	0.136520)
(21.250000	1.322500	0.138760)
(21.500000	1.327800	0.140780)
(21.750000	1.334600	0.142510)
(22.000000	1.341000	0.144370)
(22.250000	1.347100	0.146230)
(22.500000	1.355000	0.147740)
(22.750000	1.365700	0.148720)
(23.000000	1.369100	0.151100)
(23.250000	1.381100	0.151790)
(23.500000	1.382700	0.154470)
(23.750000	1.397500	0.154580)
(24.000000	1.393600	0.158320)
(24.250000	1.397300	0.160550)
(24.500000	1.406400	0.161690)
(24.750000	1.398700	0.166210)
(25.000000	1.393800	0.170160)
(25.250000	1.393200	0.173230)
(25.500000	1.403000	0.174150)
(25.750000	1.387000	0.180530)
(26.000000	1.368400	0.187500)
(26.250000	1.346100	0.195540)
(30.803571	1.229625	0.284637)
(35.357143	1.138359	0.381881)
(39.910714	1.058491	0.484876)
(44.464286	0.981912	0.591083)
(49.017857	0.903765	0.697893)
(53.571429	0.821234	0.802682)
(58.125000	0.732905	0.902887)
(62.678571	0.638383	0.996063)
(67.232143	0.538060	1.079945)
(71.785714	0.432947	1.152508)
(76.339286	0.324548	1.212015)
(80.892857	0.214757	1.257060)
(85.446429	0.105770	1.286604)
(90.000000	0.000000	1.300000)
(94.553571	-0.074039	1.286604)
(99.107143	-0.150330	1.257060)
(103.660714	-0.227184	1.212015)
(108.214286	-0.303063	1.152508)
(112.767857	-0.376642	1.079945)
(117.321429	-0.446868	0.996063)
(121.875000	-0.513033	0.902887)
(126.428571	-0.574864	0.802682)
(130.982143	-0.632635	0.697893)
(135.535714	-0.687339	0.591083)
(140.089286	-0.740944	0.484876)
(144.642857	-0.796852	0.381881)
(149.196429	-0.860738	0.284637)
(153.750000	-0.942270	0.195540)
(155.625000	-0.874965	0.161743)
(157.500000	-0.807660	0.129846)
(159.375000	-0.740355	0.099982)
(161.250000	-0.673050	0.072275)
(163.125000	-0.605745	0.046844)
(165.000000	-0.538440	0.023794)
(166.875000	-0.471135	0.003222)
(168.750000	-0.403830	0.001000)
(170.625000	-0.336525	0.001000)
(172.500000	-0.269220	0.001000)
(174.375000	-0.201915	0.001000)
(176.250000	-0.134610	0.001000)
(178.125000	-0.067305	0.001000)
(180.000000	0.000000	0.001000)
