// Re = 0.16
(-180.000000	0.000000	0.001000)
(-178.214286	0.066140	0.001000)
(-176.428571	0.132280	0.001000)
(-174.642857	0.198420	0.001000)
(-172.857143	0.264560	0.001000)
(-171.071429	0.330700	0.001000)
(-169.285714	0.396840	0.009830)
(-167.500000	0.462980	0.026022)
(-165.714286	0.529120	0.044535)
(-163.928571	0.595260	0.065300)
(-162.142857	0.661400	0.088236)
(-160.357143	0.727540	0.113255)
(-158.571429	0.793680	0.140261)
(-156.785714	0.859820	0.169149)
(-155.000000	0.925960	0.199810)
(-150.357143	0.844906	0.286958)
(-145.714286	0.783576	0.383011)
(-141.071429	0.730947	0.485481)
(-136.428571	0.680687	0.591717)
(-131.785714	0.629048	0.698972)
(-127.142857	0.573870	0.804475)
(-122.500000	0.514062	0.905507)
(-117.857143	0.449306	0.999465)
(-113.214286	0.379879	1.083936)
(-108.571429	0.306521	1.156758)
(-103.928571	0.230343	1.216076)
(-99.285714	0.152749	1.260388)
(-94.642857	0.075371	1.288591)
(-90.000000	0.000000	1.300000)
(-85.357143	-0.075371	1.288591)
(-80.714286	-0.152749	1.260388)
(-76.071429	-0.230343	1.216076)
(-71.428571	-0.306521	1.156758)
(-66.785714	-0.379879	1.083936)
(-62.142857	-0.449306	0.999465)
(-57.500000	-0.514062	0.905507)
(-52.857143	-0.573870	0.804475)
(-48.214286	-0.629048	0.698972)
(-43.571429	-0.680687	0.591717)
(-38.928571	-0.730947	0.485481)
(-34.285714	-0.783576	0.383011)
(-29.642857	-0.844906	0.286958)
(-25.000000	-0.925960	0.199810)
(-23.571429	-0.862863	0.186783)
(-22.142857	-0.799766	0.173756)
(-20.714286	-0.736669	0.160729)
(-19.285714	-0.673571	0.147701)
(-17.857143	-0.610474	0.134674)
(-16.428571	-0.547377	0.121647)
(-15.000000	-0.484280	0.108620)
(-13.571429	-0.421183	0.095593)
(-12.142857	-0.358086	0.082566)
(-10.714286	-0.294989	0.069539)
(-9.285714	-0.231891	0.056511)
(-7.857143	-0.168794	0.043484)
(-5.000000	-0.042600	0.017430)
(-4.750000	-0.017200	0.017680)
(-4.500000	0.012900	0.017840)
(-4.250000	0.036900	0.018130)
(-4.000000	0.067900	0.018250)
(-3.750000	0.090400	0.018610)
(-3.500000	0.121100	0.018880)
(-3.250000	0.142800	0.019250)
(-3.000000	0.174100	0.019370)
(-2.750000	0.194500	0.019710)
(-2.500000	0.225400	0.019870)
(-2.250000	0.245700	0.020130)
(-2.000000	0.276600	0.020070)
(-1.750000	0.298100	0.020280)
(-1.500000	0.327600	0.020270)
(-1.250000	0.351500	0.020340)
(-1.000000	0.379900	0.020380)
(-0.750000	0.403600	0.020430)
(-0.500000	0.433900	0.020400)
(-0.250000	0.456100	0.020500)
(0.000000	0.488600	0.020400)
(0.250000	0.508700	0.020590)
(0.500000	0.541300	0.020490)
(0.750000	0.560900	0.020710)
(1.000000	0.593700	0.020610)
(1.250000	0.612900	0.020880)
(1.500000	0.646200	0.020780)
(1.750000	0.664600	0.021080)
(2.000000	0.697200	0.021010)
(2.250000	0.716200	0.021320)
(2.500000	0.746900	0.021300)
(2.750000	0.768100	0.021580)
(3.000000	0.796000	0.021630)
(3.250000	0.820400	0.021860)
(3.500000	0.845300	0.022000)
(3.750000	0.871000	0.022160)
(4.000000	0.894900	0.022390)
(4.250000	0.925200	0.022400)
(4.500000	0.941500	0.022820)
(4.750000	0.976500	0.022690)
(5.000000	0.989600	0.023250)
(5.250000	1.025100	0.023100)
(5.500000	1.036500	0.023670)
(5.750000	1.071800	0.023450)
(6.000000	1.082700	0.024020)
(6.250000	1.109900	0.024040)
(6.500000	1.130600	0.024230)
(6.750000	1.148500	0.024470)
(7.000000	1.177300	0.024310)
(7.250000	1.189800	0.024720)
(7.500000	1.224300	0.024360)
(7.750000	1.231400	0.024860)
(8.000000	1.250600	0.024920)
(8.250000	1.270700	0.024810)
(8.500000	1.276300	0.024990)
(8.750000	1.298700	0.024620)
(9.000000	1.334100	0.024320)
(9.250000	1.367700	0.024230)
(9.500000	1.404100	0.024120)
(9.750000	1.431100	0.024240)
(10.000000	1.450500	0.024460)
(10.250000	1.470900	0.024570)
(10.500000	1.482800	0.024880)
(10.750000	1.489300	0.025380)
(11.000000	1.497600	0.025860)
(11.250000	1.507900	0.026320)
(11.500000	1.516100	0.026930)
(11.750000	1.514700	0.028060)
(12.000000	1.521400	0.028860)
(12.250000	1.517500	0.030350)
(12.500000	1.515000	0.031900)
(12.750000	1.512000	0.033610)
(13.000000	1.508300	0.035480)
(13.250000	1.500500	0.037830)
(13.750000	1.483000	0.043160)
(14.000000	1.472900	0.046200)
(14.250000	1.462600	0.049410)
(14.500000	1.452300	0.052770)
(14.750000	1.442600	0.056200)
(15.000000	1.433500	0.059680)
(15.250000	1.425000	0.063170)
(15.500000	1.417400	0.066700)
(15.750000	1.410300	0.070230)
(16.000000	1.403600	0.073780)
(16.250000	1.397500	0.077310)
(16.500000	1.391800	0.080850)
(16.750000	1.386500	0.084380)
(17.000000	1.381400	0.087930)
(17.250000	1.376600	0.091490)
(17.500000	1.371700	0.095130)
(17.750000	1.366600	0.098850)
(18.000000	1.361100	0.102690)
(18.250000	1.355000	0.106660)
(18.500000	1.348700	0.110680)
(18.750000	1.342900	0.114610)
(19.000000	1.338600	0.118330)
(19.250000	1.336500	0.121650)
(19.500000	1.337200	0.124530)
(19.750000	1.339500	0.127150)
(20.000000	1.344500	0.129260)
(20.250000	1.349800	0.131380)
(20.500000	1.356600	0.133220)
(20.750000	1.364500	0.134830)
(21.000000	1.373700	0.136210)
(21.250000	1.379300	0.138260)
(21.500000	1.387100	0.139870)
(21.750000	1.399400	0.140620)
(22.000000	1.401600	0.143330)
(22.250000	1.412300	0.144370)
(22.500000	1.412900	0.147380)
(22.750000	1.427500	0.147610)
(23.000000	1.421600	0.151870)
(23.250000	1.419900	0.155300)
(23.500000	1.435600	0.155270)
(23.750000	1.423100	0.160880)
(24.000000	1.410600	0.166590)
(24.250000	1.396600	0.172690)
(24.500000	1.378800	0.179820)
(24.750000	1.353800	0.188800)
(25.000000	1.322800	0.199810)
(29.642857	1.207008	0.286958)
(34.285714	1.119394	0.383011)
(38.928571	1.044211	0.485481)
(43.571429	0.972411	0.591717)
(48.214286	0.898641	0.698972)
(52.857143	0.819814	0.804475)
(57.500000	0.734374	0.905507)
(62.142857	0.641866	0.999465)
(66.785714	0.542685	1.083936)
(71.428571	0.437887	1.156758)
(76.071429	0.329061	1.216076)
(80.714286	0.218213	1.260388)
(85.357143	0.107672	1.288591)
(90.000000	0.000000	1.300000)
(94.642857	-0.075371	1.288591)
(99.285714	-0.152749	1.260388)
(103.928571	-0.230343	1.216076)
(108.571429	-0.306521	1.156758)
(113.214286	-0.379879	1.083936)
(117.857143	-0.449306	0.999465)
(122.500000	-0.514062	0.905507)
(127.142857	-0.573870	0.804475)
(131.785714	-0.629048	0.698972)
(136.428571	-0.680687	0.591717)
(141.071429	-0.730947	0.485481)
(145.714286	-0.783576	0.383011)
(150.357143	-0.844906	0.286958)
(155.000000	-0.925960	0.199810)
(156.785714	-0.859820	0.169149)
(158.571429	-0.793680	0.140261)
(160.357143	-0.727540	0.113255)
(162.142857	-0.661400	0.088236)
(163.928571	-0.595260	0.065300)
(165.714286	-0.529120	0.044535)
(167.500000	-0.462980	0.026022)
(169.285714	-0.396840	0.009830)
(171.071429	-0.330700	0.001000)
(172.857143	-0.264560	0.001000)
(174.642857	-0.198420	0.001000)
(176.428571	-0.132280	0.001000)
(178.214286	-0.066140	0.001000)
(180.000000	0.000000	0.001000)
