// Re = 0.14
(-180.000000	0.000000	0.001000)
(-178.142857	0.072890	0.001000)
(-176.285714	0.145780	0.001000)
(-174.428571	0.218670	0.001000)
(-172.571429	0.291560	0.001000)
(-170.714286	0.364450	0.001000)
(-168.857143	0.437340	0.001000)
(-167.000000	0.510230	0.017325)
(-165.142857	0.583120	0.037399)
(-163.285714	0.656010	0.059895)
(-161.428571	0.728900	0.084720)
(-159.571429	0.801790	0.111772)
(-157.714286	0.874680	0.140937)
(-155.857143	0.947570	0.172096)
(-154.000000	1.020460	0.205120)
(-149.428571	0.922028	0.293472)
(-144.857143	0.845583	0.390068)
(-140.285714	0.779917	0.492493)
(-135.714286	0.718483	0.598193)
(-131.142857	0.657353	0.704530)
(-126.571429	0.594224	0.808859)
(-122.000000	0.527890	0.908587)
(-117.428571	0.457932	1.001242)
(-112.857143	0.384533	1.084536)
(-108.285714	0.308340	1.156420)
(-103.714286	0.230374	1.215140)
(-99.142857	0.151944	1.259275)
(-94.571429	0.074587	1.287778)
(-90.000000	0.000000	1.300000)
(-85.428571	-0.074587	1.287778)
(-80.857143	-0.151944	1.259275)
(-76.285714	-0.230374	1.215140)
(-71.714286	-0.308340	1.156420)
(-67.142857	-0.384533	1.084536)
(-62.571429	-0.457932	1.001242)
(-58.000000	-0.527890	0.908587)
(-53.428571	-0.594224	0.808859)
(-48.857143	-0.657353	0.704530)
(-44.285714	-0.718483	0.598193)
(-39.714286	-0.779917	0.492493)
(-35.142857	-0.845583	0.390068)
(-30.571429	-0.922028	0.293472)
(-26.000000	-1.020460	0.205120)
(-24.500000	-0.950691	0.192069)
(-23.000000	-0.880923	0.179019)
(-21.500000	-0.811154	0.165968)
(-20.000000	-0.741386	0.152917)
(-18.500000	-0.671617	0.139866)
(-17.000000	-0.601849	0.126816)
(-15.500000	-0.532080	0.113765)
(-14.000000	-0.462311	0.100714)
(-12.500000	-0.392543	0.087664)
(-11.000000	-0.322774	0.074613)
(-9.500000	-0.253006	0.061562)
(-8.000000	-0.183237	0.048511)
(-5.000000	-0.043700	0.022410)
(-4.750000	-0.022700	0.023030)
(-4.500000	0.008600	0.023290)
(-4.250000	0.029500	0.023720)
(-4.000000	0.061000	0.023830)
(-3.750000	0.082200	0.024160)
(-3.500000	0.110500	0.024650)
(-3.250000	0.129300	0.025270)
(-3.000000	0.158900	0.025490)
(-2.750000	0.180300	0.025650)
(-2.500000	0.207700	0.025870)
(-2.250000	0.230700	0.025860)
(-2.000000	0.257500	0.026010)
(-1.750000	0.282300	0.025970)
(-1.500000	0.307300	0.026130)
(-1.250000	0.337200	0.025980)
(-1.000000	0.356500	0.026340)
(-0.750000	0.390700	0.026090)
(-0.500000	0.405300	0.026590)
(-0.250000	0.439800	0.026300)
(0.250000	0.490400	0.026470)
(0.750000	0.541400	0.026720)
(1.000000	0.573300	0.026560)
(1.250000	0.590200	0.027120)
(1.500000	0.622600	0.026940)
(1.750000	0.637000	0.027630)
(2.000000	0.671100	0.027440)
(2.500000	0.718200	0.028080)
(2.750000	0.754100	0.027780)
(3.250000	0.799400	0.028530)
(3.500000	0.808000	0.029700)
(3.750000	0.843000	0.029410)
(4.250000	0.885500	0.030400)
(4.500000	0.925000	0.029980)
(4.750000	0.927800	0.031490)
(5.000000	0.968200	0.030880)
(5.500000	0.997100	0.032580)
(6.000000	1.037900	0.033630)
(6.500000	1.078000	0.034550)
(7.000000	1.120000	0.035310)
(7.500000	1.083400	0.041220)
(7.750000	1.141700	0.038880)
(8.750000	1.239900	0.038640)
(9.250000	1.223400	0.042740)
(9.500000	1.296100	0.038670)
(10.000000	1.346200	0.037340)
(10.250000	1.334800	0.038600)
(10.750000	1.429600	0.035630)
(11.000000	1.452000	0.036120)
(11.250000	1.469600	0.036820)
(11.500000	1.488600	0.037350)
(11.750000	1.508300	0.037740)
(12.000000	1.528200	0.038040)
(12.250000	1.548200	0.038260)
(12.500000	1.570200	0.038290)
(12.750000	1.556000	0.040910)
(13.000000	1.558100	0.042420)
(13.250000	1.578200	0.042490)
(13.500000	1.563200	0.045520)
(13.750000	1.575500	0.046270)
(14.000000	1.568600	0.048830)
(14.250000	1.564200	0.051300)
(14.500000	1.561900	0.053660)
(14.750000	1.559200	0.056160)
(15.000000	1.556500	0.058740)
(15.250000	1.548400	0.062010)
(15.500000	1.539700	0.065470)
(15.750000	1.531900	0.068900)
(16.000000	1.524500	0.072380)
(16.250000	1.517100	0.075940)
(16.500000	1.510000	0.079540)
(16.750000	1.503800	0.083120)
(17.000000	1.499000	0.086540)
(17.250000	1.495600	0.089810)
(17.500000	1.491600	0.093250)
(17.750000	1.487900	0.096660)
(18.000000	1.485700	0.099850)
(18.250000	1.481400	0.103500)
(18.500000	1.478500	0.106920)
(18.750000	1.475100	0.110450)
(19.000000	1.471000	0.114140)
(19.250000	1.467400	0.117770)
(19.500000	1.463800	0.121400)
(19.750000	1.458900	0.125330)
(20.000000	1.454000	0.129230)
(20.250000	1.449400	0.133120)
(20.500000	1.444800	0.137030)
(20.750000	1.441000	0.140780)
(21.000000	1.439100	0.144200)
(21.250000	1.439700	0.147170)
(21.500000	1.441400	0.149990)
(21.750000	1.445200	0.152450)
(22.000000	1.449800	0.154710)
(22.250000	1.456100	0.156640)
(22.500000	1.462900	0.158460)
(22.750000	1.469700	0.160290)
(23.000000	1.477300	0.161900)
(23.250000	1.488000	0.162980)
(23.500000	1.492100	0.165260)
(23.750000	1.497300	0.167380)
(24.000000	1.507500	0.168430)
(24.250000	1.505700	0.172010)
(24.500000	1.510000	0.174190)
(24.750000	1.513200	0.176700)
(25.000000	1.502800	0.182050)
(25.250000	1.497400	0.186370)
(25.500000	1.507000	0.187440)
(25.750000	1.485200	0.195490)
(26.000000	1.457800	0.205120)
(30.571429	1.317183	0.293472)
(35.142857	1.207976	0.390068)
(39.714286	1.114168	0.492493)
(44.285714	1.026404	0.598193)
(48.857143	0.939076	0.704530)
(53.428571	0.848892	0.808859)
(58.000000	0.754128	0.908587)
(62.571429	0.654189	1.001242)
(67.142857	0.549333	1.084536)
(71.714286	0.440486	1.156420)
(76.285714	0.329105	1.215140)
(80.857143	0.217063	1.259275)
(85.428571	0.106553	1.287778)
(90.000000	0.000000	1.300000)
(94.571429	-0.074587	1.287778)
(99.142857	-0.151944	1.259275)
(103.714286	-0.230374	1.215140)
(108.285714	-0.308340	1.156420)
(112.857143	-0.384533	1.084536)
(117.428571	-0.457932	1.001242)
(122.000000	-0.527890	0.908587)
(126.571429	-0.594224	0.808859)
(131.142857	-0.657353	0.704530)
(135.714286	-0.718483	0.598193)
(140.285714	-0.779917	0.492493)
(144.857143	-0.845583	0.390068)
(149.428571	-0.922028	0.293472)
(154.000000	-1.020460	0.205120)
(155.857143	-0.947570	0.172096)
(157.714286	-0.874680	0.140937)
(159.571429	-0.801790	0.111772)
(161.428571	-0.728900	0.084720)
(163.285714	-0.656010	0.059895)
(165.142857	-0.583120	0.037399)
(167.000000	-0.510230	0.017325)
(168.857143	-0.437340	0.001000)
(170.714286	-0.364450	0.001000)
(172.571429	-0.291560	0.001000)
(174.428571	-0.218670	0.001000)
(176.285714	-0.145780	0.001000)
(178.142857	-0.072890	0.001000)
(180.000000	0.000000	0.001000)
