// Re = 0.05
(-180.000000	0.000000	0.092248)
(-178.750000	0.051475	0.092845)
(-177.500000	0.102950	0.094634)
(-176.250000	0.154425	0.097612)
(-175.000000	0.205900	0.101772)
(-173.750000	0.257375	0.107108)
(-172.500000	0.308850	0.113607)
(-171.250000	0.360325	0.121259)
(-170.000000	0.411800	0.130047)
(-168.750000	0.463275	0.139954)
(-167.500000	0.514750	0.150962)
(-166.250000	0.566225	0.163048)
(-165.000000	0.617700	0.176189)
(-163.750000	0.669175	0.190359)
(-162.500000	0.720650	0.205530)
(-157.321429	0.659287	0.278370)
(-152.142857	0.630155	0.365400)
(-146.964286	0.611804	0.463696)
(-141.785714	0.593950	0.569952)
(-136.607143	0.571089	0.680587)
(-131.428571	0.540209	0.791863)
(-126.250000	0.499829	0.900006)
(-121.071429	0.449532	1.001335)
(-115.892857	0.389709	1.092377)
(-110.714286	0.321394	1.169987)
(-105.535714	0.246144	1.231449)
(-100.357143	0.165930	1.274566)
(-95.178571	0.083045	1.297735)
(-90.000000	0.000000	1.300000)
(-84.821429	-0.083045	1.297735)
(-79.642857	-0.165930	1.274566)
(-74.464286	-0.246144	1.231449)
(-69.285714	-0.321394	1.169987)
(-64.107143	-0.389709	1.092377)
(-58.928571	-0.449532	1.001335)
(-53.750000	-0.499829	0.900006)
(-48.571429	-0.540209	0.791863)
(-43.392857	-0.571089	0.680587)
(-38.214286	-0.593950	0.569952)
(-33.035714	-0.611804	0.463696)
(-27.857143	-0.630155	0.365400)
(-22.678571	-0.659287	0.278370)
(-17.500000	-0.720650	0.205530)
(-16.607143	-0.706246	0.194072)
(-15.714286	-0.691843	0.182614)
(-14.821429	-0.677439	0.171156)
(-13.928571	-0.663036	0.159699)
(-13.035714	-0.648632	0.148241)
(-12.142857	-0.634229	0.136783)
(-11.250000	-0.619825	0.125325)
(-10.357143	-0.605421	0.113867)
(-9.464286	-0.591018	0.102409)
(-8.571429	-0.576614	0.090951)
(-7.678571	-0.562211	0.079494)
(-6.785714	-0.547807	0.068036)
(-5.000000	-0.519000	0.045120)
(-4.750000	-0.494900	0.043430)
(-4.500000	-0.469100	0.041940)
(-4.250000	-0.444800	0.040810)
(-4.000000	-0.422200	0.039910)
(-3.500000	-0.330100	0.039060)
(-3.250000	-0.288400	0.038400)
(-2.500000	-0.237400	0.041560)
(-2.250000	-0.232800	0.043010)
(-2.000000	-0.235700	0.043980)
(-1.750000	-0.239700	0.044640)
(-1.500000	-0.281600	0.042550)
(-1.250000	-0.280600	0.043220)
(-1.000000	-0.277900	0.043700)
(-0.750000	-0.273900	0.044020)
(-0.500000	-0.269900	0.044180)
(-0.250000	-0.264500	0.044270)
(0.000000	-0.260700	0.044170)
(0.250000	-0.254900	0.044020)
(0.500000	-0.246000	0.043840)
(0.750000	-0.229600	0.043830)
(1.000000	-0.203400	0.044130)
(1.250000	-0.175400	0.044400)
(1.500000	-0.150200	0.044860)
(1.750000	-0.109500	0.046660)
(2.000000	-0.067700	0.048620)
(2.250000	-0.026900	0.050590)
(2.500000	0.013800	0.052650)
(2.750000	0.053700	0.054770)
(3.000000	0.090400	0.056760)
(3.250000	0.125600	0.058790)
(3.500000	0.163500	0.061090)
(3.750000	0.194600	0.063060)
(4.000000	0.227500	0.065210)
(4.250000	0.263600	0.067740)
(4.500000	0.286600	0.069450)
(4.750000	0.317000	0.071730)
(5.000000	0.349800	0.074340)
(5.250000	0.367600	0.075980)
(5.500000	0.395400	0.078360)
(5.750000	0.421300	0.080790)
(6.000000	0.438600	0.082640)
(6.250000	0.465700	0.085230)
(6.500000	0.481000	0.087200)
(6.750000	0.503500	0.089600)
(7.000000	0.523300	0.092020)
(7.250000	0.539900	0.094180)
(7.500000	0.562300	0.096880)
(7.750000	0.574900	0.098930)
(8.000000	0.594800	0.101610)
(8.250000	0.609200	0.103880)
(8.500000	0.623200	0.106330)
(8.750000	0.644500	0.109120)
(9.000000	0.653100	0.111330)
(9.250000	0.669400	0.114060)
(9.500000	0.689800	0.116920)
(9.750000	0.697700	0.119210)
(10.000000	0.708700	0.121790)
(10.250000	0.722500	0.124510)
(10.500000	0.737300	0.127280)
(10.750000	0.751100	0.130000)
(11.000000	0.763500	0.132660)
(11.250000	0.774900	0.135260)
(11.500000	0.787300	0.137800)
(11.750000	0.805700	0.140300)
(12.000000	0.904900	0.129360)
(12.250000	0.923400	0.130550)
(12.500000	0.944600	0.131170)
(12.750000	0.954400	0.132960)
(13.000000	0.987100	0.131520)
(13.250000	0.990800	0.134020)
(13.500000	1.001000	0.135610)
(13.750000	1.041600	0.131840)
(14.000000	1.047300	0.134140)
(14.250000	1.057000	0.135800)
(14.500000	1.036700	0.143810)
(14.750000	1.045200	0.146190)
(15.000000	1.036200	0.152500)
(15.250000	1.049300	0.154140)
(15.500000	1.042500	0.160410)
(15.750000	1.039000	0.166030)
(16.000000	1.037600	0.171260)
(16.250000	1.025500	0.179130)
(16.500000	1.037400	0.181220)
(16.750000	1.028500	0.188480)
(17.000000	1.030700	0.193030)
(17.250000	1.027900	0.199130)
(17.500000	1.029500	0.205530)
(22.678571	0.941839	0.278370)
(27.857143	0.900221	0.365400)
(33.035714	0.874005	0.463696)
(38.214286	0.848500	0.569952)
(43.392857	0.815841	0.680587)
(48.571429	0.771727	0.791863)
(53.750000	0.714042	0.900006)
(58.928571	0.642189	1.001335)
(64.107143	0.556726	1.092377)
(69.285714	0.459134	1.169987)
(74.464286	0.351634	1.231449)
(79.642857	0.237043	1.274566)
(84.821429	0.118635	1.297735)
(90.000000	0.000000	1.300000)
(95.178571	-0.083045	1.297735)
(100.357143	-0.165930	1.274566)
(105.535714	-0.246144	1.231449)
(110.714286	-0.321394	1.169987)
(115.892857	-0.389709	1.092377)
(121.071429	-0.449532	1.001335)
(126.250000	-0.499829	0.900006)
(131.428571	-0.540209	0.791863)
(136.607143	-0.571089	0.680587)
(141.785714	-0.593950	0.569952)
(146.964286	-0.611804	0.463696)
(152.142857	-0.630155	0.365400)
(157.321429	-0.659287	0.278370)
(162.500000	-0.720650	0.205530)
(163.750000	-0.669175	0.190359)
(165.000000	-0.617700	0.176189)
(166.250000	-0.566225	0.163048)
(167.500000	-0.514750	0.150962)
(168.750000	-0.463275	0.139954)
(170.000000	-0.411800	0.130047)
(171.250000	-0.360325	0.121259)
(172.500000	-0.308850	0.113607)
(173.750000	-0.257375	0.107108)
(175.000000	-0.205900	0.101772)
(176.250000	-0.154425	0.097612)
(177.500000	-0.102950	0.094634)
(178.750000	-0.051475	0.092845)
(180.000000	0.000000	0.092248)
