// Re = 0.13
(-180.000000	0.000000	0.001000)
(-178.214286	0.068585	0.001000)
(-176.428571	0.137170	0.001000)
(-174.642857	0.205755	0.001000)
(-172.857143	0.274340	0.001000)
(-171.071429	0.342925	0.010225)
(-169.285714	0.411510	0.023956)
(-167.500000	0.480095	0.040058)
(-165.714286	0.548680	0.058468)
(-163.928571	0.617265	0.079115)
(-162.142857	0.685850	0.101921)
(-160.357143	0.754435	0.126795)
(-158.571429	0.823020	0.153644)
(-156.785714	0.891605	0.182362)
(-155.000000	0.960190	0.212840)
(-150.357143	0.871804	0.299453)
(-145.714286	0.804919	0.394890)
(-141.071429	0.747910	0.496665)
(-136.428571	0.694100	0.602133)
(-131.785714	0.639536	0.708552)
(-127.142857	0.581925	0.813156)
(-122.500000	0.520090	0.913231)
(-117.857143	0.453656	1.006183)
(-113.214286	0.382857	1.089603)
(-108.571429	0.308405	1.161337)
(-103.928571	0.231394	1.219536)
(-99.285714	0.153214	1.262708)
(-94.642857	0.075486	1.289754)
(-90.000000	0.000000	1.300000)
(-85.357143	-0.075486	1.289754)
(-80.714286	-0.153214	1.262708)
(-76.071429	-0.231394	1.219536)
(-71.428571	-0.308405	1.161337)
(-66.785714	-0.382857	1.089603)
(-62.142857	-0.453656	1.006183)
(-57.500000	-0.520090	0.913231)
(-52.857143	-0.581925	0.813156)
(-48.214286	-0.639536	0.708552)
(-43.571429	-0.694100	0.602133)
(-38.928571	-0.747910	0.496665)
(-34.285714	-0.804919	0.394890)
(-29.642857	-0.871804	0.299453)
(-25.000000	-0.960190	0.212840)
(-23.571429	-0.895276	0.199278)
(-22.142857	-0.830363	0.185716)
(-20.714286	-0.765449	0.172154)
(-19.285714	-0.700536	0.158591)
(-17.857143	-0.635622	0.145029)
(-16.428571	-0.570709	0.131467)
(-15.000000	-0.505795	0.117905)
(-13.571429	-0.440881	0.104343)
(-12.142857	-0.375968	0.090781)
(-10.714286	-0.311054	0.077219)
(-9.285714	-0.246141	0.063656)
(-7.857143	-0.181227	0.050094)
(-5.000000	-0.051400	0.022970)
(-4.750000	-0.030700	0.023670)
(-4.500000	-0.000200	0.024210)
(-4.250000	0.019000	0.024810)
(-4.000000	0.050700	0.024980)
(-3.750000	0.069800	0.025400)
(-3.500000	0.101800	0.025460)
(-3.250000	0.116800	0.026300)
(-3.000000	0.146100	0.026680)
(-2.750000	0.162000	0.027250)
(-2.500000	0.194500	0.027080)
(-2.250000	0.209100	0.027610)
(-2.000000	0.242000	0.027340)
(-1.750000	0.258700	0.027710)
(-1.500000	0.289300	0.027560)
(-1.250000	0.311100	0.027690)
(-1.000000	0.336000	0.027830)
(-0.500000	0.382300	0.028140)
(-0.250000	0.420800	0.027700)
(0.000000	0.429700	0.028430)
(0.250000	0.468900	0.027980)
(0.500000	0.477500	0.028760)
(0.750000	0.516700	0.028340)
(1.000000	0.524900	0.029200)
(1.250000	0.564000	0.028820)
(1.750000	0.610000	0.029450)
(2.000000	0.642700	0.029210)
(2.250000	0.654400	0.030220)
(2.500000	0.690500	0.029800)
(2.750000	0.696600	0.031160)
(3.000000	0.733600	0.030690)
(3.500000	0.760600	0.032540)
(4.000000	0.804300	0.033600)
(4.500000	0.775200	0.039430)
(4.750000	0.826900	0.037450)
(5.000000	0.886200	0.035680)
(5.500000	0.773100	0.049850)
(5.750000	0.812900	0.048760)
(6.000000	0.854700	0.047380)
(9.250000	0.973600	0.065890)
(12.000000	1.490000	0.041250)
(12.250000	1.511200	0.041180)
(12.500000	1.536700	0.040720)
(12.750000	1.546300	0.041480)
(13.000000	1.544100	0.043260)
(13.250000	1.546100	0.044750)
(13.500000	1.557700	0.045460)
(13.750000	1.549900	0.047990)
(14.000000	1.547100	0.050200)
(14.250000	1.546600	0.052280)
(14.500000	1.538300	0.055310)
(14.750000	1.531600	0.058290)
(15.000000	1.526900	0.061140)
(15.250000	1.518600	0.064520)
(15.500000	1.510200	0.068010)
(15.750000	1.502700	0.071520)
(16.000000	1.495500	0.075050)
(16.250000	1.489000	0.078600)
(16.500000	1.483500	0.082080)
(16.750000	1.478900	0.085480)
(17.000000	1.475300	0.088800)
(17.250000	1.470000	0.092450)
(17.500000	1.465400	0.096020)
(17.750000	1.461400	0.099560)
(18.000000	1.457500	0.103080)
(18.250000	1.452300	0.106930)
(18.500000	1.447200	0.110760)
(18.750000	1.442100	0.114630)
(19.000000	1.437000	0.118530)
(19.250000	1.431900	0.122450)
(19.500000	1.427500	0.126280)
(19.750000	1.423500	0.130100)
(20.000000	1.420700	0.133670)
(20.250000	1.420300	0.136860)
(20.500000	1.423000	0.139460)
(20.750000	1.425500	0.142170)
(21.000000	1.433100	0.143880)
(21.250000	1.438300	0.146100)
(21.500000	1.445300	0.147930)
(21.750000	1.453700	0.149470)
(22.000000	1.463600	0.150760)
(22.250000	1.474300	0.151870)
(22.500000	1.475700	0.154810)
(22.750000	1.484700	0.156210)
(23.000000	1.488400	0.158710)
(23.250000	1.493800	0.160860)
(23.500000	1.489800	0.164870)
(23.750000	1.502600	0.165490)
(24.000000	1.488500	0.171650)
(24.250000	1.474600	0.177860)
(24.500000	1.457700	0.184880)
(24.750000	1.426000	0.195590)
(25.000000	1.371700	0.212840)
(29.642857	1.245434	0.299453)
(34.285714	1.149885	0.394890)
(38.928571	1.068442	0.496665)
(43.571429	0.991572	0.602133)
(48.214286	0.913623	0.708552)
(52.857143	0.831322	0.813156)
(57.500000	0.742986	0.913231)
(62.142857	0.648080	1.006183)
(66.785714	0.546938	1.089603)
(71.428571	0.440579	1.161337)
(76.071429	0.330563	1.219536)
(80.714286	0.218877	1.262708)
(85.357143	0.107838	1.289754)
(90.000000	0.000000	1.300000)
(94.642857	-0.075486	1.289754)
(99.285714	-0.153214	1.262708)
(103.928571	-0.231394	1.219536)
(108.571429	-0.308405	1.161337)
(113.214286	-0.382857	1.089603)
(117.857143	-0.453656	1.006183)
(122.500000	-0.520090	0.913231)
(127.142857	-0.581925	0.813156)
(131.785714	-0.639536	0.708552)
(136.428571	-0.694100	0.602133)
(141.071429	-0.747910	0.496665)
(145.714286	-0.804919	0.394890)
(150.357143	-0.871804	0.299453)
(155.000000	-0.960190	0.212840)
(156.785714	-0.891605	0.182362)
(158.571429	-0.823020	0.153644)
(160.357143	-0.754435	0.126795)
(162.142857	-0.685850	0.101921)
(163.928571	-0.617265	0.079115)
(165.714286	-0.548680	0.058468)
(167.500000	-0.480095	0.040058)
(169.285714	-0.411510	0.023956)
(171.071429	-0.342925	0.010225)
(172.857143	-0.274340	0.001000)
(174.642857	-0.205755	0.001000)
(176.428571	-0.137170	0.001000)
(178.214286	-0.068585	0.001000)
(180.000000	0.000000	0.001000)
