// Re = 0.07
(-180.000000	0.000000	0.017667)
(-178.660714	0.063290	0.018373)
(-177.321429	0.126580	0.020487)
(-175.982143	0.189870	0.024006)
(-174.642857	0.253160	0.028922)
(-173.303571	0.316450	0.035224)
(-171.964286	0.379740	0.042898)
(-170.625000	0.443030	0.051927)
(-169.285714	0.506320	0.062291)
(-167.946429	0.569610	0.073969)
(-166.607143	0.632900	0.086933)
(-165.267857	0.696190	0.101156)
(-163.928571	0.759480	0.116606)
(-162.589286	0.822770	0.133250)
(-161.250000	0.886060	0.151050)
(-156.160714	0.788385	0.228522)
(-151.071429	0.731022	0.319642)
(-145.982143	0.690099	0.421525)
(-140.892857	0.653832	0.530945)
(-135.803571	0.615814	0.644437)
(-130.714286	0.572481	0.758402)
(-125.625000	0.521988	0.869226)
(-120.535714	0.463664	0.973394)
(-115.446429	0.397704	1.067593)
(-110.357143	0.324973	1.148828)
(-105.267857	0.246869	1.214506)
(-100.178571	0.165209	1.262525)
(-95.089286	0.082131	1.291337)
(-90.000000	0.000000	1.300000)
(-84.910714	-0.082131	1.291337)
(-79.821429	-0.165209	1.262525)
(-74.732143	-0.246869	1.214506)
(-69.642857	-0.324973	1.148828)
(-64.553571	-0.397704	1.067593)
(-59.464286	-0.463664	0.973394)
(-54.375000	-0.521988	0.869226)
(-49.285714	-0.572481	0.758402)
(-44.196429	-0.615814	0.644437)
(-39.107143	-0.653832	0.530945)
(-34.017857	-0.690099	0.421525)
(-28.928571	-0.731022	0.319642)
(-23.839286	-0.788385	0.228522)
(-18.750000	-0.886060	0.151050)
(-17.767857	-0.844470	0.142946)
(-16.785714	-0.802880	0.134843)
(-15.803571	-0.761290	0.126739)
(-14.821429	-0.719700	0.118636)
(-13.839286	-0.678110	0.110532)
(-12.857143	-0.636520	0.102429)
(-11.875000	-0.594930	0.094325)
(-10.892857	-0.553340	0.086221)
(-9.910714	-0.511750	0.078118)
(-8.928571	-0.470160	0.070014)
(-7.946429	-0.428570	0.061911)
(-6.964286	-0.386980	0.053807)
(-5.000000	-0.303800	0.037600)
(-4.750000	-0.272400	0.036800)
(-4.500000	-0.240700	0.036080)
(-4.250000	-0.207200	0.035400)
(-4.000000	-0.180300	0.034750)
(-3.750000	-0.142000	0.033010)
(-3.500000	-0.115000	0.033710)
(-3.250000	-0.096100	0.035090)
(-3.000000	-0.078900	0.036400)
(-2.750000	-0.070500	0.037620)
(-2.500000	-0.062600	0.038750)
(-2.250000	-0.053100	0.039750)
(-2.000000	-0.043500	0.040610)
(-1.750000	-0.025300	0.041290)
(-1.500000	-0.017300	0.041930)
(-1.250000	-0.008900	0.042520)
(-1.000000	0.004000	0.043030)
(-0.750000	0.023400	0.043400)
(-0.500000	0.031900	0.043870)
(-0.250000	0.046700	0.044290)
(0.000000	0.065700	0.044610)
(0.250000	0.084900	0.045000)
(0.500000	0.098900	0.045510)
(0.750000	0.117700	0.045950)
(1.000000	0.143900	0.046360)
(1.250000	0.153100	0.047000)
(1.500000	0.170900	0.047570)
(1.750000	0.196700	0.047990)
(2.000000	0.204600	0.048750)
(2.250000	0.220100	0.049380)
(2.500000	0.245100	0.049890)
(2.750000	0.263500	0.050810)
(3.000000	0.285600	0.051910)
(3.250000	0.318500	0.053250)
(3.500000	0.353000	0.054610)
(3.750000	0.388000	0.055990)
(4.000000	0.423300	0.057380)
(4.250000	0.452200	0.058960)
(4.500000	0.475800	0.060720)
(4.750000	0.501600	0.062410)
(5.000000	0.528100	0.064080)
(5.250000	0.554800	0.065720)
(5.500000	0.582200	0.067280)
(5.750000	0.612500	0.068680)
(6.000000	0.633300	0.070430)
(6.250000	0.648800	0.072370)
(6.500000	0.665600	0.074240)
(6.750000	0.686200	0.075880)
(7.000000	0.715000	0.077030)
(7.250000	0.732400	0.078720)
(7.500000	0.746300	0.080570)
(7.750000	0.775500	0.081480)
(8.000000	0.787100	0.083380)
(8.250000	0.808800	0.084620)
(8.500000	0.830400	0.085790)
(8.750000	0.845800	0.087350)
(9.000000	0.871500	0.088040)
(9.250000	0.885000	0.089610)
(9.500000	0.903000	0.090750)
(9.750000	0.928600	0.091090)
(10.000000	0.941000	0.092550)
(10.250000	0.978000	0.091420)
(10.500000	0.988500	0.092850)
(10.750000	1.005500	0.093510)
(11.000000	1.045100	0.091300)
(12.000000	1.394800	0.051190)
(12.250000	1.404200	0.051180)
(12.500000	1.414600	0.051140)
(12.750000	1.415100	0.052410)
(13.000000	1.410800	0.054440)
(13.250000	1.403000	0.057130)
(13.500000	1.395600	0.059970)
(13.750000	1.387900	0.063070)
(14.000000	1.380400	0.066340)
(14.250000	1.377400	0.069190)
(14.500000	1.373500	0.072350)
(14.750000	1.372300	0.075270)
(15.000000	1.372700	0.078080)
(15.250000	1.375100	0.080780)
(15.500000	1.380700	0.083250)
(15.750000	1.395200	0.084870)
(16.000000	1.401100	0.087650)
(16.250000	1.411300	0.090110)
(16.500000	1.425800	0.092220)
(16.750000	1.413900	0.097020)
(17.000000	1.430700	0.099070)
(17.250000	1.412900	0.104540)
(17.500000	1.395400	0.110220)
(17.750000	1.376700	0.116320)
(18.000000	1.354400	0.123230)
(18.250000	1.326700	0.131400)
(18.500000	1.295300	0.140930)
(18.750000	1.265800	0.151050)
(23.839286	1.126264	0.228522)
(28.928571	1.044317	0.319642)
(34.017857	0.985856	0.421525)
(39.107143	0.934045	0.530945)
(44.196429	0.879735	0.644437)
(49.285714	0.817830	0.758402)
(54.375000	0.745697	0.869226)
(59.464286	0.662378	0.973394)
(64.553571	0.568149	1.067593)
(69.642857	0.464247	1.148828)
(74.732143	0.352670	1.214506)
(79.821429	0.236013	1.262525)
(84.910714	0.117330	1.291337)
(90.000000	0.000000	1.300000)
(95.089286	-0.082131	1.291337)
(100.178571	-0.165209	1.262525)
(105.267857	-0.246869	1.214506)
(110.357143	-0.324973	1.148828)
(115.446429	-0.397704	1.067593)
(120.535714	-0.463664	0.973394)
(125.625000	-0.521988	0.869226)
(130.714286	-0.572481	0.758402)
(135.803571	-0.615814	0.644437)
(140.892857	-0.653832	0.530945)
(145.982143	-0.690099	0.421525)
(151.071429	-0.731022	0.319642)
(156.160714	-0.788385	0.228522)
(161.250000	-0.886060	0.151050)
(162.589286	-0.822770	0.133250)
(163.928571	-0.759480	0.116606)
(165.267857	-0.696190	0.101156)
(166.607143	-0.632900	0.086933)
(167.946429	-0.569610	0.073969)
(169.285714	-0.506320	0.062291)
(170.625000	-0.443030	0.051927)
(171.964286	-0.379740	0.042898)
(173.303571	-0.316450	0.035224)
(174.642857	-0.253160	0.028922)
(175.982143	-0.189870	0.024006)
(177.321429	-0.126580	0.020487)
(178.660714	-0.063290	0.018373)
(180.000000	0.000000	0.017667)
