// Re = 0.1
(-180.000000	0.000000	0.045367)
(-178.660714	0.055110	0.046065)
(-177.321429	0.110220	0.048157)
(-175.982143	0.165330	0.051638)
(-174.642857	0.220440	0.056501)
(-173.303571	0.275550	0.062735)
(-171.964286	0.330660	0.070326)
(-170.625000	0.385770	0.079257)
(-169.285714	0.440880	0.089508)
(-167.946429	0.495990	0.101058)
(-166.607143	0.551100	0.113880)
(-165.267857	0.606210	0.127945)
(-163.928571	0.661320	0.143224)
(-162.589286	0.716430	0.159681)
(-161.250000	0.771540	0.177280)
(-156.160714	0.703405	0.253859)
(-151.071429	0.666011	0.343886)
(-145.982143	0.639686	0.444485)
(-140.892857	0.614643	0.552440)
(-135.803571	0.585544	0.664296)
(-130.714286	0.549436	0.776470)
(-125.625000	0.504852	0.885361)
(-120.535714	0.451361	0.987467)
(-115.446429	0.389311	1.079495)
(-110.357143	0.319674	1.158464)
(-105.267857	0.243918	1.221800)
(-100.178571	0.163906	1.267420)
(-95.089286	0.081807	1.293795)
(-90.000000	0.000000	1.300000)
(-84.910714	-0.081807	1.293795)
(-79.821429	-0.163906	1.267420)
(-74.732143	-0.243918	1.221800)
(-69.642857	-0.319674	1.158464)
(-64.553571	-0.389311	1.079495)
(-59.464286	-0.451361	0.987467)
(-54.375000	-0.504852	0.885361)
(-49.285714	-0.549436	0.776470)
(-44.196429	-0.585544	0.664296)
(-39.107143	-0.614643	0.552440)
(-34.017857	-0.639686	0.444485)
(-28.928571	-0.666011	0.343886)
(-23.839286	-0.703405	0.253859)
(-18.750000	-0.771540	0.177280)
(-17.750000	-0.718087	0.168351)
(-16.750000	-0.664634	0.159421)
(-15.750000	-0.611181	0.150492)
(-14.750000	-0.557729	0.141563)
(-13.750000	-0.504276	0.132634)
(-12.750000	-0.450823	0.123704)
(-11.750000	-0.397370	0.114775)
(-10.750000	-0.343917	0.105846)
(-9.750000	-0.290464	0.096916)
(-8.750000	-0.237011	0.087987)
(-7.750000	-0.183559	0.079058)
(-6.750000	-0.130106	0.070129)
(-4.750000	-0.023200	0.052270)
(-4.500000	-0.202900	0.053270)
(-4.250000	-0.099000	0.054440)
(-3.500000	-0.214000	0.055250)
(-3.250000	-0.232100	0.055900)
(-3.000000	-0.200700	0.056050)
(-2.750000	-0.219200	0.057890)
(-2.500000	-0.187800	0.057870)
(-2.250000	-0.204400	0.058700)
(-2.000000	-0.173700	0.058510)
(-1.750000	-0.189500	0.060270)
(-1.500000	-0.166000	0.060330)
(-1.250000	-0.158600	0.060840)
(-1.000000	-0.155800	0.062030)
(-0.750000	-0.117800	0.061670)
(-0.250000	-0.118800	0.064190)
(0.000000	-0.072100	0.063660)
(0.250000	-0.078100	0.065420)
(0.500000	-0.063000	0.066530)
(0.750000	-0.052100	0.067880)
(1.500000	-0.073400	0.075020)
(1.750000	-0.054800	0.075850)
(2.000000	-0.027000	0.076960)
(2.250000	-0.011100	0.077780)
(2.500000	0.018000	0.079130)
(2.750000	0.035000	0.079960)
(3.000000	0.043300	0.081020)
(3.250000	0.080400	0.082380)
(3.500000	0.086600	0.083360)
(3.750000	0.106500	0.084750)
(4.000000	0.132700	0.085970)
(4.250000	0.142700	0.087210)
(4.500000	0.180200	0.088880)
(4.750000	0.187000	0.089980)
(5.000000	0.201700	0.091490)
(5.250000	0.234500	0.093090)
(5.500000	0.245200	0.094460)
(5.750000	0.253900	0.095890)
(6.000000	0.281500	0.097740)
(6.250000	0.298000	0.099070)
(6.500000	0.310800	0.100780)
(6.750000	0.323100	0.102430)
(7.000000	0.355100	0.104120)
(7.250000	0.362900	0.105710)
(7.500000	0.375000	0.107530)
(7.750000	0.392500	0.109380)
(8.000000	0.417600	0.110940)
(8.250000	0.429500	0.112840)
(8.500000	0.437700	0.114570)
(8.750000	0.454200	0.116570)
(9.000000	0.485200	0.118280)
(9.250000	0.490500	0.119960)
(9.500000	0.501300	0.121960)
(9.750000	0.513400	0.123940)
(10.000000	0.530500	0.125810)
(10.250000	0.557600	0.127330)
(10.500000	0.566500	0.129230)
(10.750000	0.577000	0.131260)
(11.000000	0.586700	0.133170)
(11.250000	0.598400	0.135050)
(11.500000	0.611600	0.136880)
(11.750000	0.673700	0.130980)
(12.000000	0.689800	0.132020)
(12.250000	0.707400	0.132970)
(12.500000	0.721900	0.133840)
(12.750000	0.736600	0.134780)
(13.000000	0.749000	0.135710)
(13.250000	0.758300	0.136520)
(13.750000	0.785200	0.137910)
(14.000000	0.811000	0.139660)
(14.250000	0.835900	0.141440)
(14.500000	0.859700	0.143190)
(14.750000	0.882000	0.144930)
(15.000000	0.902900	0.146710)
(15.250000	0.922400	0.148480)
(15.500000	0.940400	0.150330)
(15.750000	0.957200	0.152220)
(16.250000	0.986500	0.156250)
(16.750000	1.011200	0.160690)
(17.000000	1.050500	0.158480)
(17.250000	1.032900	0.165360)
(17.500000	1.061800	0.164530)
(17.750000	1.076900	0.165910)
(18.500000	1.097100	0.174220)
(18.750000	1.102200	0.177280)
(23.839286	1.004864	0.253859)
(28.928571	0.951444	0.343886)
(34.017857	0.913837	0.444485)
(39.107143	0.878062	0.552440)
(44.196429	0.836491	0.664296)
(49.285714	0.784909	0.776470)
(54.375000	0.721218	0.885361)
(59.464286	0.644801	0.987467)
(64.553571	0.556159	1.079495)
(69.642857	0.456677	1.158464)
(74.732143	0.348454	1.221800)
(79.821429	0.234152	1.267420)
(84.910714	0.116867	1.293795)
(90.000000	0.000000	1.300000)
(95.089286	-0.081807	1.293795)
(100.178571	-0.163906	1.267420)
(105.267857	-0.243918	1.221800)
(110.357143	-0.319674	1.158464)
(115.446429	-0.389311	1.079495)
(120.535714	-0.451361	0.987467)
(125.625000	-0.504852	0.885361)
(130.714286	-0.549436	0.776470)
(135.803571	-0.585544	0.664296)
(140.892857	-0.614643	0.552440)
(145.982143	-0.639686	0.444485)
(151.071429	-0.666011	0.343886)
(156.160714	-0.703405	0.253859)
(161.250000	-0.771540	0.177280)
(162.589286	-0.716430	0.159681)
(163.928571	-0.661320	0.143224)
(165.267857	-0.606210	0.127945)
(166.607143	-0.551100	0.113880)
(167.946429	-0.495990	0.101058)
(169.285714	-0.440880	0.089508)
(170.625000	-0.385770	0.079257)
(171.964286	-0.330660	0.070326)
(173.303571	-0.275550	0.062735)
(174.642857	-0.220440	0.056501)
(175.982143	-0.165330	0.051638)
(177.321429	-0.110220	0.048157)
(178.660714	-0.055110	0.046065)
(180.000000	0.000000	0.045367)
