// Re = 0.09
(-180.000000	0.000000	0.057040)
(-178.035714	0.040510	0.058533)
(-176.071429	0.081020	0.063008)
(-174.107143	0.121530	0.070441)
(-172.142857	0.162040	0.080798)
(-170.178571	0.202550	0.094029)
(-168.214286	0.243060	0.110072)
(-166.250000	0.283570	0.128848)
(-164.285714	0.324080	0.150269)
(-162.321429	0.364590	0.174231)
(-160.357143	0.405100	0.200621)
(-158.392857	0.445610	0.229313)
(-156.428571	0.486120	0.260168)
(-154.464286	0.526630	0.293040)
(-152.500000	0.567140	0.327770)
(-148.035714	0.563835	0.412722)
(-143.571429	0.559181	0.504303)
(-139.107143	0.549933	0.600249)
(-134.642857	0.534151	0.698184)
(-130.178571	0.510735	0.795679)
(-125.714286	0.479195	0.890313)
(-121.250000	0.439510	0.979727)
(-116.785714	0.392051	1.061688)
(-112.321429	0.337515	1.134139)
(-107.857143	0.276876	1.195251)
(-103.392857	0.211341	1.243466)
(-98.928571	0.142306	1.277538)
(-94.464286	0.071311	1.296564)
(-90.000000	0.000000	1.300000)
(-85.535714	-0.071311	1.296564)
(-81.071429	-0.142306	1.277538)
(-76.607143	-0.211341	1.243466)
(-72.142857	-0.276876	1.195251)
(-67.678571	-0.337515	1.134139)
(-63.214286	-0.392051	1.061688)
(-58.750000	-0.439510	0.979727)
(-54.285714	-0.479195	0.890313)
(-49.821429	-0.510735	0.795679)
(-45.357143	-0.534151	0.698184)
(-40.892857	-0.549933	0.600249)
(-36.428571	-0.559181	0.504303)
(-31.964286	-0.563835	0.412722)
(-27.500000	-0.567140	0.327770)
(-25.857143	-0.549237	0.308637)
(-24.214286	-0.531334	0.289504)
(-22.571429	-0.513431	0.270371)
(-20.928571	-0.495529	0.251239)
(-19.285714	-0.477626	0.232106)
(-17.642857	-0.459723	0.212973)
(-16.000000	-0.441820	0.193840)
(-14.357143	-0.423917	0.174707)
(-12.714286	-0.406014	0.155574)
(-11.071429	-0.388111	0.136441)
(-9.428571	-0.370209	0.117309)
(-7.785714	-0.352306	0.098176)
(-4.500000	-0.316500	0.059910)
(-4.250000	-0.288700	0.060750)
(-4.000000	-0.311800	0.061140)
(-3.750000	-0.283700	0.061890)
(-3.500000	-0.304300	0.062350)
(-3.250000	-0.284300	0.062970)
(-3.000000	-0.290700	0.063470)
(-2.750000	-0.286900	0.063930)
(-2.500000	-0.259500	0.064210)
(-2.250000	-0.274800	0.065590)
(-2.000000	-0.273500	0.066190)
(-1.750000	-0.267600	0.066640)
(-1.500000	-0.262400	0.067180)
(-1.250000	-0.254300	0.068450)
(-0.250000	-0.265100	0.072610)
(0.000000	-0.240900	0.073580)
(0.250000	-0.228000	0.073720)
(0.500000	-0.191500	0.074750)
(0.750000	-0.186000	0.074970)
(1.000000	-0.162400	0.075590)
(1.250000	-0.140500	0.076450)
(1.500000	-0.120100	0.076980)
(1.750000	-0.092800	0.078230)
(2.000000	-0.075100	0.078720)
(2.250000	-0.063700	0.079620)
(2.500000	-0.027700	0.080780)
(2.750000	-0.021200	0.081510)
(3.000000	0.016200	0.083060)
(3.250000	0.025200	0.083750)
(3.500000	0.041000	0.084850)
(3.750000	0.073600	0.086360)
(4.000000	0.085100	0.087310)
(4.250000	0.100400	0.088560)
(4.500000	0.132800	0.090150)
(4.750000	0.143200	0.091250)
(5.000000	0.157900	0.092630)
(5.250000	0.189600	0.094300)
(5.500000	0.200200	0.095550)
(5.750000	0.214500	0.097060)
(6.000000	0.248200	0.098940)
(6.250000	0.256200	0.100180)
(6.500000	0.269700	0.101800)
(6.750000	0.289300	0.103540)
(7.000000	0.314900	0.105290)
(7.250000	0.322200	0.106710)
(7.500000	0.337700	0.108570)
(7.750000	0.368500	0.110490)
(8.000000	0.376600	0.111980)
(8.250000	0.389400	0.113850)
(8.500000	0.400100	0.115550)
(8.750000	0.431300	0.117560)
(9.000000	0.442000	0.119350)
(9.250000	0.449400	0.121010)
(9.500000	0.461600	0.122930)
(9.750000	0.481400	0.125000)
(10.000000	0.503600	0.126830)
(10.250000	0.510900	0.128550)
(10.500000	0.520200	0.130450)
(10.750000	0.532300	0.132430)
(11.000000	0.551000	0.134400)
(11.250000	0.571800	0.136140)
(11.500000	0.580000	0.137930)
(11.750000	0.589200	0.139800)
(12.000000	0.599700	0.141710)
(12.250000	0.608700	0.143410)
(12.500000	0.619700	0.145180)
(12.750000	0.629100	0.146720)
(13.000000	0.637400	0.148020)
(13.250000	0.645400	0.148950)
(13.500000	0.712700	0.143550)
(13.750000	0.699000	0.152200)
(14.000000	0.769500	0.146370)
(14.250000	0.801900	0.147490)
(14.500000	0.833100	0.148610)
(14.750000	0.843400	0.151460)
(15.000000	0.858900	0.153850)
(15.250000	0.876700	0.155950)
(15.500000	0.894300	0.157990)
(15.750000	0.911100	0.160060)
(16.000000	0.926500	0.162200)
(16.250000	0.940600	0.164450)
(16.500000	0.953500	0.166810)
(16.750000	0.965600	0.169180)
(17.000000	0.977800	0.171490)
(17.250000	0.991200	0.173590)
(17.500000	1.009400	0.174830)
(18.000000	1.034500	0.178830)
(18.750000	1.049100	0.188450)
(19.000000	1.054700	0.191490)
(19.250000	1.061700	0.194340)
(19.500000	1.070600	0.196860)
(19.750000	1.082200	0.198820)
(20.000000	1.100900	0.199350)
(20.250000	1.105400	0.202620)
(20.500000	1.099700	0.207980)
(20.750000	1.099400	0.212290)
(21.000000	1.107000	0.215070)
(21.250000	1.075800	0.228100)
(21.500000	1.089700	0.230780)
(21.750000	1.117500	0.225840)
(22.000000	1.125700	0.228370)
(22.250000	1.133000	0.230770)
(22.500000	1.143400	0.232290)
(22.750000	1.162000	0.231670)
(23.000000	1.164600	0.234900)
(23.250000	1.175900	0.236030)
(23.500000	1.195800	0.234660)
(23.750000	0.766600	0.269970)
(24.000000	0.769800	0.273790)
(24.250000	0.773800	0.277480)
(24.500000	0.781500	0.280680)
(24.750000	0.781800	0.284660)
(25.000000	0.782000	0.288940)
(25.250000	0.787000	0.292590)
(25.500000	0.790500	0.296170)
(25.750000	0.790600	0.300530)
(26.000000	0.798700	0.303680)
(26.250000	0.797000	0.308180)
(26.500000	0.800800	0.311990)
(26.750000	0.803500	0.315730)
(27.000000	0.805100	0.319900)
(27.250000	0.809800	0.323330)
(27.500000	0.810200	0.327770)
(31.964286	0.805479	0.412722)
(36.428571	0.798830	0.504303)
(40.892857	0.785619	0.600249)
(45.357143	0.763072	0.698184)
(49.821429	0.729622	0.795679)
(54.285714	0.684564	0.890313)
(58.750000	0.627871	0.979727)
(63.214286	0.560073	1.061688)
(67.678571	0.482164	1.134139)
(72.142857	0.395537	1.195251)
(76.607143	0.301916	1.243466)
(81.071429	0.203294	1.277538)
(85.535714	0.101873	1.296564)
(90.000000	0.000000	1.300000)
(94.464286	-0.071311	1.296564)
(98.928571	-0.142306	1.277538)
(103.392857	-0.211341	1.243466)
(107.857143	-0.276876	1.195251)
(112.321429	-0.337515	1.134139)
(116.785714	-0.392051	1.061688)
(121.250000	-0.439510	0.979727)
(125.714286	-0.479195	0.890313)
(130.178571	-0.510735	0.795679)
(134.642857	-0.534151	0.698184)
(139.107143	-0.549933	0.600249)
(143.571429	-0.559181	0.504303)
(148.035714	-0.563835	0.412722)
(152.500000	-0.567140	0.327770)
(154.464286	-0.526630	0.293040)
(156.428571	-0.486120	0.260168)
(158.392857	-0.445610	0.229313)
(160.357143	-0.405100	0.200621)
(162.321429	-0.364590	0.174231)
(164.285714	-0.324080	0.150269)
(166.250000	-0.283570	0.128848)
(168.214286	-0.243060	0.110072)
(170.178571	-0.202550	0.094029)
(172.142857	-0.162040	0.080798)
(174.107143	-0.121530	0.070441)
(176.071429	-0.081020	0.063008)
(178.035714	-0.040510	0.058533)
(180.000000	0.000000	0.057040)
