// Re = 0.06
(-180.000000	0.000000	0.001000)
(-177.875000	0.059480	0.001000)
(-175.750000	0.118960	0.001236)
(-173.625000	0.178440	0.010144)
(-171.500000	0.237920	0.022547)
(-169.375000	0.297400	0.038376)
(-167.250000	0.356880	0.057545)
(-165.125000	0.416360	0.079949)
(-163.000000	0.475840	0.105464)
(-160.875000	0.535320	0.133950)
(-158.750000	0.594800	0.165252)
(-156.625000	0.654280	0.199197)
(-154.500000	0.713760	0.235598)
(-152.375000	0.773240	0.274257)
(-150.250000	0.832720	0.314960)
(-145.946429	0.777811	0.402728)
(-141.642857	0.730282	0.495983)
(-137.339286	0.684993	0.592629)
(-133.035714	0.638784	0.690493)
(-128.732143	0.589740	0.787377)
(-124.428571	0.536798	0.881104)
(-120.125000	0.479517	0.969569)
(-115.821429	0.417935	1.050786)
(-111.517857	0.352470	1.122932)
(-107.214286	0.283847	1.184388)
(-102.910714	0.213042	1.233779)
(-98.607143	0.141227	1.269997)
(-94.303571	0.069733	1.292235)
(-90.000000	0.000000	1.300000)
(-85.696429	-0.069733	1.292235)
(-81.392857	-0.141227	1.269997)
(-77.089286	-0.213042	1.233779)
(-72.785714	-0.283847	1.184388)
(-68.482143	-0.352470	1.122932)
(-64.178571	-0.417935	1.050786)
(-59.875000	-0.479517	0.969569)
(-55.571429	-0.536798	0.881104)
(-51.267857	-0.589740	0.787377)
(-46.964286	-0.638784	0.690493)
(-42.660714	-0.684993	0.592629)
(-38.357143	-0.730282	0.495983)
(-34.053571	-0.777811	0.402728)
(-29.750000	-0.832720	0.314960)
(-27.982143	-0.811676	0.296026)
(-26.214286	-0.790631	0.277093)
(-24.446429	-0.769587	0.258159)
(-22.678571	-0.748543	0.239226)
(-20.910714	-0.727499	0.220292)
(-19.142857	-0.706454	0.201359)
(-17.375000	-0.685410	0.182425)
(-15.607143	-0.664366	0.163491)
(-13.839286	-0.643321	0.144558)
(-12.071429	-0.622277	0.125624)
(-10.303571	-0.601233	0.106691)
(-8.535714	-0.580189	0.087757)
(-5.000000	-0.538100	0.049890)
(-4.500000	-0.521700	0.053770)
(-3.750000	-0.619900	0.051310)
(-3.500000	-0.599800	0.053660)
(-3.250000	-0.581500	0.056190)
(-3.000000	-0.563300	0.057640)
(-2.750000	-0.545600	0.059590)
(-2.500000	-0.528600	0.060630)
(-2.250000	-0.510800	0.061950)
(-2.000000	-0.494300	0.063330)
(-1.500000	-0.461500	0.065050)
(-1.250000	-0.446500	0.065940)
(-1.000000	-0.430800	0.066480)
(-0.750000	-0.415300	0.066700)
(-0.500000	-0.399500	0.066870)
(-0.250000	-0.383200	0.067080)
(0.000000	-0.363600	0.067510)
(0.250000	-0.339800	0.068160)
(0.500000	-0.325700	0.068140)
(0.750000	-0.309200	0.068410)
(1.000000	-0.282400	0.069430)
(1.250000	-0.267200	0.069470)
(1.500000	-0.249900	0.069790)
(1.750000	-0.220000	0.071090)
(2.000000	-0.208500	0.071020)
(2.250000	-0.190900	0.071510)
(2.500000	-0.159100	0.072920)
(2.750000	-0.146900	0.073020)
(3.000000	-0.128400	0.073810)
(3.250000	-0.101500	0.074990)
(3.500000	-0.087200	0.075440)
(3.750000	-0.061700	0.076850)
(4.000000	-0.044500	0.077510)
(4.250000	-0.031600	0.078150)
(4.750000	0.009200	0.080360)
(5.000000	0.024200	0.081320)
(5.250000	0.053100	0.083120)
(5.500000	0.062000	0.083610)
(5.750000	0.076500	0.084670)
(6.000000	0.101900	0.086320)
(6.250000	0.109500	0.086860)
(6.500000	0.124100	0.088020)
(6.750000	0.149900	0.089750)
(7.000000	0.161300	0.090560)
(7.250000	0.181600	0.092070)
(7.500000	0.204100	0.093470)
(7.750000	0.241700	0.096520)
(8.000000	0.258800	0.098170)
(8.250000	0.278200	0.100190)
(8.500000	0.300300	0.102530)
(8.750000	0.328000	0.105310)
(9.000000	0.359300	0.108260)
(9.250000	0.376300	0.110310)
(9.500000	0.393900	0.112540)
(10.000000	0.430900	0.117380)
(10.250000	0.450000	0.119910)
(10.500000	0.469700	0.122500)
(10.750000	0.489800	0.125140)
(11.000000	0.510100	0.127830)
(11.250000	0.529500	0.130480)
(11.500000	0.547300	0.133030)
(11.750000	0.563400	0.135520)
(12.000000	0.578200	0.137940)
(12.250000	0.591600	0.140320)
(12.500000	0.604000	0.142650)
(12.750000	0.615500	0.144960)
(13.000000	0.626400	0.147250)
(13.250000	0.637000	0.149540)
(13.500000	0.647700	0.151850)
(13.750000	0.658800	0.154190)
(14.000000	0.670200	0.156570)
(14.250000	0.682000	0.159000)
(14.500000	0.694100	0.161450)
(14.750000	0.706500	0.163950)
(15.000000	0.718900	0.166480)
(15.250000	0.731300	0.169050)
(15.500000	0.743300	0.171640)
(15.750000	0.754800	0.174250)
(16.000000	0.765500	0.176850)
(16.250000	0.775400	0.179390)
(16.500000	0.784300	0.181910)
(16.750000	0.792700	0.184430)
(17.000000	0.800700	0.186930)
(17.250000	0.808600	0.189440)
(17.500000	0.816600	0.191970)
(17.750000	0.824800	0.194530)
(18.000000	0.833100	0.197090)
(18.250000	0.841800	0.199680)
(18.500000	0.850500	0.202270)
(18.750000	0.859400	0.204870)
(19.000000	0.868300	0.207460)
(19.250000	0.877100	0.210040)
(19.500000	0.885800	0.212620)
(19.750000	0.894600	0.215190)
(20.000000	0.903600	0.217770)
(20.250000	0.913200	0.220410)
(20.500000	0.924000	0.223150)
(20.750000	0.936700	0.226210)
(21.000000	0.940800	0.228530)
(21.250000	0.945800	0.230890)
(21.500000	0.953500	0.233420)
(21.750000	0.964500	0.236180)
(22.000000	0.975700	0.239190)
(22.250000	0.979900	0.241620)
(22.500000	0.985700	0.244150)
(22.750000	0.992700	0.246730)
(23.000000	1.000200	0.249430)
(23.250000	1.007700	0.252120)
(23.500000	1.015400	0.254830)
(23.750000	1.023900	0.257630)
(24.000000	1.034000	0.260480)
(24.250000	1.041000	0.262940)
(24.500000	1.045100	0.265300)
(24.750000	1.051400	0.267860)
(25.000000	1.060800	0.270660)
(25.250000	1.068900	0.273150)
(25.500000	1.073100	0.275460)
(25.750000	1.080600	0.278000)
(26.000000	1.090800	0.280760)
(26.250000	1.094300	0.282860)
(26.500000	1.101500	0.285270)
(26.750000	1.110700	0.287840)
(27.000000	1.114700	0.289960)
(27.250000	1.123000	0.292390)
(27.500000	1.129600	0.294580)
(27.750000	1.135000	0.296930)
(28.000000	1.145200	0.299660)
(28.250000	1.148500	0.301500)
(28.500000	1.156100	0.303850)
(28.750000	1.162300	0.306010)
(29.000000	1.168000	0.308090)
(29.250000	1.176200	0.310360)
(29.500000	1.180500	0.312520)
(29.750000	1.189600	0.314960)
(34.053571	1.111159	0.402728)
(38.357143	1.043260	0.495983)
(42.660714	0.978562	0.592629)
(46.964286	0.912549	0.690493)
(51.267857	0.842485	0.787377)
(55.571429	0.766854	0.881104)
(59.875000	0.685024	0.969569)
(64.178571	0.597050	1.050786)
(68.482143	0.503529	1.122932)
(72.785714	0.405496	1.184388)
(77.089286	0.304345	1.233779)
(81.392857	0.201753	1.269997)
(85.696429	0.099618	1.292235)
(90.000000	0.000000	1.300000)
(94.303571	-0.069733	1.292235)
(98.607143	-0.141227	1.269997)
(102.910714	-0.213042	1.233779)
(107.214286	-0.283847	1.184388)
(111.517857	-0.352470	1.122932)
(115.821429	-0.417935	1.050786)
(120.125000	-0.479517	0.969569)
(124.428571	-0.536798	0.881104)
(128.732143	-0.589740	0.787377)
(133.035714	-0.638784	0.690493)
(137.339286	-0.684993	0.592629)
(141.642857	-0.730282	0.495983)
(145.946429	-0.777811	0.402728)
(150.250000	-0.832720	0.314960)
(152.375000	-0.773240	0.274257)
(154.500000	-0.713760	0.235598)
(156.625000	-0.654280	0.199197)
(158.750000	-0.594800	0.165252)
(160.875000	-0.535320	0.133950)
(163.000000	-0.475840	0.105464)
(165.125000	-0.416360	0.079949)
(167.250000	-0.356880	0.057545)
(169.375000	-0.297400	0.038376)
(171.500000	-0.237920	0.022547)
(173.625000	-0.178440	0.010144)
(175.750000	-0.118960	0.001236)
(177.875000	-0.059480	0.001000)
(180.000000	0.000000	0.001000)
