// Re = 0.12
(-180.000000	0.000000	0.005998)
(-178.482143	0.066850	0.006908)
(-176.964286	0.133700	0.009636)
(-175.446429	0.200550	0.014173)
(-173.928571	0.267400	0.020507)
(-172.410714	0.334250	0.028621)
(-170.892857	0.401100	0.038491)
(-169.375000	0.467950	0.050090)
(-167.857143	0.534800	0.063385)
(-166.339286	0.601650	0.078339)
(-164.821429	0.668500	0.094909)
(-163.303571	0.735350	0.113050)
(-161.785714	0.802200	0.132709)
(-160.267857	0.869050	0.153832)
(-158.750000	0.935900	0.176360)
(-153.839286	0.839294	0.258083)
(-148.928571	0.775046	0.351413)
(-144.017857	0.724913	0.453607)
(-139.107143	0.679243	0.561665)
(-134.196429	0.632579	0.672411)
(-129.285714	0.581819	0.782593)
(-124.375000	0.525351	0.888971)
(-119.464286	0.462593	0.988419)
(-114.553571	0.393736	1.078013)
(-109.642857	0.319565	1.155115)
(-104.732143	0.241341	1.217456)
(-99.821429	0.160695	1.263197)
(-94.910714	0.079542	1.290987)
(-90.000000	0.000000	1.300000)
(-85.089286	-0.079542	1.290987)
(-80.178571	-0.160695	1.263197)
(-75.267857	-0.241341	1.217456)
(-70.357143	-0.319565	1.155115)
(-65.446429	-0.393736	1.078013)
(-60.535714	-0.462593	0.988419)
(-55.625000	-0.525351	0.888971)
(-50.714286	-0.581819	0.782593)
(-45.803571	-0.632579	0.672411)
(-40.892857	-0.679243	0.561665)
(-35.982143	-0.724913	0.453607)
(-31.071429	-0.775046	0.351413)
(-26.160714	-0.839294	0.258083)
(-21.250000	-0.935900	0.176360)
(-20.089286	-0.872614	0.165341)
(-18.928571	-0.809329	0.154323)
(-17.767857	-0.746043	0.143304)
(-16.607143	-0.682757	0.132286)
(-15.446429	-0.619471	0.121267)
(-14.285714	-0.556186	0.110249)
(-13.125000	-0.492900	0.099230)
(-11.964286	-0.429614	0.088211)
(-10.803571	-0.366329	0.077193)
(-9.642857	-0.303043	0.066174)
(-8.482143	-0.239757	0.055156)
(-7.321429	-0.176471	0.044137)
(-5.000000	-0.049900	0.022100)
(-4.750000	-0.020100	0.020770)
(-4.500000	0.010400	0.020960)
(-4.250000	0.043300	0.021250)
(-4.000000	0.067100	0.021780)
(-3.750000	0.090900	0.022310)
(-3.500000	0.122800	0.022610)
(-3.250000	0.143000	0.023140)
(-3.000000	0.164700	0.023570)
(-2.750000	0.188600	0.023900)
(-2.500000	0.216100	0.024130)
(-2.250000	0.235800	0.024590)
(-2.000000	0.253900	0.025060)
(-1.750000	0.285400	0.024990)
(-1.500000	0.306600	0.025250)
(-1.250000	0.327200	0.025520)
(-1.000000	0.360200	0.025300)
(-0.750000	0.380900	0.025560)
(-0.500000	0.403500	0.025770)
(-0.250000	0.438300	0.025480)
(0.000000	0.459600	0.025780)
(0.250000	0.480100	0.026070)
(0.500000	0.513900	0.025790)
(0.750000	0.533500	0.026170)
(1.000000	0.554900	0.026500)
(1.250000	0.589200	0.026210)
(1.500000	0.608500	0.026660)
(2.000000	0.663600	0.026760)
(2.250000	0.681800	0.027290)
(2.750000	0.735500	0.027430)
(3.000000	0.752300	0.028040)
(3.500000	0.804800	0.028180)
(3.750000	0.820800	0.028860)
(4.250000	0.870200	0.028960)
(4.500000	0.883500	0.029690)
(5.000000	0.922800	0.030260)
(5.250000	0.942400	0.030400)
(5.750000	0.958200	0.031860)
(6.750000	1.098600	0.031200)
(7.000000	1.137500	0.031180)
(7.500000	1.213500	0.030630)
(7.750000	1.255000	0.029950)
(8.000000	1.291400	0.029650)
(8.250000	1.325400	0.029470)
(8.750000	1.392700	0.028850)
(9.000000	1.429800	0.027860)
(9.250000	1.456600	0.027270)
(9.500000	1.474200	0.027230)
(9.750000	1.500400	0.026960)
(10.000000	1.508800	0.027350)
(10.250000	1.520800	0.027640)
(10.500000	1.531700	0.027970)
(10.750000	1.537600	0.028570)
(11.000000	1.538500	0.029510)
(11.250000	1.537000	0.030710)
(11.500000	1.535900	0.032040)
(11.750000	1.531300	0.033770)
(12.000000	1.523400	0.035950)
(12.250000	1.513600	0.038470)
(12.500000	1.501500	0.041390)
(12.750000	1.487900	0.044650)
(13.000000	1.473700	0.048210)
(13.250000	1.459700	0.051980)
(13.500000	1.446300	0.055860)
(13.750000	1.434100	0.059770)
(14.000000	1.423800	0.063620)
(14.250000	1.415100	0.067390)
(14.500000	1.408000	0.071050)
(14.750000	1.402300	0.074610)
(15.000000	1.397800	0.078120)
(15.250000	1.393900	0.081580)
(15.500000	1.390400	0.085050)
(15.750000	1.387300	0.088460)
(16.000000	1.384700	0.091830)
(16.250000	1.385100	0.094640)
(16.500000	1.386000	0.097520)
(16.750000	1.390500	0.099830)
(17.000000	1.397700	0.101730)
(17.250000	1.408500	0.103100)
(17.500000	1.420000	0.104420)
(17.750000	1.425600	0.106830)
(18.000000	1.442000	0.107510)
(18.250000	1.442900	0.110710)
(18.500000	1.463600	0.110840)
(18.750000	1.456800	0.115280)
(19.000000	1.454400	0.119100)
(19.250000	1.464800	0.120850)
(19.500000	1.466600	0.124030)
(19.750000	1.453100	0.129720)
(20.000000	1.438900	0.135700)
(20.250000	1.423200	0.142170)
(20.500000	1.404700	0.149440)
(20.750000	1.383400	0.157630)
(21.000000	1.360300	0.166720)
(21.250000	1.337000	0.176360)
(26.160714	1.198991	0.258083)
(31.071429	1.107208	0.351413)
(35.982143	1.035590	0.453607)
(40.892857	0.970347	0.561665)
(45.803571	0.903684	0.672411)
(50.714286	0.831170	0.782593)
(55.625000	0.750501	0.888971)
(60.535714	0.660847	0.988419)
(65.446429	0.562480	1.078013)
(70.357143	0.456522	1.155115)
(75.267857	0.344773	1.217456)
(80.178571	0.229564	1.263197)
(85.089286	0.113631	1.290987)
(90.000000	0.000000	1.300000)
(94.910714	-0.079542	1.290987)
(99.821429	-0.160695	1.263197)
(104.732143	-0.241341	1.217456)
(109.642857	-0.319565	1.155115)
(114.553571	-0.393736	1.078013)
(119.464286	-0.462593	0.988419)
(124.375000	-0.525351	0.888971)
(129.285714	-0.581819	0.782593)
(134.196429	-0.632579	0.672411)
(139.107143	-0.679243	0.561665)
(144.017857	-0.724913	0.453607)
(148.928571	-0.775046	0.351413)
(153.839286	-0.839294	0.258083)
(158.750000	-0.935900	0.176360)
(160.267857	-0.869050	0.153832)
(161.785714	-0.802200	0.132709)
(163.303571	-0.735350	0.113050)
(164.821429	-0.668500	0.094909)
(166.339286	-0.601650	0.078339)
(167.857143	-0.534800	0.063385)
(169.375000	-0.467950	0.050090)
(170.892857	-0.401100	0.038491)
(172.410714	-0.334250	0.028621)
(173.928571	-0.267400	0.020507)
(175.446429	-0.200550	0.014173)
(176.964286	-0.133700	0.009636)
(178.482143	-0.066850	0.006908)
(180.000000	0.000000	0.005998)
