// Re = 0.15
(-180.000000	0.000000	0.005351)
(-178.410714	0.067340	0.006349)
(-176.821429	0.134680	0.009340)
(-175.232143	0.202020	0.014314)
(-173.642857	0.269360	0.021257)
(-172.053571	0.336700	0.030146)
(-170.464286	0.404040	0.040955)
(-168.875000	0.471380	0.053649)
(-167.285714	0.538720	0.068191)
(-165.696429	0.606060	0.084535)
(-164.107143	0.673400	0.102631)
(-162.517857	0.740740	0.122423)
(-160.928571	0.808080	0.143850)
(-159.339286	0.875420	0.166846)
(-157.750000	0.942760	0.191340)
(-152.910714	0.848913	0.274345)
(-148.071429	0.784029	0.368145)
(-143.232143	0.731970	0.470065)
(-138.392857	0.683987	0.577200)
(-133.553571	0.635065	0.686492)
(-128.714286	0.582335	0.794824)
(-123.875000	0.524306	0.899104)
(-119.035714	0.460459	0.996357)
(-114.196429	0.390996	1.083806)
(-109.357143	0.316684	1.158952)
(-104.517857	0.238737	1.219648)
(-99.678571	0.158719	1.264156)
(-94.839286	0.078464	1.291200)
(-90.000000	0.000000	1.300000)
(-85.160714	-0.078464	1.291200)
(-80.321429	-0.158719	1.264156)
(-75.482143	-0.238737	1.219648)
(-70.642857	-0.316684	1.158952)
(-65.803571	-0.390996	1.083806)
(-60.964286	-0.460459	0.996357)
(-56.125000	-0.524306	0.899104)
(-51.285714	-0.582335	0.794824)
(-46.446429	-0.635065	0.686492)
(-41.607143	-0.683987	0.577200)
(-36.767857	-0.731970	0.470065)
(-31.928571	-0.784029	0.368145)
(-27.089286	-0.848913	0.274345)
(-22.250000	-0.942760	0.191340)
(-21.017857	-0.875599	0.178928)
(-19.785714	-0.808437	0.166516)
(-18.553571	-0.741276	0.154104)
(-17.321429	-0.674114	0.141691)
(-16.089286	-0.606953	0.129279)
(-14.857143	-0.539791	0.116867)
(-13.625000	-0.472630	0.104455)
(-12.392857	-0.405469	0.092043)
(-11.160714	-0.338307	0.079631)
(-9.928571	-0.271146	0.067219)
(-8.696429	-0.203984	0.054806)
(-7.464286	-0.136823	0.042394)
(-5.000000	-0.002500	0.017570)
(-4.750000	0.028500	0.016860)
(-4.500000	0.059600	0.016920)
(-4.250000	0.086400	0.017180)
(-4.000000	0.113700	0.017460)
(-3.750000	0.145000	0.017650)
(-3.500000	0.169400	0.018000)
(-3.250000	0.194700	0.018300)
(-3.000000	0.221200	0.018520)
(-2.750000	0.250000	0.018630)
(-2.500000	0.273100	0.018950)
(-2.250000	0.298300	0.019210)
(-2.000000	0.325600	0.019370)
(-1.750000	0.349100	0.019570)
(-1.500000	0.374300	0.019710)
(-1.250000	0.404400	0.019670)
(-1.000000	0.428700	0.019800)
(-0.750000	0.455000	0.019860)
(-0.500000	0.486200	0.019770)
(-0.250000	0.511300	0.019890)
(0.000000	0.538800	0.019940)
(0.250000	0.567700	0.019910)
(0.500000	0.591600	0.020080)
(0.750000	0.619100	0.020140)
(1.000000	0.648300	0.020140)
(1.250000	0.673500	0.020310)
(1.500000	0.703600	0.020300)
(1.750000	0.728400	0.020440)
(2.000000	0.752600	0.020630)
(2.250000	0.783600	0.020560)
(2.500000	0.806400	0.020820)
(2.750000	0.831800	0.020990)
(3.000000	0.861600	0.020980)
(3.250000	0.884200	0.021250)
(3.500000	0.910600	0.021370)
(3.750000	0.938000	0.021430)
(4.000000	0.960100	0.021710)
(4.250000	0.987700	0.021750)
(4.500000	1.012000	0.021900)
(4.750000	1.033400	0.022170)
(5.000000	1.061600	0.022160)
(5.250000	1.084800	0.022330)
(5.500000	1.103900	0.022580)
(5.750000	1.128500	0.022640)
(6.000000	1.152600	0.022630)
(6.250000	1.170600	0.022860)
(6.500000	1.189200	0.022960)
(6.750000	1.211500	0.022770)
(7.000000	1.233800	0.022340)
(7.250000	1.258000	0.022060)
(7.500000	1.291900	0.022160)
(7.750000	1.326700	0.022280)
(8.000000	1.359100	0.022440)
(8.250000	1.388800	0.022580)
(8.500000	1.419700	0.022400)
(8.750000	1.443800	0.022300)
(9.000000	1.469800	0.022190)
(9.250000	1.488000	0.022470)
(9.500000	1.509400	0.022620)
(9.750000	1.521700	0.023000)
(10.000000	1.533400	0.023390)
(10.250000	1.543300	0.023880)
(10.500000	1.548900	0.024560)
(10.750000	1.551500	0.025460)
(11.000000	1.552500	0.026560)
(11.250000	1.550300	0.028020)
(11.500000	1.545200	0.029840)
(11.750000	1.537700	0.032040)
(12.000000	1.527900	0.034620)
(12.250000	1.516100	0.037550)
(12.500000	1.503700	0.040740)
(12.750000	1.490800	0.044170)
(13.000000	1.478300	0.047760)
(13.250000	1.466600	0.051450)
(13.500000	1.455300	0.055260)
(13.750000	1.445300	0.059060)
(14.000000	1.436500	0.062840)
(14.250000	1.428600	0.066600)
(14.500000	1.422200	0.070290)
(14.750000	1.416700	0.073930)
(15.000000	1.411400	0.077610)
(15.250000	1.406100	0.081310)
(15.500000	1.401400	0.085000)
(15.750000	1.396100	0.088780)
(16.000000	1.391500	0.092460)
(16.250000	1.388300	0.095970)
(16.500000	1.387300	0.099140)
(16.750000	1.389000	0.101900)
(17.000000	1.392900	0.104290)
(17.250000	1.399600	0.106210)
(17.500000	1.406400	0.108210)
(17.750000	1.413600	0.110190)
(18.000000	1.427300	0.110930)
(18.250000	1.430300	0.113760)
(18.500000	1.443500	0.114680)
(18.750000	1.447100	0.117410)
(19.000000	1.452800	0.119740)
(19.250000	1.468900	0.120240)
(19.500000	1.463600	0.124560)
(19.750000	1.460900	0.128460)
(20.000000	1.461900	0.131660)
(20.250000	1.480400	0.131700)
(20.500000	1.468100	0.137380)
(20.750000	1.455700	0.143240)
(21.000000	1.442100	0.149510)
(21.250000	1.426600	0.156370)
(21.500000	1.408600	0.164050)
(21.750000	1.388800	0.172460)
(22.000000	1.368000	0.181530)
(22.250000	1.346800	0.191340)
(27.089286	1.212732	0.274345)
(31.928571	1.120041	0.368145)
(36.767857	1.045671	0.470065)
(41.607143	0.977125	0.577200)
(46.446429	0.907236	0.686492)
(51.285714	0.831907	0.794824)
(56.125000	0.749009	0.899104)
(60.964286	0.657799	0.996357)
(65.803571	0.558566	1.083806)
(70.642857	0.452406	1.158952)
(75.482143	0.341053	1.219648)
(80.321429	0.226741	1.264156)
(85.160714	0.112092	1.291200)
(90.000000	0.000000	1.300000)
(94.839286	-0.078464	1.291200)
(99.678571	-0.158719	1.264156)
(104.517857	-0.238737	1.219648)
(109.357143	-0.316684	1.158952)
(114.196429	-0.390996	1.083806)
(119.035714	-0.460459	0.996357)
(123.875000	-0.524306	0.899104)
(128.714286	-0.582335	0.794824)
(133.553571	-0.635065	0.686492)
(138.392857	-0.683987	0.577200)
(143.232143	-0.731970	0.470065)
(148.071429	-0.784029	0.368145)
(152.910714	-0.848913	0.274345)
(157.750000	-0.942760	0.191340)
(159.339286	-0.875420	0.166846)
(160.928571	-0.808080	0.143850)
(162.517857	-0.740740	0.122423)
(164.107143	-0.673400	0.102631)
(165.696429	-0.606060	0.084535)
(167.285714	-0.538720	0.068191)
(168.875000	-0.471380	0.053649)
(170.464286	-0.404040	0.040955)
(172.053571	-0.336700	0.030146)
(173.642857	-0.269360	0.021257)
(175.232143	-0.202020	0.014314)
(176.821429	-0.134680	0.009340)
(178.410714	-0.067340	0.006349)
(180.000000	0.000000	0.005351)
