// Re = 0.08
(-180.000000	0.000000	0.001000)
(-177.857143	0.035965	0.001000)
(-175.714286	0.071930	0.001000)
(-173.571429	0.107895	0.001000)
(-171.428571	0.143860	0.010712)
(-169.285714	0.179825	0.026881)
(-167.142857	0.215790	0.046460)
(-165.000000	0.251755	0.069338)
(-162.857143	0.287720	0.095390)
(-160.714286	0.323685	0.124469)
(-158.571429	0.359650	0.156415)
(-156.428571	0.395615	0.191049)
(-154.285714	0.431580	0.228180)
(-152.142857	0.467545	0.267600)
(-150.000000	0.503510	0.309090)
(-145.714286	0.511989	0.397349)
(-141.428571	0.515140	0.490998)
(-137.142857	0.511384	0.587958)
(-132.857143	0.499785	0.686079)
(-128.571429	0.479879	0.783184)
(-124.285714	0.451576	0.877123)
(-120.000000	0.415109	0.965814)
(-115.714286	0.370982	1.047297)
(-111.428571	0.319943	1.119772)
(-107.142857	0.262946	1.181640)
(-102.857143	0.201124	1.231542)
(-98.571429	0.135753	1.268384)
(-94.285714	0.068223	1.291367)
(-90.000000	0.000000	1.300000)
(-85.714286	-0.068223	1.291367)
(-81.428571	-0.135753	1.268384)
(-77.142857	-0.201124	1.231542)
(-72.857143	-0.262946	1.181640)
(-68.571429	-0.319943	1.119772)
(-64.285714	-0.370982	1.047297)
(-60.000000	-0.415109	0.965814)
(-55.714286	-0.451576	0.877123)
(-51.428571	-0.479879	0.783184)
(-47.142857	-0.499785	0.686079)
(-42.857143	-0.511384	0.587958)
(-38.571429	-0.515140	0.490998)
(-34.285714	-0.511989	0.397349)
(-30.000000	-0.503510	0.309090)
(-28.214286	-0.495545	0.290363)
(-26.428571	-0.487580	0.271636)
(-24.642857	-0.479615	0.252909)
(-22.857143	-0.471650	0.234181)
(-21.071429	-0.463685	0.215454)
(-19.285714	-0.455720	0.196727)
(-17.500000	-0.447755	0.178000)
(-15.714286	-0.439790	0.159273)
(-13.928571	-0.431825	0.140546)
(-12.142857	-0.423860	0.121819)
(-10.357143	-0.415895	0.103091)
(-8.571429	-0.407930	0.084364)
(-5.000000	-0.392000	0.046910)
(-4.750000	-0.364700	0.048670)
(-4.500000	-0.363500	0.049870)
(-4.250000	-0.339900	0.051280)
(-4.000000	-0.336000	0.052340)
(-3.750000	-0.320200	0.053450)
(-3.500000	-0.305500	0.054530)
(-3.000000	-0.280000	0.057200)
(-2.750000	-0.283100	0.058030)
(-2.500000	-0.275900	0.058750)
(-2.000000	-0.247700	0.059800)
(-1.750000	-0.248200	0.060880)
(-1.500000	-0.240400	0.061460)
(-1.250000	-0.229300	0.061980)
(-1.000000	-0.222800	0.063060)
(0.000000	-0.231200	0.067220)
(0.250000	-0.201200	0.068500)
(0.500000	-0.191800	0.068460)
(0.750000	-0.159900	0.069840)
(1.000000	-0.154500	0.069820)
(1.500000	-0.113400	0.071290)
(1.750000	-0.076800	0.072740)
(2.000000	-0.070500	0.072950)
(2.250000	-0.043400	0.074170)
(2.500000	-0.027000	0.074800)
(2.750000	-0.008100	0.075820)
(3.000000	0.016600	0.076880)
(3.250000	0.031200	0.077800)
(3.500000	0.060200	0.079180)
(3.750000	0.072100	0.080050)
(4.000000	0.103800	0.081730)
(4.250000	0.113800	0.082510)
(4.500000	0.131300	0.083870)
(4.750000	0.153400	0.085100)
(5.000000	0.163000	0.086210)
(5.250000	0.194000	0.087950)
(5.500000	0.203200	0.089060)
(5.750000	0.220400	0.090570)
(6.000000	0.239900	0.091890)
(6.250000	0.250600	0.093290)
(6.750000	0.285600	0.096230)
(7.000000	0.295400	0.097700)
(7.250000	0.326000	0.099690)
(7.500000	0.330900	0.100870)
(7.750000	0.340000	0.102420)
(8.000000	0.370800	0.104480)
(8.250000	0.374700	0.105680)
(8.500000	0.382100	0.107240)
(8.750000	0.394700	0.108900)
(9.000000	0.416200	0.110490)
(9.250000	0.419700	0.111790)
(9.500000	0.425700	0.113220)
(9.750000	0.439000	0.114660)
(10.000000	0.461900	0.115830)
(10.250000	0.478700	0.118200)
(10.500000	0.496200	0.120690)
(10.750000	0.514200	0.123270)
(11.000000	0.532600	0.125880)
(11.250000	0.551200	0.128500)
(11.500000	0.569800	0.131120)
(11.750000	0.588200	0.133720)
(12.000000	0.606300	0.136260)
(12.500000	0.643100	0.141190)
(12.750000	0.665200	0.143490)
(13.000000	0.685600	0.145810)
(13.250000	0.692600	0.148230)
(13.500000	0.761600	0.141070)
(13.750000	0.788100	0.141750)
(14.000000	0.808200	0.142890)
(14.250000	0.813900	0.145420)
(14.500000	0.829300	0.147010)
(14.750000	0.848700	0.148160)
(15.000000	0.869700	0.149100)
(15.250000	0.889900	0.149970)
(15.500000	0.887500	0.153570)
(15.750000	0.895400	0.156010)
(16.000000	0.905700	0.158150)
(16.250000	0.916400	0.160230)
(16.500000	0.926800	0.162400)
(16.750000	0.936200	0.164730)
(17.000000	0.591100	0.178310)
(17.250000	0.601700	0.180500)
(17.500000	0.599800	0.182130)
(17.750000	0.599700	0.183990)
(18.000000	0.601200	0.185990)
(18.250000	0.604600	0.188080)
(18.500000	0.611200	0.190310)
(18.750000	0.621300	0.192670)
(19.000000	0.622900	0.194530)
(19.250000	0.623000	0.196490)
(19.500000	0.624100	0.198590)
(19.750000	0.626200	0.200760)
(20.000000	0.628900	0.202980)
(20.250000	0.632300	0.205260)
(20.500000	0.636000	0.207520)
(20.750000	0.640100	0.209880)
(21.000000	0.643900	0.212230)
(21.250000	0.647100	0.214590)
(21.500000	0.649700	0.216950)
(21.750000	0.651700	0.219380)
(22.000000	0.653400	0.221820)
(22.250000	0.655200	0.224280)
(22.500000	0.657300	0.226800)
(22.750000	0.659700	0.229380)
(23.000000	0.662000	0.231990)
(23.250000	0.664300	0.234640)
(23.500000	0.666300	0.237330)
(23.750000	0.668500	0.240050)
(24.000000	0.671300	0.242770)
(24.250000	0.675700	0.245430)
(24.500000	0.679400	0.248070)
(24.750000	0.678200	0.250880)
(25.000000	0.679000	0.253770)
(25.250000	0.682200	0.256490)
(25.500000	0.686900	0.259110)
(25.750000	0.685800	0.262040)
(26.000000	0.687700	0.264830)
(26.250000	0.693300	0.267370)
(26.500000	0.692000	0.270340)
(26.750000	0.694100	0.273130)
(27.000000	0.698200	0.275690)
(27.250000	0.697800	0.278730)
(27.500000	0.701400	0.281350)
(27.750000	0.702600	0.284180)
(28.000000	0.703800	0.287070)
(28.250000	0.707700	0.289540)
(28.500000	0.707600	0.292650)
(28.750000	0.711600	0.295200)
(29.000000	0.711600	0.298140)
(29.250000	0.714000	0.300840)
(29.500000	0.715500	0.303620)
(29.750000	0.717100	0.306450)
(30.000000	0.719300	0.309090)
(34.285714	0.731412	0.397349)
(38.571429	0.735914	0.490998)
(42.857143	0.730549	0.587958)
(47.142857	0.713979	0.686079)
(51.428571	0.685541	0.783184)
(55.714286	0.645109	0.877123)
(60.000000	0.593013	0.965814)
(64.285714	0.529974	1.047297)
(68.571429	0.457061	1.119772)
(72.857143	0.375637	1.181640)
(77.142857	0.287319	1.231542)
(81.428571	0.193933	1.268384)
(85.714286	0.097461	1.291367)
(90.000000	0.000000	1.300000)
(94.285714	-0.068223	1.291367)
(98.571429	-0.135753	1.268384)
(102.857143	-0.201124	1.231542)
(107.142857	-0.262946	1.181640)
(111.428571	-0.319943	1.119772)
(115.714286	-0.370982	1.047297)
(120.000000	-0.415109	0.965814)
(124.285714	-0.451576	0.877123)
(128.571429	-0.479879	0.783184)
(132.857143	-0.499785	0.686079)
(137.142857	-0.511384	0.587958)
(141.428571	-0.515140	0.490998)
(145.714286	-0.511989	0.397349)
(150.000000	-0.503510	0.309090)
(152.142857	-0.467545	0.267600)
(154.285714	-0.431580	0.228180)
(156.428571	-0.395615	0.191049)
(158.571429	-0.359650	0.156415)
(160.714286	-0.323685	0.124469)
(162.857143	-0.287720	0.095390)
(165.000000	-0.251755	0.069338)
(167.142857	-0.215790	0.046460)
(169.285714	-0.179825	0.026881)
(171.428571	-0.143860	0.010712)
(173.571429	-0.107895	0.001000)
(175.714286	-0.071930	0.001000)
(177.857143	-0.035965	0.001000)
(180.000000	0.000000	0.001000)
