// Re = 0.08
(-180.000000	0.000000	0.040583)
(-178.857143	0.062570	0.041092)
(-177.714286	0.125140	0.042619)
(-176.571429	0.187710	0.045160)
(-175.428571	0.250280	0.048712)
(-174.285714	0.312850	0.053270)
(-173.142857	0.375420	0.058825)
(-172.000000	0.437990	0.065368)
(-170.857143	0.500560	0.072890)
(-169.714286	0.563130	0.081379)
(-168.571429	0.625700	0.090819)
(-167.428571	0.688270	0.101197)
(-166.285714	0.750840	0.112496)
(-165.142857	0.813410	0.124696)
(-164.000000	0.875980	0.137780)
(-158.714286	0.760747	0.209132)
(-153.428571	0.702723	0.296413)
(-148.142857	0.666806	0.396619)
(-142.857143	0.637292	0.506304)
(-137.571429	0.606100	0.621690)
(-132.285714	0.568846	0.738799)
(-127.000000	0.523259	0.853588)
(-121.714286	0.468462	0.962088)
(-116.428571	0.404590	1.060536)
(-111.142857	0.332554	1.145507)
(-105.857143	0.253885	1.214031)
(-100.571429	0.170600	1.263690)
(-95.285714	0.085089	1.292706)
(-90.000000	0.000000	1.300000)
(-84.714286	-0.085089	1.292706)
(-79.428571	-0.170600	1.263690)
(-74.142857	-0.253885	1.214031)
(-68.857143	-0.332554	1.145507)
(-63.571429	-0.404590	1.060536)
(-58.285714	-0.468462	0.962088)
(-53.000000	-0.523259	0.853588)
(-47.714286	-0.568846	0.738799)
(-42.428571	-0.606100	0.621690)
(-37.142857	-0.637292	0.506304)
(-31.857143	-0.666806	0.396619)
(-26.571429	-0.702723	0.296413)
(-21.285714	-0.760747	0.209132)
(-16.000000	-0.875980	0.137780)
(-15.035714	-0.805746	0.130003)
(-14.071429	-0.735511	0.122226)
(-13.107143	-0.665277	0.114449)
(-12.142857	-0.595043	0.106671)
(-11.178571	-0.524809	0.098894)
(-10.214286	-0.454574	0.091117)
(-9.250000	-0.384340	0.083340)
(-8.285714	-0.314106	0.075563)
(-7.321429	-0.243871	0.067786)
(-6.357143	-0.173637	0.060009)
(-5.392857	-0.103403	0.052231)
(-4.428571	-0.033169	0.044454)
(-2.500000	0.107300	0.028900)
(-2.250000	0.154800	0.027110)
(-2.000000	0.172000	0.027980)
(-1.750000	0.188300	0.028680)
(-1.500000	0.200500	0.029310)
(-1.250000	0.204100	0.029840)
(-1.000000	0.206000	0.030170)
(-0.750000	0.211100	0.030300)
(-0.500000	0.221900	0.030320)
(-0.250000	0.238400	0.030290)
(0.000000	0.258000	0.030260)
(0.250000	0.281000	0.030210)
(0.500000	0.310400	0.030410)
(0.750000	0.356600	0.030810)
(1.000000	0.400600	0.031270)
(1.250000	0.441000	0.031830)
(1.500000	0.480500	0.032410)
(1.750000	0.518700	0.033020)
(2.000000	0.555700	0.033640)
(2.250000	0.591200	0.034290)
(2.500000	0.625500	0.034960)
(2.750000	0.658400	0.035650)
(3.000000	0.690200	0.036350)
(3.250000	0.721000	0.037050)
(3.750000	0.775300	0.038750)
(4.000000	0.794600	0.040010)
(4.250000	0.820500	0.040860)
(4.500000	0.847500	0.041580)
(4.750000	0.876500	0.042090)
(5.000000	0.908100	0.042300)
(5.250000	0.941300	0.042290)
(5.500000	0.954700	0.043700)
(5.750000	0.985200	0.043800)
(6.250000	1.051500	0.043310)
(6.500000	1.076600	0.043590)
(6.750000	1.115200	0.042250)
(7.000000	1.185700	0.037850)
(7.250000	1.244900	0.034670)
(7.500000	1.294100	0.031290)
(7.750000	1.337000	0.028150)
(8.000000	1.361300	0.027260)
(8.250000	1.381300	0.026690)
(8.500000	1.392600	0.026600)
(8.750000	1.397700	0.026790)
(9.000000	1.392700	0.027540)
(9.250000	1.378100	0.029220)
(9.500000	1.354600	0.032210)
(9.750000	1.331500	0.035920)
(10.000000	1.315300	0.039500)
(10.250000	1.308800	0.042460)
(10.500000	1.312500	0.044690)
(10.750000	1.325900	0.046360)
(11.000000	1.349200	0.047680)
(11.250000	1.378100	0.049070)
(11.500000	1.412500	0.050710)
(11.750000	1.440100	0.052830)
(12.250000	1.493600	0.058020)
(12.500000	1.501900	0.061000)
(12.750000	1.515400	0.064360)
(13.000000	1.508900	0.067780)
(13.250000	1.532900	0.071330)
(13.500000	1.514800	0.075010)
(13.750000	1.495800	0.079000)
(14.000000	1.475800	0.083280)
(14.250000	1.454800	0.087880)
(14.500000	1.433100	0.092800)
(14.750000	1.411200	0.098030)
(15.000000	1.389600	0.103560)
(15.250000	1.369100	0.109350)
(15.750000	1.269300	0.129880)
(16.000000	1.251400	0.137780)
(21.285714	1.086782	0.209132)
(26.571429	1.003891	0.296413)
(31.857143	0.952580	0.396619)
(37.142857	0.910417	0.506304)
(42.428571	0.865858	0.621690)
(47.714286	0.812636	0.738799)
(53.000000	0.747512	0.853588)
(58.285714	0.669232	0.962088)
(63.571429	0.577985	1.060536)
(68.857143	0.475077	1.145507)
(74.142857	0.362692	1.214031)
(79.428571	0.243715	1.263690)
(84.714286	0.121556	1.292706)
(90.000000	0.000000	1.300000)
(95.285714	-0.085089	1.292706)
(100.571429	-0.170600	1.263690)
(105.857143	-0.253885	1.214031)
(111.142857	-0.332554	1.145507)
(116.428571	-0.404590	1.060536)
(121.714286	-0.468462	0.962088)
(127.000000	-0.523259	0.853588)
(132.285714	-0.568846	0.738799)
(137.571429	-0.606100	0.621690)
(142.857143	-0.637292	0.506304)
(148.142857	-0.666806	0.396619)
(153.428571	-0.702723	0.296413)
(158.714286	-0.760747	0.209132)
(164.000000	-0.875980	0.137780)
(165.142857	-0.813410	0.124696)
(166.285714	-0.750840	0.112496)
(167.428571	-0.688270	0.101197)
(168.571429	-0.625700	0.090819)
(169.714286	-0.563130	0.081379)
(170.857143	-0.500560	0.072890)
(172.000000	-0.437990	0.065368)
(173.142857	-0.375420	0.058825)
(174.285714	-0.312850	0.053270)
(175.428571	-0.250280	0.048712)
(176.571429	-0.187710	0.045160)
(177.714286	-0.125140	0.042619)
(178.857143	-0.062570	0.041092)
(180.000000	0.000000	0.040583)
