// Re = 0.11
(-180.000000	0.000000	0.001000)
(-178.107143	0.075590	0.001000)
(-176.214286	0.151180	0.001000)
(-174.321429	0.226770	0.001000)
(-172.428571	0.302360	0.001000)
(-170.535714	0.377950	0.001000)
(-168.642857	0.453540	0.001000)
(-166.750000	0.529130	0.009516)
(-164.857143	0.604720	0.030423)
(-162.964286	0.680310	0.053844)
(-161.071429	0.755900	0.079678)
(-159.178571	0.831490	0.107813)
(-157.285714	0.907080	0.138130)
(-155.392857	0.982670	0.170499)
(-153.500000	1.058260	0.204780)
(-148.964286	0.953286	0.293819)
(-144.428571	0.870872	0.390797)
(-139.892857	0.799911	0.493339)
(-135.357143	0.733862	0.598933)
(-130.821429	0.668776	0.704999)
(-126.285714	0.602320	0.808949)
(-121.750000	0.533256	0.908253)
(-117.214286	0.461136	1.000501)
(-112.678571	0.386105	1.083464)
(-108.142857	0.308775	1.155146)
(-103.607143	0.230126	1.213840)
(-99.071429	0.151427	1.258163)
(-94.535714	0.074166	1.287095)
(-90.000000	0.000000	1.300000)
(-85.464286	-0.074166	1.287095)
(-80.928571	-0.151427	1.258163)
(-76.392857	-0.230126	1.213840)
(-71.857143	-0.308775	1.155146)
(-67.321429	-0.386105	1.083464)
(-62.785714	-0.461136	1.000501)
(-58.250000	-0.533256	0.908253)
(-53.714286	-0.602320	0.808949)
(-49.178571	-0.668776	0.704999)
(-44.642857	-0.733862	0.598933)
(-40.107143	-0.799911	0.493339)
(-35.571429	-0.870872	0.390797)
(-31.035714	-0.953286	0.293819)
(-26.500000	-1.058260	0.204780)
(-24.964286	-0.989813	0.193091)
(-23.428571	-0.921366	0.181403)
(-21.892857	-0.852919	0.169714)
(-20.357143	-0.784471	0.158026)
(-18.821429	-0.716024	0.146337)
(-17.285714	-0.647577	0.134649)
(-15.750000	-0.579130	0.122960)
(-14.214286	-0.510683	0.111271)
(-12.678571	-0.442236	0.099583)
(-11.142857	-0.373789	0.087894)
(-9.607143	-0.305341	0.076206)
(-8.071429	-0.236894	0.064517)
(-5.000000	-0.100000	0.041140)
(-4.750000	-0.055000	0.041750)
(-4.000000	-0.031600	0.042990)
(-3.250000	0.000400	0.044300)
(-2.750000	-0.041400	0.046170)
(-1.750000	-0.053300	0.049370)
(-1.500000	-0.056500	0.050510)
(-1.250000	-0.025900	0.050540)
(-1.000000	-0.031700	0.052040)
(-0.750000	0.007200	0.051510)
(-0.500000	-0.004000	0.053530)
(0.000000	0.025900	0.055130)
(0.500000	0.056300	0.056930)
(1.000000	0.086600	0.058980)
(1.250000	0.132500	0.058510)
(1.500000	0.116700	0.061270)
(1.750000	0.161600	0.060970)
(2.000000	0.147400	0.063740)
(2.250000	0.189100	0.063750)
(2.500000	0.115100	0.072230)
(2.750000	0.140100	0.073380)
(3.000000	0.159300	0.073930)
(3.250000	0.183200	0.074910)
(3.750000	0.228300	0.076450)
(4.000000	0.254400	0.078060)
(4.250000	0.271000	0.078710)
(4.750000	0.324800	0.079840)
(5.000000	0.338900	0.082320)
(5.250000	0.362100	0.082870)
(7.250000	0.481600	0.096540)
(7.750000	0.507400	0.099670)
(8.250000	0.499300	0.108900)
(8.500000	0.518800	0.110130)
(8.750000	0.535100	0.111590)
(9.000000	0.548800	0.113290)
(9.250000	0.613300	0.106940)
(9.500000	0.630100	0.108410)
(10.000000	0.683600	0.109510)
(10.250000	0.691000	0.111450)
(10.500000	0.700500	0.113300)
(10.750000	0.711600	0.115070)
(11.000000	0.724000	0.116700)
(11.500000	0.752300	0.119520)
(11.750000	0.785400	0.118730)
(12.000000	0.795700	0.120240)
(12.250000	0.805600	0.121620)
(12.500000	0.815300	0.122910)
(12.750000	0.822400	0.124060)
(13.250000	0.837000	0.125510)
(14.000000	0.777500	0.142660)
(14.250000	0.781500	0.143700)
(14.500000	0.975600	0.130280)
(14.750000	0.972200	0.134790)
(15.000000	1.003900	0.134510)
(15.250000	1.017800	0.136500)
(15.500000	1.047600	0.136070)
(16.000000	1.079400	0.138870)
(16.500000	1.138200	0.136880)
(16.750000	1.152500	0.138150)
(17.750000	1.393800	0.112810)
(18.000000	1.436200	0.109760)
(18.250000	1.488000	0.105460)
(18.500000	1.488600	0.108450)
(18.750000	1.508100	0.108760)
(19.000000	1.540800	0.107160)
(19.250000	1.530300	0.111670)
(19.500000	1.543000	0.112850)
(19.750000	1.544000	0.115720)
(20.000000	1.540400	0.119310)
(20.250000	1.548100	0.121210)
(20.500000	1.547400	0.124360)
(20.750000	1.543300	0.128070)
(21.000000	1.543700	0.131130)
(21.250000	1.546600	0.133770)
(21.500000	1.552500	0.135900)
(21.750000	1.553900	0.138730)
(22.000000	1.549700	0.142530)
(22.250000	1.547000	0.146060)
(22.500000	1.546400	0.149220)
(22.750000	1.550300	0.151610)
(23.000000	1.547300	0.155200)
(23.250000	1.540600	0.159390)
(23.500000	1.539400	0.162710)
(23.750000	1.540900	0.165450)
(24.000000	1.533100	0.169930)
(24.250000	1.531700	0.173270)
(24.500000	1.538700	0.174980)
(24.750000	1.537300	0.178270)
(25.000000	1.537400	0.181350)
(25.250000	1.540800	0.183750)
(25.500000	1.546400	0.185720)
(25.750000	1.532000	0.191520)
(26.000000	1.532600	0.194490)
(26.250000	1.548400	0.194450)
(26.500000	1.511800	0.204780)
(31.035714	1.361837	0.293819)
(35.571429	1.244103	0.390797)
(40.107143	1.142731	0.493339)
(44.642857	1.048375	0.598933)
(49.178571	0.955394	0.704999)
(53.714286	0.860457	0.808949)
(58.250000	0.761795	0.908253)
(62.785714	0.658765	1.000501)
(67.321429	0.551578	1.083464)
(71.857143	0.441107	1.155146)
(76.392857	0.328752	1.213840)
(80.928571	0.216324	1.258163)
(85.464286	0.105952	1.287095)
(90.000000	0.000000	1.300000)
(94.535714	-0.074166	1.287095)
(99.071429	-0.151427	1.258163)
(103.607143	-0.230126	1.213840)
(108.142857	-0.308775	1.155146)
(112.678571	-0.386105	1.083464)
(117.214286	-0.461136	1.000501)
(121.750000	-0.533256	0.908253)
(126.285714	-0.602320	0.808949)
(130.821429	-0.668776	0.704999)
(135.357143	-0.733862	0.598933)
(139.892857	-0.799911	0.493339)
(144.428571	-0.870872	0.390797)
(148.964286	-0.953286	0.293819)
(153.500000	-1.058260	0.204780)
(155.392857	-0.982670	0.170499)
(157.285714	-0.907080	0.138130)
(159.178571	-0.831490	0.107813)
(161.071429	-0.755900	0.079678)
(162.964286	-0.680310	0.053844)
(164.857143	-0.604720	0.030423)
(166.750000	-0.529130	0.009516)
(168.642857	-0.453540	0.001000)
(170.535714	-0.377950	0.001000)
(172.428571	-0.302360	0.001000)
(174.321429	-0.226770	0.001000)
(176.214286	-0.151180	0.001000)
(178.107143	-0.075590	0.001000)
(180.000000	0.000000	0.001000)
