// Re = 0.05
(-180.000000	0.000000	0.001000)
(-177.857143	0.058830	0.001000)
(-175.714286	0.117660	0.001000)
(-173.571429	0.176490	0.001598)
(-171.428571	0.235320	0.014251)
(-169.285714	0.294150	0.030398)
(-167.142857	0.352980	0.049949)
(-165.000000	0.411810	0.072796)
(-162.857143	0.470640	0.098810)
(-160.714286	0.529470	0.127848)
(-158.571429	0.588300	0.159747)
(-156.428571	0.647130	0.194330)
(-154.285714	0.705960	0.231405)
(-152.142857	0.764790	0.270764)
(-150.000000	0.823620	0.312190)
(-145.714286	0.770610	0.400307)
(-141.428571	0.724361	0.493797)
(-137.142857	0.679984	0.590582)
(-132.857143	0.634468	0.688514)
(-128.571429	0.585988	0.785416)
(-124.285714	0.533538	0.879139)
(-120.000000	0.476714	0.967604)
(-115.714286	0.415573	1.048850)
(-111.428571	0.350542	1.121080)
(-107.142857	0.282349	1.182695)
(-102.857143	0.211962	1.232338)
(-98.571429	0.140547	1.268918)
(-94.285714	0.069418	1.291635)
(-90.000000	0.000000	1.300000)
(-85.714286	-0.069418	1.291635)
(-81.428571	-0.140547	1.268918)
(-77.142857	-0.211962	1.232338)
(-72.857143	-0.282349	1.182695)
(-68.571429	-0.350542	1.121080)
(-64.285714	-0.415573	1.048850)
(-60.000000	-0.476714	0.967604)
(-55.714286	-0.533538	0.879139)
(-51.428571	-0.585988	0.785416)
(-47.142857	-0.634468	0.688514)
(-42.857143	-0.679984	0.590582)
(-38.571429	-0.724361	0.493797)
(-34.285714	-0.770610	0.400307)
(-30.000000	-0.823620	0.312190)
(-28.214286	-0.820854	0.293956)
(-26.428571	-0.818089	0.275721)
(-24.642857	-0.815323	0.257487)
(-22.857143	-0.812557	0.239253)
(-21.071429	-0.809791	0.221019)
(-19.285714	-0.807026	0.202784)
(-17.500000	-0.804260	0.184550)
(-15.714286	-0.801494	0.166316)
(-13.928571	-0.798729	0.148081)
(-12.142857	-0.795963	0.129847)
(-10.357143	-0.793197	0.111613)
(-8.571429	-0.790431	0.093379)
(-5.000000	-0.784900	0.056910)
(-4.750000	-0.771800	0.059250)
(-4.500000	-0.758000	0.062360)
(-4.250000	-0.745700	0.064230)
(-4.000000	-0.734500	0.065470)
(-3.750000	-0.721500	0.067760)
(-3.500000	-0.711500	0.068330)
(-3.250000	-0.687700	0.071010)
(-3.000000	-0.663600	0.072810)
(-2.750000	-0.643000	0.073780)
(-2.500000	-0.618300	0.075710)
(-2.250000	-0.599900	0.076320)
(-2.000000	-0.578600	0.077320)
(-1.750000	-0.563900	0.077310)
(-1.500000	-0.543400	0.077960)
(-1.250000	-0.526700	0.078010)
(-0.750000	-0.495300	0.077920)
(-0.500000	-0.478600	0.077970)
(-0.250000	-0.463500	0.077830)
(0.000000	-0.450000	0.077550)
(0.250000	-0.436800	0.077250)
(0.500000	-0.423200	0.077000)
(0.750000	-0.407000	0.076960)
(1.000000	-0.383800	0.077470)
(1.250000	-0.371500	0.077100)
(1.500000	-0.357400	0.077010)
(1.750000	-0.335200	0.077590)
(2.000000	-0.316400	0.077700)
(2.250000	-0.302400	0.077700)
(2.500000	-0.278200	0.078630)
(2.750000	-0.260900	0.078780)
(3.000000	-0.244200	0.079080)
(3.500000	-0.204800	0.080360)
(3.750000	-0.186700	0.081040)
(4.000000	-0.161100	0.082250)
(4.250000	-0.148000	0.082510)
(4.500000	-0.124500	0.083860)
(4.750000	-0.106600	0.084520)
(5.000000	-0.092900	0.085110)
(5.500000	-0.054000	0.087200)
(5.750000	-0.038700	0.088100)
(6.000000	-0.012600	0.089840)
(6.250000	-0.002600	0.090220)
(6.500000	0.015100	0.091450)
(6.750000	0.041400	0.093240)
(7.000000	0.055900	0.094060)
(7.250000	0.079000	0.095700)
(7.500000	0.115600	0.098390)
(7.750000	0.137400	0.099470)
(8.000000	0.151400	0.100600)
(8.250000	0.171500	0.102470)
(8.500000	0.203400	0.105480)
(8.750000	0.226200	0.107530)
(9.000000	0.244300	0.109380)
(9.250000	0.265700	0.111670)
(9.500000	0.292900	0.114580)
(9.750000	0.322600	0.117650)
(10.000000	0.339300	0.119560)
(10.500000	0.377200	0.124250)
(10.750000	0.399600	0.127020)
(11.000000	0.426900	0.130290)
(11.250000	0.446700	0.132750)
(11.500000	0.461700	0.134870)
(11.750000	0.477000	0.137120)
(12.000000	0.492700	0.139470)
(12.250000	0.508600	0.141900)
(12.500000	0.524700	0.144390)
(12.750000	0.541000	0.146930)
(13.000000	0.557400	0.149500)
(13.250000	0.573700	0.152130)
(13.500000	0.589600	0.154720)
(13.750000	0.604600	0.157300)
(14.000000	0.618900	0.159780)
(14.250000	0.632500	0.162260)
(14.500000	0.645600	0.164710)
(14.750000	0.658100	0.167140)
(15.000000	0.670300	0.169580)
(15.250000	0.682300	0.171980)
(15.500000	0.694100	0.174420)
(15.750000	0.705800	0.176860)
(16.000000	0.716400	0.179220)
(16.250000	0.726700	0.181570)
(16.500000	0.736600	0.183900)
(16.750000	0.746200	0.186220)
(17.000000	0.755700	0.188530)
(17.250000	0.765000	0.190860)
(17.500000	0.774200	0.193190)
(17.750000	0.783500	0.195540)
(18.000000	0.792700	0.197940)
(18.250000	0.802100	0.200350)
(18.500000	0.811600	0.202780)
(18.750000	0.821200	0.205230)
(19.000000	0.830900	0.207700)
(19.250000	0.840600	0.210170)
(19.500000	0.850500	0.212680)
(19.750000	0.860300	0.215200)
(20.000000	0.870000	0.217730)
(20.250000	0.879600	0.220270)
(20.500000	0.889100	0.222750)
(20.750000	0.898300	0.225240)
(21.000000	0.907300	0.227710)
(21.250000	0.915900	0.230150)
(21.500000	0.924200	0.232540)
(21.750000	0.932200	0.234910)
(22.000000	0.940100	0.237260)
(22.250000	0.948100	0.239580)
(22.500000	0.956500	0.242050)
(22.750000	0.965800	0.244610)
(23.000000	0.976500	0.247400)
(23.250000	0.986600	0.250280)
(23.500000	0.991400	0.252260)
(23.750000	0.997900	0.254480)
(24.000000	1.005700	0.256900)
(24.250000	1.013800	0.259440)
(24.500000	1.021700	0.261960)
(24.750000	1.029300	0.264420)
(25.000000	1.036600	0.266870)
(25.250000	1.044100	0.269340)
(25.500000	1.052700	0.271910)
(25.750000	1.062900	0.274830)
(26.000000	1.068700	0.276830)
(26.250000	1.073800	0.279010)
(26.500000	1.081100	0.281330)
(26.750000	1.091800	0.284290)
(27.000000	1.096200	0.285980)
(27.250000	1.102100	0.288210)
(27.500000	1.111900	0.291000)
(27.750000	1.117100	0.292770)
(28.000000	1.122900	0.294930)
(28.250000	1.133300	0.297850)
(28.500000	1.136900	0.299330)
(28.750000	1.143800	0.301550)
(29.000000	1.151800	0.303880)
(29.250000	1.156400	0.305790)
(29.500000	1.165600	0.308420)
(29.750000	1.169700	0.309930)
(30.000000	1.176600	0.312190)
(34.285714	1.100871	0.400307)
(38.571429	1.034801	0.493797)
(42.857143	0.971406	0.590582)
(47.142857	0.906383	0.688514)
(51.428571	0.837126	0.785416)
(55.714286	0.762198	0.879139)
(60.000000	0.681020	0.967604)
(64.285714	0.593676	1.048850)
(68.571429	0.500775	1.121080)
(72.857143	0.403355	1.182695)
(77.142857	0.302803	1.232338)
(81.428571	0.200782	1.268918)
(85.714286	0.099169	1.291635)
(90.000000	0.000000	1.300000)
(94.285714	-0.069418	1.291635)
(98.571429	-0.140547	1.268918)
(102.857143	-0.211962	1.232338)
(107.142857	-0.282349	1.182695)
(111.428571	-0.350542	1.121080)
(115.714286	-0.415573	1.048850)
(120.000000	-0.476714	0.967604)
(124.285714	-0.533538	0.879139)
(128.571429	-0.585988	0.785416)
(132.857143	-0.634468	0.688514)
(137.142857	-0.679984	0.590582)
(141.428571	-0.724361	0.493797)
(145.714286	-0.770610	0.400307)
(150.000000	-0.823620	0.312190)
(152.142857	-0.764790	0.270764)
(154.285714	-0.705960	0.231405)
(156.428571	-0.647130	0.194330)
(158.571429	-0.588300	0.159747)
(160.714286	-0.529470	0.127848)
(162.857143	-0.470640	0.098810)
(165.000000	-0.411810	0.072796)
(167.142857	-0.352980	0.049949)
(169.285714	-0.294150	0.030398)
(171.428571	-0.235320	0.014251)
(173.571429	-0.176490	0.001598)
(175.714286	-0.117660	0.001000)
(177.857143	-0.058830	0.001000)
(180.000000	0.000000	0.001000)
