// Re = 0.16
(-180.000000	0.000000	0.001000)
(-178.089286	0.074220	0.001000)
(-176.178571	0.148440	0.001000)
(-174.267857	0.222660	0.001000)
(-172.357143	0.296880	0.001000)
(-170.446429	0.371100	0.001000)
(-168.535714	0.445320	0.001000)
(-166.625000	0.519540	0.011642)
(-164.714286	0.593760	0.032922)
(-162.803571	0.667980	0.056755)
(-160.892857	0.742200	0.083036)
(-158.982143	0.816420	0.111651)
(-157.071429	0.890640	0.142475)
(-155.160714	0.964860	0.175372)
(-153.250000	1.039080	0.210200)
(-148.732143	0.938689	0.299334)
(-144.214286	0.859369	0.396224)
(-139.696429	0.790627	0.498514)
(-135.178571	0.726255	0.603718)
(-130.660714	0.662497	0.709286)
(-126.142857	0.597143	0.812661)
(-121.625000	0.529027	0.911345)
(-117.107143	0.457746	1.002963)
(-112.589286	0.383472	1.085315)
(-108.071429	0.306828	1.156438)
(-103.553571	0.228795	1.214649)
(-99.035714	0.150634	1.258586)
(-94.517857	0.073823	1.287244)
(-90.000000	0.000000	1.300000)
(-85.482143	-0.073823	1.287244)
(-80.964286	-0.150634	1.258586)
(-76.446429	-0.228795	1.214649)
(-71.928571	-0.306828	1.156438)
(-67.410714	-0.383472	1.085315)
(-62.892857	-0.457746	1.002963)
(-58.375000	-0.529027	0.911345)
(-53.857143	-0.597143	0.812661)
(-49.339286	-0.662497	0.709286)
(-44.821429	-0.726255	0.603718)
(-40.303571	-0.790627	0.498514)
(-35.785714	-0.859369	0.396224)
(-31.267857	-0.938689	0.299334)
(-26.750000	-1.039080	0.210200)
(-25.196429	-0.966846	0.196589)
(-23.642857	-0.894611	0.182977)
(-22.089286	-0.822377	0.169366)
(-20.535714	-0.750143	0.155754)
(-18.982143	-0.677909	0.142143)
(-17.428571	-0.605674	0.128531)
(-15.875000	-0.533440	0.114920)
(-14.321429	-0.461206	0.101309)
(-12.767857	-0.388971	0.087697)
(-11.214286	-0.316737	0.074086)
(-9.660714	-0.244503	0.060474)
(-8.107143	-0.172269	0.046863)
(-5.000000	-0.027800	0.019640)
(-4.750000	-0.002800	0.020010)
(-4.500000	0.027200	0.020230)
(-4.250000	0.050600	0.020640)
(-4.000000	0.080100	0.020810)
(-3.750000	0.104500	0.021050)
(-3.500000	0.134000	0.021200)
(-3.250000	0.158200	0.021570)
(-3.000000	0.184000	0.022020)
(-2.750000	0.209400	0.022170)
(-2.500000	0.237500	0.022170)
(-2.250000	0.264200	0.022250)
(-2.000000	0.291300	0.022230)
(-1.750000	0.322100	0.022200)
(-1.500000	0.344200	0.022350)
(-1.250000	0.374800	0.022320)
(-1.000000	0.397900	0.022490)
(-0.750000	0.426200	0.022550)
(-0.500000	0.451400	0.022650)
(-0.250000	0.479300	0.022650)
(0.000000	0.507300	0.022690)
(0.250000	0.533900	0.022730)
(0.500000	0.564700	0.022680)
(0.750000	0.589400	0.022840)
(1.000000	0.617700	0.022850)
(1.250000	0.642700	0.023050)
(1.500000	0.671000	0.023090)
(1.750000	0.704200	0.023000)
(2.000000	0.724600	0.023380)
(2.250000	0.755000	0.023350)
(2.500000	0.778800	0.023700)
(2.750000	0.805900	0.023780)
(3.000000	0.836000	0.023920)
(3.250000	0.856700	0.024250)
(3.500000	0.892700	0.024130)
(3.750000	0.907400	0.024750)
(4.000000	0.941400	0.024710)
(4.250000	0.959200	0.025220)
(4.500000	0.989900	0.025330)
(4.750000	1.021300	0.025260)
(5.500000	1.083200	0.026640)
(5.750000	1.118500	0.026510)
(6.250000	1.163100	0.027190)
(6.500000	1.179400	0.027860)
(6.750000	1.207900	0.027850)
(7.000000	1.224900	0.028420)
(7.250000	1.254200	0.028440)
(7.500000	1.271500	0.028990)
(8.000000	1.313500	0.029480)
(8.250000	1.351000	0.028940)
(8.500000	1.362100	0.029430)
(8.750000	1.396300	0.028920)
(9.000000	1.419700	0.028840)
(9.250000	1.428600	0.029290)
(9.500000	1.459900	0.028870)
(9.750000	1.478600	0.028880)
(10.000000	1.481900	0.029370)
(10.250000	1.497400	0.029390)
(10.500000	1.527600	0.028700)
(10.750000	1.518400	0.029310)
(11.000000	1.521400	0.029700)
(11.250000	1.543500	0.030160)
(11.500000	1.562500	0.030690)
(11.750000	1.578300	0.031330)
(12.000000	1.591700	0.032040)
(12.250000	1.604300	0.032780)
(12.500000	1.614400	0.033640)
(12.750000	1.605200	0.035820)
(13.000000	1.608500	0.037240)
(13.250000	1.605700	0.039200)
(13.500000	1.606100	0.040970)
(13.750000	1.598200	0.043560)
(14.000000	1.593400	0.046020)
(14.250000	1.588200	0.048650)
(14.500000	1.582200	0.051450)
(15.000000	1.565100	0.057960)
(15.250000	1.555400	0.061510)
(15.500000	1.546200	0.065080)
(15.750000	1.536800	0.068780)
(16.000000	1.528000	0.072520)
(16.250000	1.520600	0.076150)
(16.500000	1.514200	0.079720)
(16.750000	1.508300	0.083300)
(17.000000	1.503300	0.086810)
(17.250000	1.499100	0.090210)
(17.500000	1.494500	0.093780)
(17.750000	1.490900	0.097210)
(18.000000	1.487200	0.100740)
(18.250000	1.483700	0.104260)
(18.500000	1.480400	0.107760)
(18.750000	1.476600	0.111420)
(19.000000	1.473000	0.115050)
(19.250000	1.469100	0.118750)
(19.500000	1.464700	0.122610)
(19.750000	1.459900	0.126540)
(20.000000	1.454800	0.130500)
(20.250000	1.449700	0.134500)
(20.500000	1.444800	0.138490)
(20.750000	1.440300	0.142370)
(21.000000	1.437500	0.146000)
(21.250000	1.436800	0.149250)
(21.500000	1.437800	0.152160)
(21.750000	1.440700	0.154810)
(22.000000	1.444700	0.157220)
(22.250000	1.450100	0.159340)
(22.500000	1.456300	0.161320)
(22.750000	1.463300	0.163100)
(23.000000	1.471400	0.164640)
(23.250000	1.482600	0.165570)
(23.500000	1.485700	0.168100)
(23.750000	1.494100	0.169560)
(24.000000	1.501500	0.171200)
(24.250000	1.507000	0.173230)
(24.500000	1.512300	0.175280)
(24.750000	1.519100	0.176990)
(25.000000	1.516200	0.180730)
(25.250000	1.526700	0.181610)
(25.500000	1.523300	0.185520)
(25.750000	1.512800	0.190910)
(26.000000	1.502400	0.196380)
(26.250000	1.490000	0.202390)
(26.500000	1.459300	0.212980)
(26.750000	1.484400	0.210200)
(31.267857	1.340984	0.299334)
(35.785714	1.227671	0.396224)
(40.303571	1.129468	0.498514)
(44.821429	1.037507	0.603718)
(49.339286	0.946424	0.709286)
(53.857143	0.853061	0.812661)
(58.375000	0.755753	0.911345)
(62.892857	0.653923	1.002963)
(67.410714	0.547817	1.085315)
(71.928571	0.438326	1.156438)
(76.446429	0.326850	1.214649)
(80.964286	0.215191	1.258586)
(85.482143	0.105462	1.287244)
(90.000000	0.000000	1.300000)
(94.517857	-0.073823	1.287244)
(99.035714	-0.150634	1.258586)
(103.553571	-0.228795	1.214649)
(108.071429	-0.306828	1.156438)
(112.589286	-0.383472	1.085315)
(117.107143	-0.457746	1.002963)
(121.625000	-0.529027	0.911345)
(126.142857	-0.597143	0.812661)
(130.660714	-0.662497	0.709286)
(135.178571	-0.726255	0.603718)
(139.696429	-0.790627	0.498514)
(144.214286	-0.859369	0.396224)
(148.732143	-0.938689	0.299334)
(153.250000	-1.039080	0.210200)
(155.160714	-0.964860	0.175372)
(157.071429	-0.890640	0.142475)
(158.982143	-0.816420	0.111651)
(160.892857	-0.742200	0.083036)
(162.803571	-0.667980	0.056755)
(164.714286	-0.593760	0.032922)
(166.625000	-0.519540	0.011642)
(168.535714	-0.445320	0.001000)
(170.446429	-0.371100	0.001000)
(172.357143	-0.296880	0.001000)
(174.267857	-0.222660	0.001000)
(176.178571	-0.148440	0.001000)
(178.089286	-0.074220	0.001000)
(180.000000	0.000000	0.001000)
