// Re = 0.08
(-180.000000	0.000000	0.066710)
(-178.589286	0.051485	0.067478)
(-177.178571	0.102970	0.069779)
(-175.767857	0.154455	0.073608)
(-174.357143	0.205940	0.078956)
(-172.946429	0.257425	0.085808)
(-171.535714	0.308910	0.094149)
(-170.125000	0.360395	0.103957)
(-168.714286	0.411880	0.115209)
(-167.303571	0.463365	0.127876)
(-165.892857	0.514850	0.141928)
(-164.482143	0.566335	0.157328)
(-163.071429	0.617820	0.174040)
(-161.660714	0.669305	0.192023)
(-160.250000	0.720790	0.211230)
(-155.232143	0.670024	0.288741)
(-150.214286	0.641850	0.378696)
(-145.196429	0.620872	0.478281)
(-140.178571	0.599168	0.584377)
(-135.160714	0.572336	0.693657)
(-130.142857	0.537948	0.802686)
(-125.125000	0.494840	0.908028)
(-120.107143	0.442754	1.006355)
(-115.089286	0.382131	1.094545)
(-110.071429	0.313972	1.169780)
(-105.053571	0.239731	1.229634)
(-100.035714	0.161227	1.272148)
(-95.017857	0.080553	1.295889)
(-90.000000	0.000000	1.300000)
(-84.982143	-0.080553	1.295889)
(-79.964286	-0.161227	1.272148)
(-74.946429	-0.239731	1.229634)
(-69.928571	-0.313972	1.169780)
(-64.910714	-0.382131	1.094545)
(-59.892857	-0.442754	1.006355)
(-54.875000	-0.494840	0.908028)
(-49.857143	-0.537948	0.802686)
(-44.839286	-0.572336	0.693657)
(-39.821429	-0.599168	0.584377)
(-34.803571	-0.620872	0.478281)
(-29.785714	-0.641850	0.378696)
(-24.767857	-0.670024	0.288741)
(-19.750000	-0.720790	0.211230)
(-18.696429	-0.695741	0.200876)
(-17.642857	-0.670691	0.190521)
(-16.589286	-0.645642	0.180167)
(-15.535714	-0.620593	0.169813)
(-14.482143	-0.595544	0.159459)
(-13.428571	-0.570494	0.149104)
(-12.375000	-0.545445	0.138750)
(-11.321429	-0.520396	0.128396)
(-10.267857	-0.495346	0.118041)
(-9.214286	-0.470297	0.107687)
(-8.160714	-0.445248	0.097333)
(-7.107143	-0.420199	0.086979)
(-5.000000	-0.370100	0.066270)
(-4.500000	-0.360300	0.067810)
(-4.250000	-0.370200	0.068210)
(-3.500000	-0.367900	0.069910)
(-3.250000	-0.370000	0.070470)
(-3.000000	-0.371200	0.071080)
(-2.750000	-0.362800	0.071870)
(-1.750000	-0.410900	0.074270)
(-1.500000	-0.402300	0.074310)
(-1.250000	-0.374000	0.075270)
(-1.000000	-0.366400	0.074900)
(-0.750000	-0.349000	0.075090)
(-0.500000	-0.328000	0.075770)
(-0.250000	-0.318300	0.075870)
(0.250000	-0.275100	0.076560)
(0.500000	-0.260700	0.076970)
(0.750000	-0.228200	0.077620)
(1.000000	-0.219800	0.077890)
(1.250000	-0.190100	0.078770)
(1.500000	-0.173100	0.079210)
(1.750000	-0.156000	0.079720)
(2.000000	-0.122900	0.080950)
(2.250000	-0.111300	0.081320)
(2.500000	-0.092500	0.082180)
(2.750000	-0.063300	0.083340)
(3.000000	-0.048900	0.084030)
(3.250000	-0.027600	0.085170)
(3.500000	-0.000500	0.086350)
(3.750000	0.012300	0.087210)
(4.000000	0.037900	0.088680)
(4.250000	0.058800	0.089780)
(4.500000	0.073700	0.090890)
(4.750000	0.096200	0.092390)
(5.000000	0.121100	0.093800)
(5.250000	0.131800	0.094890)
(5.500000	0.153700	0.096540)
(5.750000	0.177200	0.098020)
(6.000000	0.193000	0.099470)
(6.250000	0.205100	0.100830)
(6.500000	0.237100	0.102850)
(6.750000	0.246900	0.104100)
(7.000000	0.259700	0.105640)
(7.250000	0.280900	0.107550)
(7.500000	0.302100	0.109160)
(7.750000	0.314100	0.110740)
(8.000000	0.327200	0.112450)
(8.250000	0.350800	0.114450)
(8.500000	0.367600	0.116120)
(8.750000	0.379600	0.117880)
(9.000000	0.389900	0.119530)
(9.250000	0.409500	0.121550)
(9.500000	0.429500	0.123380)
(9.750000	0.439800	0.125140)
(10.000000	0.451600	0.127040)
(10.250000	0.465000	0.128950)
(10.500000	0.490600	0.131010)
(10.750000	0.498300	0.132620)
(11.000000	0.506600	0.134370)
(11.250000	0.516100	0.136170)
(11.500000	0.529200	0.138040)
(11.750000	0.551000	0.139840)
(12.000000	0.556700	0.141290)
(12.250000	0.561900	0.142700)
(12.500000	0.567800	0.143960)
(12.750000	0.581600	0.144930)
(13.000000	0.604100	0.147730)
(13.250000	0.626400	0.150520)
(13.500000	0.648700	0.153290)
(13.750000	0.671000	0.156050)
(14.000000	0.693500	0.158800)
(14.500000	0.740300	0.164260)
(14.750000	0.754900	0.167000)
(15.000000	0.769600	0.169700)
(15.250000	0.784600	0.172400)
(15.500000	0.799900	0.175060)
(15.750000	0.815700	0.177690)
(16.000000	0.831700	0.180290)
(16.250000	0.847500	0.182850)
(16.500000	0.857600	0.185470)
(16.750000	0.887900	0.183860)
(17.000000	0.923500	0.181130)
(17.250000	0.935600	0.183570)
(17.500000	0.948500	0.185910)
(17.750000	0.961500	0.188130)
(18.000000	0.974700	0.190270)
(18.250000	0.972400	0.194720)
(18.500000	0.982600	0.197230)
(18.750000	0.985900	0.201250)
(19.000000	1.005100	0.201890)
(19.250000	1.005900	0.206450)
(19.500000	1.017400	0.208790)
(19.750000	1.029700	0.211230)
(24.767857	0.957178	0.288741)
(29.785714	0.916928	0.378696)
(34.803571	0.886960	0.478281)
(39.821429	0.855954	0.584377)
(44.839286	0.817623	0.693657)
(49.857143	0.768498	0.802686)
(54.875000	0.706914	0.908028)
(59.892857	0.632505	1.006355)
(64.910714	0.545901	1.094545)
(69.928571	0.448531	1.169780)
(74.946429	0.342473	1.229634)
(79.964286	0.230324	1.272148)
(84.982143	0.115076	1.295889)
(90.000000	0.000000	1.300000)
(95.017857	-0.080553	1.295889)
(100.035714	-0.161227	1.272148)
(105.053571	-0.239731	1.229634)
(110.071429	-0.313972	1.169780)
(115.089286	-0.382131	1.094545)
(120.107143	-0.442754	1.006355)
(125.125000	-0.494840	0.908028)
(130.142857	-0.537948	0.802686)
(135.160714	-0.572336	0.693657)
(140.178571	-0.599168	0.584377)
(145.196429	-0.620872	0.478281)
(150.214286	-0.641850	0.378696)
(155.232143	-0.670024	0.288741)
(160.250000	-0.720790	0.211230)
(161.660714	-0.669305	0.192023)
(163.071429	-0.617820	0.174040)
(164.482143	-0.566335	0.157328)
(165.892857	-0.514850	0.141928)
(167.303571	-0.463365	0.127876)
(168.714286	-0.411880	0.115209)
(170.125000	-0.360395	0.103957)
(171.535714	-0.308910	0.094149)
(172.946429	-0.257425	0.085808)
(174.357143	-0.205940	0.078956)
(175.767857	-0.154455	0.073608)
(177.178571	-0.102970	0.069779)
(178.589286	-0.051485	0.067478)
(180.000000	0.000000	0.066710)
