// Re = 0.08
(-180.000000	0.000000	0.001000)
(-177.857143	0.025740	0.001000)
(-175.714286	0.051480	0.001000)
(-173.571429	0.077220	0.001000)
(-171.428571	0.102960	0.001000)
(-169.285714	0.128700	0.001000)
(-167.142857	0.154440	0.001000)
(-165.000000	0.180180	0.010871)
(-162.857143	0.205920	0.037549)
(-160.714286	0.231660	0.067336)
(-158.571429	0.257400	0.100070)
(-156.428571	0.283140	0.135570)
(-154.285714	0.308880	0.173645)
(-152.142857	0.334620	0.214085)
(-150.000000	0.360360	0.256670)
(-145.714286	0.396336	0.347338)
(-141.428571	0.421578	0.443674)
(-137.142857	0.435988	0.543587)
(-132.857143	0.439557	0.644908)
(-128.571429	0.432428	0.745445)
(-124.285714	0.414924	0.843025)
(-120.000000	0.387560	0.935550)
(-115.714286	0.351042	1.021035)
(-111.428571	0.306259	1.097658)
(-107.142857	0.254269	1.163799)
(-102.857143	0.196277	1.218073)
(-98.571429	0.133609	1.259363)
(-94.285714	0.067688	1.286844)
(-90.000000	0.000000	1.300000)
(-85.714286	-0.067688	1.286844)
(-81.428571	-0.133609	1.259363)
(-77.142857	-0.196277	1.218073)
(-72.857143	-0.254269	1.163799)
(-68.571429	-0.306259	1.097658)
(-64.285714	-0.351042	1.021035)
(-60.000000	-0.387560	0.935550)
(-55.714286	-0.414924	0.843025)
(-51.428571	-0.432428	0.745445)
(-47.142857	-0.439557	0.644908)
(-42.857143	-0.435988	0.543587)
(-38.571429	-0.421578	0.443674)
(-34.285714	-0.396336	0.347338)
(-30.000000	-0.360360	0.256670)
(-28.214286	-0.338456	0.248009)
(-26.428571	-0.316551	0.239347)
(-24.642857	-0.294647	0.230686)
(-22.857143	-0.272743	0.222024)
(-21.071429	-0.250839	0.213363)
(-19.285714	-0.228934	0.204701)
(-17.500000	-0.207030	0.196040)
(-15.714286	-0.185126	0.187379)
(-13.928571	-0.163221	0.178717)
(-12.142857	-0.141317	0.170056)
(-10.357143	-0.119413	0.161394)
(-8.571429	-0.097509	0.152733)
(-5.000000	-0.053700	0.135410)
(-4.500000	-0.174500	0.143430)
(-4.250000	-0.182600	0.143550)
(-4.000000	-0.158000	0.142870)
(-3.750000	-0.166600	0.142730)
(-3.500000	-0.169100	0.142530)
(-3.250000	-0.154900	0.142250)
(-3.000000	-0.150000	0.141900)
(-2.500000	-0.138000	0.141560)
(-2.250000	-0.150300	0.141430)
(-2.000000	-0.154800	0.141440)
(-1.750000	-0.137900	0.141060)
(-1.500000	-0.139900	0.140910)
(-1.250000	-0.129100	0.140820)
(-0.750000	-0.140100	0.140800)
(-0.500000	-0.117900	0.140300)
(-0.250000	-0.125600	0.140450)
(0.000000	-0.110100	0.140110)
(0.250000	-0.108300	0.140260)
(0.500000	-0.106200	0.139970)
(1.250000	-0.220100	0.130890)
(1.750000	-0.078200	0.139820)
(2.250000	-0.405000	0.115590)
(2.500000	-0.391600	0.115540)
(2.750000	-0.451500	0.110040)
(3.000000	-0.428600	0.110870)
(3.250000	-0.460500	0.107080)
(3.500000	-0.438800	0.108030)
(3.750000	-0.452400	0.105530)
(4.000000	-0.434300	0.106420)
(4.250000	-0.428700	0.106000)
(4.500000	-0.421100	0.105670)
(4.750000	-0.401300	0.106520)
(5.000000	-0.402200	0.105570)
(5.250000	-0.377500	0.106920)
(5.500000	-0.379600	0.105970)
(5.750000	-0.356100	0.107360)
(6.000000	-0.354700	0.106770)
(6.250000	-0.332600	0.108130)
(6.500000	-0.329400	0.108060)
(6.750000	-0.307800	0.109200)
(7.000000	-0.303500	0.109400)
(7.250000	-0.281900	0.110510)
(7.500000	-0.277300	0.110850)
(7.750000	-0.255600	0.112030)
(8.000000	-0.250800	0.112440)
(8.250000	-0.229000	0.113710)
(8.500000	-0.224100	0.114150)
(8.750000	-0.202400	0.115530)
(9.000000	-0.197000	0.115990)
(9.250000	-0.175600	0.117470)
(9.500000	-0.171700	0.117900)
(9.750000	-0.148500	0.119540)
(10.000000	-0.147000	0.119860)
(10.250000	-0.125700	0.121470)
(10.500000	-0.122000	0.121910)
(10.750000	-0.109500	0.123120)
(11.000000	-0.095500	0.124120)
(11.250000	-0.089000	0.125050)
(11.500000	-0.072400	0.126210)
(11.750000	-0.067000	0.127110)
(12.000000	-0.047500	0.128500)
(12.250000	-0.044300	0.129260)
(12.500000	-0.022800	0.130870)
(12.750000	-0.021800	0.131430)
(13.000000	-0.003700	0.133030)
(13.250000	0.002300	0.133760)
(13.500000	0.012500	0.135030)
(13.750000	0.031300	0.136460)
(14.000000	0.041000	0.137790)
(14.250000	0.071100	0.140070)
(14.500000	0.084000	0.141570)
(14.750000	0.107100	0.143860)
(15.000000	0.142000	0.146520)
(15.250000	0.161600	0.148590)
(15.500000	0.189000	0.151130)
(15.750000	0.226100	0.153810)
(16.000000	0.234600	0.155060)
(16.250000	0.237900	0.154960)
(16.500000	0.251400	0.155880)
(16.750000	0.259400	0.157110)
(17.000000	0.279400	0.159130)
(17.250000	0.295600	0.160770)
(17.500000	0.305700	0.162410)
(17.750000	0.322100	0.164440)
(18.000000	0.344600	0.166610)
(18.500000	0.365400	0.170170)
(18.750000	0.387900	0.172580)
(19.000000	0.400100	0.174260)
(19.500000	0.420900	0.178060)
(19.750000	0.444400	0.180500)
(20.000000	0.451500	0.182010)
(20.500000	0.470700	0.185850)
(20.750000	0.493300	0.188200)
(21.000000	0.498000	0.189710)
(21.250000	0.504900	0.191560)
(21.500000	0.516000	0.193560)
(22.000000	0.539900	0.197350)
(22.250000	0.546500	0.199260)
(22.500000	0.559500	0.201300)
(22.750000	0.574000	0.203200)
(23.250000	0.585500	0.206990)
(23.500000	0.605300	0.209200)
(23.750000	0.607400	0.210740)
(24.000000	0.612900	0.212680)
(24.250000	0.627400	0.214830)
(24.500000	0.636200	0.216520)
(24.750000	0.639900	0.218370)
(25.000000	0.649500	0.220380)
(25.250000	0.664800	0.222360)
(25.500000	0.667000	0.224030)
(25.750000	0.672900	0.226000)
(26.000000	0.685700	0.228010)
(26.250000	0.696600	0.229810)
(26.500000	0.699800	0.231540)
(26.750000	0.705400	0.233460)
(27.000000	0.713200	0.235380)
(27.250000	0.724700	0.237300)
(27.500000	0.738100	0.239270)
(27.750000	0.473800	0.233570)
(28.000000	0.479100	0.236020)
(28.250000	0.486000	0.238500)
(28.750000	0.495300	0.243460)
(29.000000	0.497700	0.246180)
(29.250000	0.501000	0.248900)
(29.500000	0.506000	0.251490)
(30.000000	0.514800	0.256670)
(34.285714	0.566194	0.347338)
(38.571429	0.602255	0.443674)
(42.857143	0.622840	0.543587)
(47.142857	0.627938	0.644908)
(51.428571	0.617754	0.745445)
(55.714286	0.592748	0.843025)
(60.000000	0.553656	0.935550)
(64.285714	0.501488	1.021035)
(68.571429	0.437513	1.097658)
(72.857143	0.363242	1.163799)
(77.142857	0.280395	1.218073)
(81.428571	0.190870	1.259363)
(85.714286	0.096698	1.286844)
(90.000000	0.000000	1.300000)
(94.285714	-0.067688	1.286844)
(98.571429	-0.133609	1.259363)
(102.857143	-0.196277	1.218073)
(107.142857	-0.254269	1.163799)
(111.428571	-0.306259	1.097658)
(115.714286	-0.351042	1.021035)
(120.000000	-0.387560	0.935550)
(124.285714	-0.414924	0.843025)
(128.571429	-0.432428	0.745445)
(132.857143	-0.439557	0.644908)
(137.142857	-0.435988	0.543587)
(141.428571	-0.421578	0.443674)
(145.714286	-0.396336	0.347338)
(150.000000	-0.360360	0.256670)
(152.142857	-0.334620	0.214085)
(154.285714	-0.308880	0.173645)
(156.428571	-0.283140	0.135570)
(158.571429	-0.257400	0.100070)
(160.714286	-0.231660	0.067336)
(162.857143	-0.205920	0.037549)
(165.000000	-0.180180	0.010871)
(167.142857	-0.154440	0.001000)
(169.285714	-0.128700	0.001000)
(171.428571	-0.102960	0.001000)
(173.571429	-0.077220	0.001000)
(175.714286	-0.051480	0.001000)
(177.857143	-0.025740	0.001000)
(180.000000	0.000000	0.001000)
