// Re = 0.11
(-180.000000	0.000000	0.001000)
(-178.071429	0.076020	0.001000)
(-176.142857	0.152040	0.001000)
(-174.214286	0.228060	0.001000)
(-172.285714	0.304080	0.001000)
(-170.357143	0.380100	0.001000)
(-168.428571	0.456120	0.001000)
(-166.500000	0.532140	0.004581)
(-164.571429	0.608160	0.026317)
(-162.642857	0.684180	0.050655)
(-160.714286	0.760200	0.077487)
(-158.785714	0.836220	0.106694)
(-156.857143	0.912240	0.138146)
(-154.928571	0.988260	0.171704)
(-153.000000	1.064280	0.207220)
(-148.500000	0.959333	0.296801)
(-144.000000	0.876034	0.394007)
(-139.500000	0.803845	0.496498)
(-135.000000	0.736507	0.601813)
(-130.500000	0.670223	0.707424)
(-126.000000	0.602745	0.810805)
(-121.500000	0.532878	0.909487)
(-117.000000	0.460194	1.001122)
(-112.500000	0.384839	1.083541)
(-108.000000	0.307415	1.154802)
(-103.500000	0.228878	1.213246)
(-99.000000	0.150467	1.257526)
(-94.500000	0.073636	1.286651)
(-90.000000	0.000000	1.300000)
(-85.500000	-0.073636	1.286651)
(-81.000000	-0.150467	1.257526)
(-76.500000	-0.228878	1.213246)
(-72.000000	-0.307415	1.154802)
(-67.500000	-0.384839	1.083541)
(-63.000000	-0.460194	1.001122)
(-58.500000	-0.532878	0.909487)
(-54.000000	-0.602745	0.810805)
(-49.500000	-0.670223	0.707424)
(-45.000000	-0.736507	0.601813)
(-40.500000	-0.803845	0.496498)
(-36.000000	-0.876034	0.394007)
(-31.500000	-0.959333	0.296801)
(-27.000000	-1.064280	0.207220)
(-25.410714	-0.990153	0.195684)
(-23.821429	-0.916026	0.184147)
(-22.232143	-0.841899	0.172611)
(-20.642857	-0.767771	0.161074)
(-19.053571	-0.693644	0.149538)
(-17.464286	-0.619517	0.138001)
(-15.875000	-0.545390	0.126465)
(-14.285714	-0.471263	0.114929)
(-12.696429	-0.397136	0.103392)
(-11.107143	-0.323009	0.091856)
(-9.517857	-0.248881	0.080319)
(-7.928571	-0.174754	0.068783)
(-4.750000	-0.026500	0.045710)
(-4.500000	0.047700	0.047240)
(-4.250000	0.032700	0.047590)
(-3.750000	0.040100	0.047590)
(-3.500000	0.016800	0.047660)
(-2.500000	-0.111700	0.050760)
(-2.000000	-0.118300	0.053030)
(-1.750000	-0.104200	0.053280)
(-1.500000	-0.069600	0.053060)
(-1.250000	-0.083500	0.054800)
(-0.750000	-0.060300	0.056290)
(-0.500000	-0.036100	0.056490)
(-0.250000	-0.035000	0.057930)
(0.000000	0.007100	0.057400)
(0.250000	-0.007700	0.059760)
(0.500000	0.031000	0.059550)
(0.750000	-0.066300	0.068470)
(1.000000	0.053500	0.062070)
(1.250000	-0.048300	0.071710)
(1.500000	-0.015400	0.072800)
(1.750000	-0.006800	0.073680)
(2.000000	0.023200	0.074860)
(2.250000	0.036300	0.075790)
(2.500000	0.052200	0.077060)
(2.750000	0.075100	0.078030)
(3.000000	0.086300	0.079280)
(3.250000	0.119100	0.080450)
(3.500000	0.129000	0.081710)
(3.750000	0.154300	0.083110)
(4.000000	0.174300	0.084310)
(4.250000	0.180400	0.085690)
(4.500000	0.221800	0.087150)
(4.750000	0.223600	0.088430)
(5.000000	0.236500	0.090030)
(5.250000	0.270600	0.091380)
(5.500000	0.277700	0.092900)
(5.750000	0.290300	0.094590)
(6.000000	0.325600	0.096020)
(6.250000	0.293700	0.101700)
(6.500000	0.326700	0.103160)
(6.750000	0.334100	0.105030)
(7.000000	0.344600	0.107090)
(7.250000	0.358300	0.109040)
(7.500000	0.388800	0.110510)
(7.750000	0.395700	0.112590)
(8.000000	0.405400	0.114780)
(8.250000	0.416100	0.116930)
(8.500000	0.448900	0.118370)
(8.750000	0.460400	0.120540)
(9.000000	0.464600	0.122760)
(9.250000	0.474000	0.125250)
(9.500000	0.481600	0.127510)
(9.750000	0.495000	0.130010)
(10.000000	0.515900	0.131600)
(10.250000	0.534700	0.133310)
(10.500000	0.549200	0.135450)
(10.750000	0.600200	0.129630)
(11.000000	0.700400	0.119790)
(11.250000	0.710500	0.121590)
(11.500000	0.722400	0.123270)
(11.750000	0.735800	0.124800)
(12.250000	0.766700	0.127320)
(12.500000	0.798000	0.126650)
(12.750000	0.808600	0.128080)
(13.000000	0.818600	0.129460)
(13.250000	0.828100	0.130820)
(13.500000	0.834800	0.132060)
(14.000000	0.848200	0.133570)
(14.250000	0.895400	0.132670)
(14.750000	0.917500	0.138670)
(15.000000	0.957600	0.137890)
(15.500000	0.993500	0.141430)
(15.750000	1.009900	0.143210)
(16.250000	1.039500	0.146900)
(17.250000	1.117000	0.150010)
(17.750000	1.109100	0.159160)
(18.000000	1.146900	0.156220)
(18.250000	1.189800	0.152160)
(18.750000	1.294100	0.140710)
(19.000000	1.370100	0.131690)
(19.250000	1.494500	0.116260)
(19.500000	1.358500	0.140220)
(19.750000	1.496500	0.122150)
(20.000000	1.514800	0.122560)
(20.250000	1.546300	0.120960)
(20.500000	1.543000	0.124420)
(20.750000	1.537600	0.128250)
(21.000000	1.542300	0.130580)
(21.250000	1.555200	0.131610)
(21.500000	1.552600	0.135050)
(21.750000	1.549300	0.138630)
(22.000000	1.548000	0.141900)
(22.250000	1.548300	0.144920)
(22.500000	1.550300	0.147630)
(22.750000	1.554500	0.149990)
(23.000000	1.563000	0.151590)
(23.250000	1.557500	0.155490)
(23.500000	1.551500	0.159530)
(23.750000	1.547300	0.163270)
(24.000000	1.546800	0.166390)
(24.250000	1.552900	0.168260)
(24.500000	1.542100	0.173170)
(24.750000	1.535700	0.177380)
(25.000000	1.537800	0.180020)
(25.250000	1.541200	0.182390)
(25.500000	1.535700	0.186340)
(25.750000	1.533600	0.189760)
(26.000000	1.534100	0.192650)
(26.250000	1.538200	0.194800)
(26.500000	1.545600	0.196370)
(26.750000	1.514100	0.205490)
(27.000000	1.520400	0.207220)
(31.500000	1.370476	0.296801)
(36.000000	1.251478	0.394007)
(40.500000	1.148350	0.496498)
(45.000000	1.052153	0.601813)
(49.500000	0.957462	0.707424)
(54.000000	0.861064	0.810805)
(58.500000	0.761255	0.909487)
(63.000000	0.657420	1.001122)
(67.500000	0.549770	1.083541)
(72.000000	0.439164	1.154802)
(76.500000	0.326969	1.213246)
(81.000000	0.214952	1.257526)
(85.500000	0.105194	1.286651)
(90.000000	0.000000	1.300000)
(94.500000	-0.073636	1.286651)
(99.000000	-0.150467	1.257526)
(103.500000	-0.228878	1.213246)
(108.000000	-0.307415	1.154802)
(112.500000	-0.384839	1.083541)
(117.000000	-0.460194	1.001122)
(121.500000	-0.532878	0.909487)
(126.000000	-0.602745	0.810805)
(130.500000	-0.670223	0.707424)
(135.000000	-0.736507	0.601813)
(139.500000	-0.803845	0.496498)
(144.000000	-0.876034	0.394007)
(148.500000	-0.959333	0.296801)
(153.000000	-1.064280	0.207220)
(154.928571	-0.988260	0.171704)
(156.857143	-0.912240	0.138146)
(158.785714	-0.836220	0.106694)
(160.714286	-0.760200	0.077487)
(162.642857	-0.684180	0.050655)
(164.571429	-0.608160	0.026317)
(166.500000	-0.532140	0.004581)
(168.428571	-0.456120	0.001000)
(170.357143	-0.380100	0.001000)
(172.285714	-0.304080	0.001000)
(174.214286	-0.228060	0.001000)
(176.142857	-0.152040	0.001000)
(178.071429	-0.076020	0.001000)
(180.000000	0.000000	0.001000)
