// Re = 0.15
(-180.000000	0.000000	0.001000)
(-178.053571	0.067685	0.001000)
(-176.107143	0.135370	0.001000)
(-174.160714	0.203055	0.001000)
(-172.214286	0.270740	0.001000)
(-170.267857	0.338425	0.001000)
(-168.321429	0.406110	0.001000)
(-166.375000	0.473795	0.001000)
(-164.428571	0.541480	0.022626)
(-162.482143	0.609165	0.047445)
(-160.535714	0.676850	0.074802)
(-158.589286	0.744535	0.104572)
(-156.642857	0.812220	0.136621)
(-154.696429	0.879905	0.170805)
(-152.750000	0.947590	0.206970)
(-148.267857	0.866953	0.296876)
(-143.785714	0.802177	0.394259)
(-139.303571	0.744647	0.496800)
(-134.821429	0.689224	0.602059)
(-130.339286	0.632803	0.707537)
(-125.857143	0.573582	0.810736)
(-121.375000	0.510661	0.909216)
(-116.892857	0.443806	1.000661)
(-112.410714	0.373299	1.082930)
(-107.928571	0.299826	1.154107)
(-103.446429	0.224397	1.212553)
(-98.964286	0.148282	1.256944)
(-94.482143	0.072946	1.286297)
(-90.000000	0.000000	1.300000)
(-85.517857	-0.072946	1.286297)
(-81.035714	-0.148282	1.256944)
(-76.553571	-0.224397	1.212553)
(-72.071429	-0.299826	1.154107)
(-67.589286	-0.373299	1.082930)
(-63.107143	-0.443806	1.000661)
(-58.625000	-0.510661	0.909216)
(-54.142857	-0.573582	0.810736)
(-49.660714	-0.632803	0.707537)
(-45.178571	-0.689224	0.602059)
(-40.696429	-0.744647	0.496800)
(-36.214286	-0.802177	0.394259)
(-31.732143	-0.866953	0.296876)
(-27.250000	-0.947590	0.206970)
(-25.660714	-0.884941	0.193756)
(-24.071429	-0.822291	0.180543)
(-22.482143	-0.759642	0.167329)
(-20.892857	-0.696993	0.154116)
(-19.303571	-0.634344	0.140902)
(-17.714286	-0.571694	0.127689)
(-16.125000	-0.509045	0.114475)
(-14.535714	-0.446396	0.101261)
(-12.946429	-0.383746	0.088048)
(-11.357143	-0.321097	0.074834)
(-9.767857	-0.258448	0.061621)
(-8.178571	-0.195799	0.048407)
(-5.000000	-0.070500	0.021980)
(-4.750000	-0.047200	0.022350)
(-4.500000	-0.019100	0.022550)
(-4.250000	0.005700	0.022970)
(-4.000000	0.031900	0.023290)
(-3.750000	0.059400	0.023570)
(-3.500000	0.081400	0.023940)
(-3.250000	0.114900	0.024090)
(-3.000000	0.130100	0.024740)
(-2.750000	0.162600	0.024480)
(-2.500000	0.178300	0.024950)
(-2.250000	0.209700	0.024650)
(-2.000000	0.226600	0.025050)
(-1.750000	0.256500	0.024760)
(-1.500000	0.276600	0.025080)
(-1.250000	0.302900	0.024910)
(-1.000000	0.335900	0.024970)
(-0.750000	0.348500	0.025150)
(-0.500000	0.380100	0.025150)
(0.000000	0.425000	0.025230)
(0.250000	0.443200	0.025440)
(0.500000	0.470500	0.025360)
(0.750000	0.505500	0.025190)
(1.000000	0.516300	0.025560)
(1.250000	0.548600	0.025460)
(1.500000	0.559800	0.025950)
(1.750000	0.591300	0.025830)
(2.000000	0.627900	0.025640)
(2.250000	0.633100	0.026330)
(2.500000	0.668500	0.026140)
(2.750000	0.673900	0.026930)
(3.000000	0.707000	0.026790)
(3.500000	0.743100	0.027580)
(3.750000	0.785900	0.027210)
(4.000000	0.776400	0.028530)
(4.250000	0.819800	0.028110)
(4.750000	0.851400	0.029160)
(5.250000	0.835400	0.032040)
(5.500000	0.925400	0.029740)
(6.000000	0.945100	0.031150)
(6.500000	0.972100	0.032370)
(7.000000	0.922600	0.038430)
(7.250000	0.976300	0.036610)
(13.000000	1.359400	0.047070)
(13.250000	1.436200	0.042580)
(13.500000	1.451600	0.043020)
(13.750000	1.421600	0.047180)
(14.000000	1.432300	0.048070)
(14.250000	1.450400	0.048300)
(14.500000	1.457600	0.049550)
(14.750000	1.454800	0.051770)
(15.000000	1.458000	0.053490)
(15.250000	1.468400	0.054540)
(15.500000	1.462300	0.057320)
(15.750000	1.459700	0.059830)
(16.000000	1.457100	0.062380)
(16.250000	1.453400	0.065120)
(16.500000	1.448600	0.068070)
(16.750000	1.442800	0.071170)
(17.000000	1.436600	0.074420)
(17.250000	1.430300	0.077730)
(17.500000	1.424800	0.081020)
(17.750000	1.420800	0.084160)
(18.000000	1.417300	0.087270)
(18.250000	1.412800	0.090590)
(18.500000	1.412100	0.093400)
(18.750000	1.407800	0.096790)
(19.000000	1.407100	0.099660)
(19.250000	1.403900	0.102960)
(19.500000	1.402300	0.106050)
(19.750000	1.400300	0.109190)
(20.000000	1.397300	0.112540)
(20.250000	1.395700	0.115650)
(20.500000	1.391600	0.119230)
(20.750000	1.389000	0.122560)
(21.000000	1.384900	0.126130)
(21.250000	1.380500	0.129800)
(21.500000	1.376700	0.133400)
(21.750000	1.373100	0.136900)
(22.000000	1.369400	0.140470)
(22.250000	1.365600	0.144060)
(22.500000	1.363000	0.147490)
(22.750000	1.362300	0.150560)
(23.000000	1.363600	0.153290)
(23.250000	1.364700	0.156110)
(23.500000	1.367300	0.158620)
(23.750000	1.371600	0.160810)
(24.000000	1.376300	0.162910)
(24.250000	1.381100	0.164970)
(24.500000	1.386300	0.166930)
(24.750000	1.393100	0.168560)
(25.000000	1.403800	0.169410)
(25.250000	1.401300	0.172910)
(25.500000	1.409400	0.174210)
(25.750000	1.408500	0.177370)
(26.000000	1.415700	0.178870)
(26.250000	1.407600	0.183420)
(26.500000	1.423500	0.183150)
(26.750000	1.405300	0.189810)
(27.000000	1.385600	0.197020)
(27.250000	1.353700	0.206970)
(31.732143	1.238505	0.296876)
(36.214286	1.145967	0.394259)
(40.696429	1.063781	0.496800)
(45.178571	0.984606	0.602059)
(49.660714	0.904005	0.707537)
(54.142857	0.819403	0.810736)
(58.625000	0.729515	0.909216)
(63.107143	0.634009	1.000661)
(67.589286	0.533284	1.082930)
(72.071429	0.428322	1.154107)
(76.553571	0.320567	1.212553)
(81.035714	0.211831	1.256944)
(85.517857	0.104208	1.286297)
(90.000000	0.000000	1.300000)
(94.482143	-0.072946	1.286297)
(98.964286	-0.148282	1.256944)
(103.446429	-0.224397	1.212553)
(107.928571	-0.299826	1.154107)
(112.410714	-0.373299	1.082930)
(116.892857	-0.443806	1.000661)
(121.375000	-0.510661	0.909216)
(125.857143	-0.573582	0.810736)
(130.339286	-0.632803	0.707537)
(134.821429	-0.689224	0.602059)
(139.303571	-0.744647	0.496800)
(143.785714	-0.802177	0.394259)
(148.267857	-0.866953	0.296876)
(152.750000	-0.947590	0.206970)
(154.696429	-0.879905	0.170805)
(156.642857	-0.812220	0.136621)
(158.589286	-0.744535	0.104572)
(160.535714	-0.676850	0.074802)
(162.482143	-0.609165	0.047445)
(164.428571	-0.541480	0.022626)
(166.375000	-0.473795	0.001000)
(168.321429	-0.406110	0.001000)
(170.267857	-0.338425	0.001000)
(172.214286	-0.270740	0.001000)
(174.160714	-0.203055	0.001000)
(176.107143	-0.135370	0.001000)
(178.053571	-0.067685	0.001000)
(180.000000	0.000000	0.001000)
