// Re = 0.05
(-180.000000	0.000000	0.025308)
(-178.000000	0.062180	0.026876)
(-176.000000	0.124360	0.031572)
(-174.000000	0.186540	0.039373)
(-172.000000	0.248720	0.050241)
(-170.000000	0.310900	0.064123)
(-168.000000	0.373080	0.080950)
(-166.000000	0.435260	0.100640)
(-164.000000	0.497440	0.123096)
(-162.000000	0.559620	0.148208)
(-160.000000	0.621800	0.175853)
(-158.000000	0.683980	0.205894)
(-156.000000	0.746160	0.238185)
(-154.000000	0.808340	0.272566)
(-152.000000	0.870520	0.308870)
(-147.571429	0.806564	0.395191)
(-143.142857	0.753817	0.487972)
(-138.714286	0.705402	0.584978)
(-134.285714	0.657175	0.683876)
(-129.857143	0.606632	0.782281)
(-125.428571	0.552351	0.877822)
(-121.000000	0.493674	0.968191)
(-116.571429	0.430521	1.051205)
(-112.142857	0.363262	1.124852)
(-107.714286	0.292630	1.187346)
(-103.285714	0.219648	1.237161)
(-98.857143	0.145571	1.273077)
(-94.428571	0.071833	1.294203)
(-90.000000	0.000000	1.300000)
(-85.571429	-0.071833	1.294203)
(-81.142857	-0.145571	1.273077)
(-76.714286	-0.219648	1.237161)
(-72.285714	-0.292630	1.187346)
(-67.857143	-0.363262	1.124852)
(-63.428571	-0.430521	1.051205)
(-59.000000	-0.493674	0.968191)
(-54.571429	-0.552351	0.877822)
(-50.142857	-0.606632	0.782281)
(-45.714286	-0.657175	0.683876)
(-41.285714	-0.705402	0.584978)
(-36.857143	-0.753817	0.487972)
(-32.428571	-0.806564	0.395191)
(-28.000000	-0.870520	0.308870)
(-26.357143	-0.863640	0.291772)
(-24.714286	-0.856760	0.274674)
(-23.071429	-0.849880	0.257576)
(-21.428571	-0.843000	0.240479)
(-19.785714	-0.836120	0.223381)
(-18.142857	-0.829240	0.206283)
(-16.500000	-0.822360	0.189185)
(-14.857143	-0.815480	0.172087)
(-13.214286	-0.808600	0.154989)
(-11.571429	-0.801720	0.137891)
(-9.928571	-0.794840	0.120794)
(-8.285714	-0.787960	0.103696)
(-5.000000	-0.774200	0.069500)
(-4.750000	-0.761600	0.071240)
(-4.500000	-0.750100	0.072500)
(-4.250000	-0.735000	0.074840)
(-4.000000	-0.723700	0.075880)
(-3.750000	-0.709700	0.076860)
(-3.500000	-0.682700	0.078960)
(-3.250000	-0.657600	0.080600)
(-3.000000	-0.633800	0.081910)
(-2.750000	-0.612500	0.082790)
(-2.500000	-0.596100	0.082990)
(-2.250000	-0.579100	0.083230)
(-2.000000	-0.557900	0.083940)
(-1.750000	-0.545400	0.083560)
(-1.500000	-0.526900	0.083870)
(-1.250000	-0.516100	0.083280)
(-1.000000	-0.498600	0.083460)
(-0.750000	-0.484600	0.083210)
(-0.500000	-0.471200	0.082830)
(0.000000	-0.441700	0.082280)
(0.250000	-0.429200	0.081820)
(0.500000	-0.415200	0.081540)
(0.750000	-0.399900	0.081430)
(1.000000	-0.381300	0.081540)
(1.250000	-0.360300	0.081780)
(1.500000	-0.345100	0.081500)
(1.750000	-0.329600	0.081490)
(2.000000	-0.311300	0.081740)
(2.250000	-0.285300	0.082560)
(2.500000	-0.266900	0.082760)
(2.750000	-0.251300	0.082940)
(3.000000	-0.231200	0.083490)
(3.250000	-0.204900	0.084610)
(3.500000	-0.186100	0.085150)
(3.750000	-0.168700	0.085630)
(4.000000	-0.148300	0.086470)
(4.250000	-0.124300	0.087740)
(4.500000	-0.104700	0.088560)
(4.750000	-0.087900	0.089270)
(5.000000	-0.068800	0.090280)
(5.250000	-0.045300	0.091740)
(5.500000	-0.024800	0.092880)
(5.750000	-0.009800	0.093690)
(6.000000	0.007400	0.094800)
(6.250000	0.028600	0.096300)
(6.500000	0.051500	0.097880)
(6.750000	0.065000	0.098750)
(7.000000	0.080000	0.099880)
(7.250000	0.097800	0.101310)
(7.500000	0.121900	0.103220)
(7.750000	0.136200	0.104250)
(8.250000	0.168500	0.106820)
(8.500000	0.190900	0.108520)
(8.750000	0.211600	0.109470)
(9.000000	0.239600	0.112190)
(9.250000	0.273100	0.115440)
(9.500000	0.294600	0.117570)
(9.750000	0.316700	0.119880)
(10.000000	0.339200	0.122340)
(10.250000	0.362300	0.124920)
(10.500000	0.385700	0.127610)
(10.750000	0.409700	0.130410)
(11.000000	0.434400	0.133320)
(11.250000	0.459900	0.136370)
(11.500000	0.486200	0.139530)
(11.750000	0.510900	0.142590)
(12.000000	0.531000	0.145200)
(12.250000	0.550800	0.147860)
(12.500000	0.570400	0.150550)
(12.750000	0.589700	0.153270)
(13.000000	0.608700	0.156010)
(13.250000	0.627300	0.158760)
(13.500000	0.645500	0.161530)
(13.750000	0.663300	0.164310)
(14.000000	0.680600	0.167090)
(14.250000	0.697300	0.169870)
(14.750000	0.727700	0.175240)
(15.000000	0.741800	0.177840)
(15.250000	0.755800	0.180480)
(15.500000	0.769800	0.183140)
(16.000000	0.795400	0.188220)
(16.250000	0.806900	0.190670)
(16.500000	0.818100	0.193100)
(16.750000	0.829000	0.195540)
(17.000000	0.839900	0.197990)
(17.250000	0.850700	0.200470)
(17.500000	0.861600	0.202980)
(17.750000	0.872600	0.205520)
(18.000000	0.883700	0.208080)
(18.250000	0.895000	0.210680)
(18.500000	0.906400	0.213310)
(18.750000	0.918100	0.215960)
(19.000000	0.929900	0.218710)
(19.250000	0.941900	0.221450)
(19.500000	0.953900	0.224240)
(19.750000	0.965900	0.226980)
(20.000000	0.976500	0.229530)
(20.250000	0.985100	0.231850)
(20.500000	0.993800	0.234210)
(20.750000	1.002500	0.236610)
(21.000000	1.011400	0.239050)
(21.250000	1.020400	0.241530)
(21.500000	1.029400	0.244030)
(21.750000	1.038600	0.246560)
(22.000000	1.047800	0.249110)
(22.250000	1.057300	0.251690)
(22.500000	1.067100	0.254320)
(22.750000	1.077500	0.257040)
(23.000000	1.089100	0.260030)
(23.250000	1.098000	0.262650)
(23.500000	1.104500	0.264880)
(23.750000	1.111800	0.267270)
(24.000000	1.120100	0.269810)
(24.250000	1.129200	0.272470)
(24.500000	1.139500	0.275370)
(24.750000	1.148000	0.277820)
(25.000000	1.152300	0.279770)
(25.250000	1.158700	0.282180)
(25.500000	1.169000	0.285050)
(25.750000	1.178200	0.287520)
(26.000000	1.182200	0.289570)
(26.250000	1.192300	0.292380)
(26.500000	1.199500	0.294580)
(26.750000	1.204900	0.296800)
(27.000000	1.217500	0.299980)
(27.250000	1.219700	0.301460)
(27.500000	1.230700	0.304600)
(27.750000	1.234600	0.306080)
(28.000000	1.243600	0.308870)
(32.428571	1.152234	0.395191)
(36.857143	1.076881	0.487972)
(41.285714	1.007717	0.584978)
(45.714286	0.938821	0.683876)
(50.142857	0.866617	0.782281)
(54.571429	0.789073	0.877822)
(59.000000	0.705249	0.968191)
(63.428571	0.615030	1.051205)
(67.857143	0.518945	1.124852)
(72.285714	0.418042	1.187346)
(76.714286	0.313782	1.237161)
(81.142857	0.207958	1.273077)
(85.571429	0.102619	1.294203)
(90.000000	0.000000	1.300000)
(94.428571	-0.071833	1.294203)
(98.857143	-0.145571	1.273077)
(103.285714	-0.219648	1.237161)
(107.714286	-0.292630	1.187346)
(112.142857	-0.363262	1.124852)
(116.571429	-0.430521	1.051205)
(121.000000	-0.493674	0.968191)
(125.428571	-0.552351	0.877822)
(129.857143	-0.606632	0.782281)
(134.285714	-0.657175	0.683876)
(138.714286	-0.705402	0.584978)
(143.142857	-0.753817	0.487972)
(147.571429	-0.806564	0.395191)
(152.000000	-0.870520	0.308870)
(154.000000	-0.808340	0.272566)
(156.000000	-0.746160	0.238185)
(158.000000	-0.683980	0.205894)
(160.000000	-0.621800	0.175853)
(162.000000	-0.559620	0.148208)
(164.000000	-0.497440	0.123096)
(166.000000	-0.435260	0.100640)
(168.000000	-0.373080	0.080950)
(170.000000	-0.310900	0.064123)
(172.000000	-0.248720	0.050241)
(174.000000	-0.186540	0.039373)
(176.000000	-0.124360	0.031572)
(178.000000	-0.062180	0.026876)
(180.000000	0.000000	0.025308)
