// Re = 0.05
(-180.000000	0.000000	0.009793)
(-178.767857	0.065825	0.010391)
(-177.535714	0.131650	0.012187)
(-176.303571	0.197475	0.015175)
(-175.071429	0.263300	0.019352)
(-173.839286	0.329125	0.024708)
(-172.607143	0.394950	0.031235)
(-171.375000	0.460775	0.038919)
(-170.142857	0.526600	0.047747)
(-168.910714	0.592425	0.057702)
(-167.678571	0.658250	0.068766)
(-166.446429	0.724075	0.080918)
(-165.214286	0.789900	0.094136)
(-163.982143	0.855725	0.108396)
(-162.750000	0.921550	0.123670)
(-157.553571	0.804001	0.198572)
(-152.357143	0.739075	0.288510)
(-147.160714	0.695585	0.390522)
(-141.964286	0.658928	0.501250)
(-136.767857	0.621404	0.617049)
(-131.571429	0.578772	0.734104)
(-126.375000	0.528821	0.848560)
(-121.178571	0.470679	0.956643)
(-115.982143	0.404451	1.054789)
(-110.785714	0.330990	1.139759)
(-105.589286	0.251740	1.208744)
(-100.392857	0.168609	1.259461)
(-95.196429	0.083858	1.290223)
(-90.000000	0.000000	1.300000)
(-84.803571	-0.083858	1.290223)
(-79.607143	-0.168609	1.259461)
(-74.410714	-0.251740	1.208744)
(-69.214286	-0.330990	1.139759)
(-64.017857	-0.404451	1.054789)
(-58.821429	-0.470679	0.956643)
(-53.625000	-0.528821	0.848560)
(-48.428571	-0.578772	0.734104)
(-43.232143	-0.621404	0.617049)
(-38.035714	-0.658928	0.501250)
(-32.839286	-0.695585	0.390522)
(-27.642857	-0.739075	0.288510)
(-22.446429	-0.804001	0.198572)
(-17.250000	-0.921550	0.123670)
(-16.375000	-0.893068	0.117942)
(-15.500000	-0.864586	0.112214)
(-14.625000	-0.836104	0.106486)
(-13.750000	-0.807621	0.100759)
(-12.875000	-0.779139	0.095031)
(-12.000000	-0.750657	0.089303)
(-11.125000	-0.722175	0.083575)
(-10.250000	-0.693693	0.077847)
(-9.375000	-0.665211	0.072119)
(-8.500000	-0.636729	0.066391)
(-7.625000	-0.608246	0.060664)
(-6.750000	-0.579764	0.054936)
(-5.000000	-0.522800	0.043480)
(-4.750000	-0.498200	0.042150)
(-4.500000	-0.475400	0.041110)
(-4.250000	-0.420700	0.040580)
(-4.000000	-0.377700	0.040010)
(-3.750000	-0.336900	0.039380)
(-3.500000	-0.297200	0.038580)
(-3.250000	-0.277600	0.039750)
(-3.000000	-0.271600	0.041850)
(-2.750000	-0.270700	0.043440)
(-2.500000	-0.269300	0.044810)
(-2.250000	-0.275200	0.045510)
(-2.000000	-0.319600	0.043340)
(-1.500000	-0.310500	0.045050)
(-1.250000	-0.305300	0.045640)
(-1.000000	-0.299200	0.046080)
(-0.750000	-0.294000	0.046410)
(-0.500000	-0.289800	0.046600)
(-0.250000	-0.284900	0.046690)
(0.000000	-0.277400	0.046760)
(0.250000	-0.269100	0.046710)
(0.500000	-0.256800	0.046740)
(0.750000	-0.242000	0.046810)
(1.000000	-0.224300	0.046990)
(1.250000	-0.203900	0.047250)
(1.500000	-0.166300	0.048460)
(1.750000	-0.120800	0.050000)
(2.000000	-0.087600	0.051000)
(2.250000	-0.051000	0.052660)
(2.500000	-0.013400	0.054490)
(2.750000	0.022500	0.056280)
(3.000000	0.060900	0.058380)
(3.250000	0.095600	0.060280)
(3.500000	0.135600	0.062720)
(3.750000	0.163600	0.064380)
(4.000000	0.198300	0.066610)
(4.250000	0.234600	0.069100)
(4.500000	0.260900	0.071010)
(4.750000	0.289100	0.073100)
(5.000000	0.320900	0.075550)
(5.250000	0.353400	0.078220)
(5.500000	0.370400	0.079870)
(5.750000	0.397000	0.082220)
(6.000000	0.425900	0.084880)
(6.250000	0.443000	0.086870)
(6.500000	0.464400	0.089130)
(6.750000	0.490600	0.091820)
(7.000000	0.505700	0.093940)
(7.250000	0.524800	0.096260)
(7.500000	0.550400	0.099140)
(7.750000	0.559700	0.101050)
(8.000000	0.581900	0.103760)
(8.250000	0.594500	0.106060)
(8.500000	0.613900	0.108680)
(8.750000	0.626300	0.111090)
(9.000000	0.646800	0.113860)
(9.250000	0.655800	0.116150)
(9.500000	0.677900	0.119200)
(9.750000	0.687500	0.121500)
(10.000000	0.698100	0.124070)
(10.250000	0.718200	0.127120)
(10.500000	0.729100	0.129630)
(10.750000	0.737000	0.132210)
(11.000000	0.752300	0.135170)
(11.250000	0.771400	0.138190)
(11.500000	0.774300	0.140590)
(11.750000	0.785200	0.143490)
(12.000000	0.801500	0.146470)
(12.250000	0.817100	0.149350)
(12.500000	0.818500	0.151910)
(12.750000	0.829800	0.154800)
(13.000000	0.841800	0.157570)
(13.250000	0.945000	0.144690)
(13.500000	0.955200	0.146550)
(13.750000	0.988500	0.145130)
(14.000000	0.995400	0.147230)
(14.250000	1.004200	0.149170)
(14.500000	1.014000	0.151010)
(14.750000	1.024600	0.152860)
(15.000000	1.037500	0.154360)
(15.250000	1.028700	0.160420)
(15.500000	1.043300	0.161890)
(15.750000	1.038600	0.167680)
(16.000000	1.038000	0.172740)
(16.250000	1.026500	0.180370)
(16.500000	1.029800	0.185000)
(16.750000	1.025200	0.191470)
(17.000000	1.025000	0.197370)
(17.250000	1.316500	0.123670)
(22.446429	1.148572	0.198572)
(27.642857	1.055821	0.288510)
(32.839286	0.993692	0.390522)
(38.035714	0.941326	0.501250)
(43.232143	0.887720	0.617049)
(48.428571	0.826818	0.734104)
(53.625000	0.755458	0.848560)
(58.821429	0.672399	0.956643)
(64.017857	0.577788	1.054789)
(69.214286	0.472843	1.139759)
(74.410714	0.359628	1.208744)
(79.607143	0.240869	1.259461)
(84.803571	0.119797	1.290223)
(90.000000	0.000000	1.300000)
(95.196429	-0.083858	1.290223)
(100.392857	-0.168609	1.259461)
(105.589286	-0.251740	1.208744)
(110.785714	-0.330990	1.139759)
(115.982143	-0.404451	1.054789)
(121.178571	-0.470679	0.956643)
(126.375000	-0.528821	0.848560)
(131.571429	-0.578772	0.734104)
(136.767857	-0.621404	0.617049)
(141.964286	-0.658928	0.501250)
(147.160714	-0.695585	0.390522)
(152.357143	-0.739075	0.288510)
(157.553571	-0.804001	0.198572)
(162.750000	-0.921550	0.123670)
(163.982143	-0.855725	0.108396)
(165.214286	-0.789900	0.094136)
(166.446429	-0.724075	0.080918)
(167.678571	-0.658250	0.068766)
(168.910714	-0.592425	0.057702)
(170.142857	-0.526600	0.047747)
(171.375000	-0.460775	0.038919)
(172.607143	-0.394950	0.031235)
(173.839286	-0.329125	0.024708)
(175.071429	-0.263300	0.019352)
(176.303571	-0.197475	0.015175)
(177.535714	-0.131650	0.012187)
(178.767857	-0.065825	0.010391)
(180.000000	0.000000	0.009793)
