// Re = 0.13
(-180.000000	0.000000	0.001000)
(-178.232143	0.064855	0.001000)
(-176.464286	0.129710	0.001000)
(-174.696429	0.194565	0.001000)
(-172.928571	0.259420	0.001000)
(-171.160714	0.324275	0.001000)
(-169.392857	0.389130	0.001000)
(-167.625000	0.453985	0.015126)
(-165.857143	0.518840	0.033355)
(-164.089286	0.583695	0.053805)
(-162.321429	0.648550	0.076400)
(-160.553571	0.713405	0.101054)
(-158.785714	0.778260	0.127674)
(-157.017857	0.843115	0.156162)
(-155.250000	0.907970	0.186410)
(-150.589286	0.830133	0.273731)
(-145.928571	0.771699	0.370203)
(-141.267857	0.721615	0.473315)
(-136.607143	0.673557	0.580389)
(-131.946429	0.623797	0.688644)
(-127.285714	0.570190	0.795275)
(-122.625000	0.511664	0.897522)
(-117.964286	0.447917	0.992745)
(-113.303571	0.379244	1.078492)
(-108.642857	0.306401	1.152566)
(-103.982143	0.230523	1.213078)
(-99.321429	0.153034	1.258502)
(-94.660714	0.075587	1.287708)
(-90.000000	0.000000	1.300000)
(-85.339286	-0.075587	1.287708)
(-80.678571	-0.153034	1.258502)
(-76.017857	-0.230523	1.213078)
(-71.357143	-0.306401	1.152566)
(-66.696429	-0.379244	1.078492)
(-62.035714	-0.447917	0.992745)
(-57.375000	-0.511664	0.897522)
(-52.714286	-0.570190	0.795275)
(-48.053571	-0.623797	0.688644)
(-43.392857	-0.673557	0.580389)
(-38.732143	-0.721615	0.473315)
(-34.071429	-0.771699	0.370203)
(-29.410714	-0.830133	0.273731)
(-24.750000	-0.907970	0.186410)
(-23.339286	-0.850194	0.174678)
(-21.928571	-0.792417	0.162946)
(-20.517857	-0.734641	0.151214)
(-19.107143	-0.676864	0.139481)
(-17.696429	-0.619088	0.127749)
(-16.285714	-0.561311	0.116017)
(-14.875000	-0.503535	0.104285)
(-13.464286	-0.445759	0.092553)
(-12.053571	-0.387982	0.080821)
(-10.642857	-0.330206	0.069089)
(-9.232143	-0.272429	0.057356)
(-7.821429	-0.214653	0.045624)
(-5.000000	-0.099100	0.022160)
(-4.750000	-0.065700	0.022430)
(-4.500000	-0.047600	0.023030)
(-4.250000	-0.013900	0.023380)
(-4.000000	0.001900	0.024140)
(-3.750000	0.035800	0.024480)
(-3.500000	0.050300	0.025020)
(-3.250000	0.085000	0.025070)
(-3.000000	0.098200	0.025550)
(-2.750000	0.132100	0.025770)
(-2.500000	0.143000	0.026360)
(-2.250000	0.178300	0.026290)
(-2.000000	0.187000	0.026900)
(-1.750000	0.223500	0.026610)
(-1.250000	0.268500	0.026830)
(-1.000000	0.277900	0.027220)
(-0.750000	0.313700	0.027000)
(-0.500000	0.320700	0.027530)
(-0.250000	0.360900	0.027080)
(0.000000	0.363600	0.027830)
(0.250000	0.404500	0.027360)
(0.500000	0.406300	0.028180)
(0.750000	0.447500	0.027710)
(1.250000	0.489400	0.028160)
(1.750000	0.504900	0.029710)
(2.250000	0.568900	0.029420)
(2.750000	0.552600	0.032470)
(3.000000	0.597100	0.031810)
(3.250000	0.643800	0.031140)
(3.750000	0.551100	0.040770)
(4.000000	0.665100	0.034240)
(4.250000	0.651300	0.036990)
(7.000000	0.713300	0.055430)
(7.500000	0.747500	0.056450)
(8.250000	0.790600	0.057890)
(8.500000	0.774000	0.062260)
(8.750000	0.822300	0.061220)
(9.250000	0.856000	0.064410)
(9.500000	0.903200	0.062840)
(12.250000	1.408100	0.038200)
(12.500000	1.431300	0.037820)
(12.750000	1.418100	0.040090)
(13.000000	1.445100	0.039400)
(13.250000	1.433300	0.041730)
(13.500000	1.433300	0.043260)
(13.750000	1.435700	0.044670)
(14.000000	1.435500	0.046410)
(14.250000	1.433500	0.048420)
(14.500000	1.432600	0.050420)
(14.750000	1.428900	0.052780)
(15.000000	1.422000	0.055600)
(15.250000	1.416700	0.058310)
(15.500000	1.408100	0.061550)
(15.750000	1.401400	0.064640)
(16.000000	1.394200	0.067890)
(16.250000	1.386700	0.071290)
(16.500000	1.380200	0.074670)
(16.750000	1.374700	0.077970)
(17.000000	1.370200	0.081210)
(17.250000	1.366100	0.084430)
(17.500000	1.361700	0.087770)
(17.750000	1.357300	0.091160)
(18.000000	1.353100	0.094550)
(18.250000	1.349100	0.097930)
(18.500000	1.345000	0.101350)
(18.750000	1.340800	0.104840)
(19.000000	1.336300	0.108380)
(19.250000	1.331900	0.111980)
(19.500000	1.328000	0.115470)
(19.750000	1.324700	0.118950)
(20.000000	1.322400	0.122250)
(20.250000	1.322400	0.125150)
(20.500000	1.325400	0.127530)
(20.750000	1.328200	0.130000)
(21.000000	1.335500	0.131670)
(21.250000	1.340500	0.133750)
(21.500000	1.347300	0.135510)
(21.750000	1.355000	0.137100)
(22.000000	1.363400	0.138580)
(22.250000	1.374100	0.139580)
(22.500000	1.375000	0.142450)
(22.750000	1.380200	0.144500)
(23.000000	1.385900	0.146440)
(23.250000	1.385000	0.149660)
(23.500000	1.379200	0.153720)
(23.750000	1.389000	0.154920)
(24.000000	1.372200	0.161180)
(24.250000	1.353500	0.167950)
(24.500000	1.329200	0.176120)
(24.750000	1.297100	0.186410)
(29.410714	1.185904	0.273731)
(34.071429	1.102427	0.370203)
(38.732143	1.030878	0.473315)
(43.392857	0.962225	0.580389)
(48.053571	0.891138	0.688644)
(52.714286	0.814558	0.795275)
(57.375000	0.730948	0.897522)
(62.035714	0.639882	0.992745)
(66.696429	0.541777	1.078492)
(71.357143	0.437716	1.152566)
(76.017857	0.329318	1.213078)
(80.678571	0.218620	1.258502)
(85.339286	0.107982	1.287708)
(90.000000	0.000000	1.300000)
(94.660714	-0.075587	1.287708)
(99.321429	-0.153034	1.258502)
(103.982143	-0.230523	1.213078)
(108.642857	-0.306401	1.152566)
(113.303571	-0.379244	1.078492)
(117.964286	-0.447917	0.992745)
(122.625000	-0.511664	0.897522)
(127.285714	-0.570190	0.795275)
(131.946429	-0.623797	0.688644)
(136.607143	-0.673557	0.580389)
(141.267857	-0.721615	0.473315)
(145.928571	-0.771699	0.370203)
(150.589286	-0.830133	0.273731)
(155.250000	-0.907970	0.186410)
(157.017857	-0.843115	0.156162)
(158.785714	-0.778260	0.127674)
(160.553571	-0.713405	0.101054)
(162.321429	-0.648550	0.076400)
(164.089286	-0.583695	0.053805)
(165.857143	-0.518840	0.033355)
(167.625000	-0.453985	0.015126)
(169.392857	-0.389130	0.001000)
(171.160714	-0.324275	0.001000)
(172.928571	-0.259420	0.001000)
(174.696429	-0.194565	0.001000)
(176.464286	-0.129710	0.001000)
(178.232143	-0.064855	0.001000)
(180.000000	0.000000	0.001000)
