// Re = 0.07
(-180.000000	0.000000	0.021227)
(-177.982143	0.063170	0.022826)
(-175.964286	0.126340	0.027614)
(-173.946429	0.189510	0.035567)
(-171.928571	0.252680	0.046646)
(-169.910714	0.315850	0.060795)
(-167.892857	0.379020	0.077944)
(-165.875000	0.442190	0.098007)
(-163.857143	0.505360	0.120884)
(-161.839286	0.568530	0.146461)
(-159.821429	0.631700	0.174610)
(-157.803571	0.694870	0.205190)
(-155.785714	0.758040	0.238050)
(-153.767857	0.821210	0.273025)
(-151.750000	0.884380	0.309940)
(-147.339286	0.817970	0.396478)
(-142.928571	0.762974	0.489331)
(-138.517857	0.712555	0.586286)
(-134.107143	0.662577	0.685029)
(-129.696429	0.610536	0.783206)
(-125.285714	0.555002	0.878473)
(-120.875000	0.495310	0.968551)
(-116.464286	0.431367	1.051286)
(-112.053571	0.363533	1.124696)
(-107.642857	0.292523	1.187017)
(-103.232143	0.219344	1.236747)
(-98.821429	0.145233	1.272682)
(-94.410714	0.071604	1.293944)
(-90.000000	0.000000	1.300000)
(-85.589286	-0.071604	1.293944)
(-81.178571	-0.145233	1.272682)
(-76.767857	-0.219344	1.236747)
(-72.357143	-0.292523	1.187017)
(-67.946429	-0.363533	1.124696)
(-63.535714	-0.431367	1.051286)
(-59.125000	-0.495310	0.968551)
(-54.714286	-0.555002	0.878473)
(-50.303571	-0.610536	0.783206)
(-45.892857	-0.662577	0.685029)
(-41.482143	-0.712555	0.586286)
(-37.071429	-0.762974	0.489331)
(-32.660714	-0.817970	0.396478)
(-28.250000	-0.884380	0.309940)
(-26.589286	-0.853210	0.292483)
(-24.928571	-0.822040	0.275026)
(-23.267857	-0.790870	0.257569)
(-21.607143	-0.759700	0.240111)
(-19.946429	-0.728530	0.222654)
(-18.285714	-0.697360	0.205197)
(-16.625000	-0.666190	0.187740)
(-14.964286	-0.635020	0.170283)
(-13.303571	-0.603850	0.152826)
(-11.642857	-0.572680	0.135369)
(-9.982143	-0.541510	0.117911)
(-8.321429	-0.510340	0.100454)
(-5.000000	-0.448000	0.065540)
(-4.750000	-0.455800	0.066480)
(-4.500000	-0.453500	0.067760)
(-4.250000	-0.449600	0.069010)
(-4.000000	-0.446400	0.070190)
(-3.000000	-0.522600	0.070720)
(-2.750000	-0.503500	0.072170)
(-2.500000	-0.486600	0.073040)
(-2.000000	-0.459100	0.073290)
(-1.750000	-0.437200	0.074290)
(-1.500000	-0.427400	0.074270)
(-1.250000	-0.413700	0.074530)
(-1.000000	-0.388900	0.075420)
(-0.750000	-0.378000	0.075190)
(-0.500000	-0.362900	0.075280)
(0.000000	-0.327900	0.076110)
(0.250000	-0.312700	0.076270)
(0.500000	-0.282000	0.077120)
(0.750000	-0.266800	0.077020)
(1.000000	-0.253800	0.077360)
(1.250000	-0.221000	0.078390)
(1.500000	-0.206800	0.078490)
(1.750000	-0.190900	0.078950)
(2.000000	-0.155000	0.080260)
(2.250000	-0.144600	0.080470)
(2.500000	-0.124600	0.081160)
(2.750000	-0.092400	0.082640)
(3.000000	-0.078800	0.083050)
(3.250000	-0.060300	0.083880)
(3.500000	-0.034800	0.085230)
(3.750000	-0.010500	0.086290)
(4.000000	0.001000	0.087020)
(4.250000	0.024500	0.088380)
(4.500000	0.050700	0.089820)
(4.750000	0.064600	0.090740)
(5.000000	0.083600	0.092080)
(5.250000	0.113100	0.093910)
(5.500000	0.127400	0.094950)
(5.750000	0.141100	0.096160)
(6.000000	0.158900	0.097640)
(6.250000	0.187700	0.099560)
(6.500000	0.199400	0.100720)
(6.750000	0.212500	0.102090)
(7.000000	0.231900	0.103850)
(7.250000	0.258900	0.105850)
(7.500000	0.268700	0.107070)
(7.750000	0.281000	0.108570)
(8.000000	0.297100	0.110310)
(8.250000	0.324500	0.112470)
(8.500000	0.335200	0.113880)
(8.750000	0.346700	0.115470)
(9.000000	0.359300	0.117160)
(9.250000	0.375500	0.119000)
(9.500000	0.397000	0.120910)
(9.750000	0.406200	0.122390)
(10.000000	0.414700	0.123870)
(10.250000	0.425300	0.125500)
(10.500000	0.438700	0.127140)
(10.750000	0.456100	0.128640)
(11.000000	0.466100	0.129780)
(11.250000	0.484500	0.131470)
(11.500000	0.506200	0.134190)
(11.750000	0.527900	0.136960)
(12.000000	0.549700	0.139750)
(12.250000	0.571400	0.142550)
(12.500000	0.592900	0.145360)
(12.750000	0.614200	0.148160)
(13.000000	0.635300	0.150960)
(13.250000	0.656200	0.153760)
(13.500000	0.677000	0.156550)
(13.750000	0.697600	0.159370)
(14.000000	0.718100	0.162200)
(14.250000	0.737100	0.165000)
(14.500000	0.750000	0.167620)
(14.750000	0.763100	0.170240)
(15.000000	0.776500	0.172850)
(15.250000	0.790000	0.175470)
(15.500000	0.803700	0.178110)
(15.750000	0.817700	0.180790)
(16.000000	0.831900	0.183470)
(16.250000	0.846400	0.186150)
(16.500000	0.860800	0.188790)
(16.750000	0.875100	0.191430)
(17.000000	0.883300	0.193890)
(17.250000	0.891400	0.196400)
(17.500000	0.900100	0.199020)
(17.750000	0.909600	0.201650)
(18.000000	0.919800	0.204300)
(18.250000	0.931000	0.206960)
(18.500000	0.943200	0.209610)
(18.750000	0.956500	0.212330)
(19.000000	0.969800	0.214980)
(19.250000	0.981000	0.217560)
(19.500000	0.987000	0.219960)
(19.750000	0.993900	0.222520)
(20.000000	1.001600	0.225120)
(20.250000	1.010000	0.227790)
(20.500000	1.019300	0.230450)
(20.750000	1.029600	0.233130)
(21.000000	1.040700	0.235800)
(21.250000	1.052000	0.238480)
(21.500000	1.062600	0.241110)
(21.750000	1.071900	0.243770)
(22.000000	1.079600	0.246190)
(22.250000	1.085500	0.248630)
(22.500000	1.091500	0.251040)
(22.750000	1.100400	0.253480)
(23.000000	1.112000	0.255970)
(23.250000	1.125100	0.258710)
(23.500000	1.133700	0.261460)
(23.750000	1.140900	0.264110)
(24.000000	1.144300	0.266660)
(24.250000	1.148600	0.269430)
(24.500000	1.155500	0.272250)
(24.750000	1.168200	0.275100)
(25.000000	1.172400	0.277480)
(25.250000	1.177400	0.280270)
(25.750000	1.192300	0.285360)
(26.000000	1.202200	0.288070)
(26.250000	1.207800	0.290430)
(26.500000	1.214300	0.293040)
(26.750000	1.222700	0.295400)
(27.000000	1.227700	0.297910)
(27.250000	1.236900	0.300290)
(27.500000	1.241500	0.302720)
(27.750000	1.250500	0.305050)
(28.000000	1.255200	0.307420)
(28.250000	1.263400	0.309940)
(32.660714	1.168528	0.396478)
(37.071429	1.089963	0.489331)
(41.482143	1.017936	0.586286)
(45.892857	0.946539	0.685029)
(50.303571	0.872195	0.783206)
(54.714286	0.792860	0.878473)
(59.125000	0.707585	0.968551)
(63.535714	0.616239	1.051286)
(67.946429	0.519333	1.124696)
(72.357143	0.417890	1.187017)
(76.767857	0.313349	1.236747)
(81.178571	0.207476	1.272682)
(85.589286	0.102291	1.293944)
(90.000000	0.000000	1.300000)
(94.410714	-0.071604	1.293944)
(98.821429	-0.145233	1.272682)
(103.232143	-0.219344	1.236747)
(107.642857	-0.292523	1.187017)
(112.053571	-0.363533	1.124696)
(116.464286	-0.431367	1.051286)
(120.875000	-0.495310	0.968551)
(125.285714	-0.555002	0.878473)
(129.696429	-0.610536	0.783206)
(134.107143	-0.662577	0.685029)
(138.517857	-0.712555	0.586286)
(142.928571	-0.762974	0.489331)
(147.339286	-0.817970	0.396478)
(151.750000	-0.884380	0.309940)
(153.767857	-0.821210	0.273025)
(155.785714	-0.758040	0.238050)
(157.803571	-0.694870	0.205190)
(159.821429	-0.631700	0.174610)
(161.839286	-0.568530	0.146461)
(163.857143	-0.505360	0.120884)
(165.875000	-0.442190	0.098007)
(167.892857	-0.379020	0.077944)
(169.910714	-0.315850	0.060795)
(171.928571	-0.252680	0.046646)
(173.946429	-0.189510	0.035567)
(175.964286	-0.126340	0.027614)
(177.982143	-0.063170	0.022826)
(180.000000	0.000000	0.021227)
