// Re = 0.08
(-180.000000	0.000000	0.001000)
(-178.642857	0.062310	0.001656)
(-177.285714	0.124620	0.003842)
(-175.928571	0.186930	0.007478)
(-174.571429	0.249240	0.012558)
(-173.214286	0.311550	0.019070)
(-171.857143	0.373860	0.026999)
(-170.500000	0.436170	0.036328)
(-169.142857	0.498480	0.047035)
(-167.785714	0.560790	0.059096)
(-166.428571	0.623100	0.072485)
(-165.071429	0.685410	0.087171)
(-163.714286	0.747720	0.103122)
(-162.357143	0.810030	0.120301)
(-161.000000	0.872340	0.138670)
(-155.928571	0.779678	0.217118)
(-150.857143	0.724888	0.309116)
(-145.785714	0.685414	0.411787)
(-140.714286	0.650024	0.521923)
(-135.642857	0.612585	0.636078)
(-130.571429	0.569677	0.750685)
(-125.500000	0.519542	0.862158)
(-120.428571	0.461557	0.967012)
(-115.357143	0.395941	1.061969)
(-110.285714	0.323568	1.144059)
(-105.214286	0.245833	1.210713)
(-100.142857	0.164544	1.259847)
(-95.071429	0.081819	1.289924)
(-90.000000	0.000000	1.300000)
(-84.928571	-0.081819	1.289924)
(-79.857143	-0.164544	1.259847)
(-74.785714	-0.245833	1.210713)
(-69.714286	-0.323568	1.144059)
(-64.642857	-0.395941	1.061969)
(-59.571429	-0.461557	0.967012)
(-54.500000	-0.519542	0.862158)
(-49.428571	-0.569677	0.750685)
(-44.357143	-0.612585	0.636078)
(-39.285714	-0.650024	0.521923)
(-34.214286	-0.685414	0.411787)
(-29.142857	-0.724888	0.309116)
(-24.071429	-0.779678	0.217118)
(-19.000000	-0.872340	0.138670)
(-18.000000	-0.831373	0.131386)
(-17.000000	-0.790406	0.124103)
(-16.000000	-0.749439	0.116819)
(-15.000000	-0.708471	0.109536)
(-14.000000	-0.667504	0.102252)
(-13.000000	-0.626537	0.094969)
(-12.000000	-0.585570	0.087685)
(-11.000000	-0.544603	0.080401)
(-10.000000	-0.503636	0.073118)
(-9.000000	-0.462669	0.065834)
(-8.000000	-0.421701	0.058551)
(-7.000000	-0.380734	0.051267)
(-5.000000	-0.298800	0.036700)
(-4.750000	-0.269400	0.035770)
(-4.500000	-0.236800	0.034920)
(-4.250000	-0.205700	0.034180)
(-4.000000	-0.181600	0.033650)
(-3.750000	-0.154900	0.033100)
(-3.500000	-0.117200	0.032060)
(-3.250000	-0.088000	0.030370)
(-3.000000	-0.068600	0.031460)
(-2.750000	-0.047700	0.032480)
(-2.500000	-0.029700	0.033420)
(-2.250000	-0.021000	0.034400)
(-2.000000	-0.010500	0.035330)
(-1.750000	0.007000	0.036080)
(-1.500000	0.014800	0.036770)
(-1.250000	0.026200	0.037370)
(-1.000000	0.045700	0.037770)
(-0.750000	0.054300	0.038280)
(-0.500000	0.062300	0.038780)
(-0.250000	0.086800	0.038930)
(0.000000	0.095300	0.039450)
(0.250000	0.110100	0.039870)
(0.500000	0.136800	0.040010)
(0.750000	0.146100	0.040600)
(1.000000	0.164200	0.040970)
(1.250000	0.185800	0.041310)
(1.500000	0.196800	0.041950)
(1.750000	0.223000	0.042110)
(2.000000	0.230100	0.042780)
(2.250000	0.243400	0.043370)
(2.500000	0.276600	0.043630)
(2.750000	0.302800	0.044690)
(3.000000	0.330800	0.045690)
(3.250000	0.377700	0.046280)
(3.500000	0.398500	0.047780)
(3.750000	0.425200	0.049130)
(4.000000	0.462300	0.050080)
(4.250000	0.493300	0.051250)
(4.500000	0.513500	0.052840)
(4.750000	0.537100	0.054270)
(5.000000	0.566500	0.055380)
(5.250000	0.600000	0.056220)
(5.500000	0.616500	0.057820)
(5.750000	0.634400	0.059330)
(6.250000	0.672700	0.062080)
(6.500000	0.692200	0.063400)
(6.750000	0.711700	0.064680)
(7.000000	0.730900	0.065950)
(7.250000	0.750000	0.067190)
(7.500000	0.769400	0.068390)
(7.750000	0.789500	0.069480)
(8.000000	0.810700	0.070430)
(8.250000	0.833700	0.071180)
(8.500000	0.859000	0.071640)
(8.750000	0.872300	0.072950)
(9.250000	0.915400	0.073900)
(9.500000	0.947400	0.073190)
(9.750000	0.960200	0.074210)
(10.000000	0.987200	0.073680)
(11.000000	1.313100	0.043270)
(11.250000	1.343500	0.041360)
(11.500000	1.367700	0.040020)
(11.750000	1.371400	0.040520)
(12.000000	1.369200	0.041690)
(12.250000	1.365300	0.043210)
(12.500000	1.359400	0.045110)
(12.750000	1.350000	0.047620)
(13.000000	1.340300	0.050410)
(13.250000	1.330900	0.053400)
(13.500000	1.323300	0.056380)
(13.750000	1.316500	0.059440)
(14.000000	1.311800	0.062390)
(14.250000	1.309700	0.065140)
(14.500000	1.309900	0.067720)
(14.750000	1.311300	0.070260)
(15.000000	1.313700	0.072790)
(15.250000	1.318100	0.075180)
(15.500000	1.326500	0.077260)
(15.750000	1.337400	0.079210)
(16.000000	1.349000	0.081220)
(16.250000	1.364600	0.082990)
(16.500000	1.371000	0.085720)
(16.750000	1.377600	0.088530)
(17.000000	1.382900	0.091470)
(17.250000	1.390900	0.094210)
(17.500000	1.373900	0.099240)
(17.750000	1.358200	0.104330)
(18.000000	1.342000	0.109690)
(18.250000	1.322500	0.115670)
(18.500000	1.296700	0.122840)
(18.750000	1.270400	0.130640)
(19.000000	1.246200	0.138670)
(24.071429	1.113825	0.217118)
(29.142857	1.035554	0.309116)
(34.214286	0.979163	0.411787)
(39.285714	0.928606	0.521923)
(44.357143	0.875121	0.636078)
(49.428571	0.813824	0.750685)
(54.500000	0.742203	0.862158)
(59.571429	0.659367	0.967012)
(64.642857	0.565629	1.061969)
(69.714286	0.462239	1.144059)
(74.785714	0.351190	1.210713)
(79.857143	0.235063	1.259847)
(84.928571	0.116884	1.289924)
(90.000000	0.000000	1.300000)
(95.071429	-0.081819	1.289924)
(100.142857	-0.164544	1.259847)
(105.214286	-0.245833	1.210713)
(110.285714	-0.323568	1.144059)
(115.357143	-0.395941	1.061969)
(120.428571	-0.461557	0.967012)
(125.500000	-0.519542	0.862158)
(130.571429	-0.569677	0.750685)
(135.642857	-0.612585	0.636078)
(140.714286	-0.650024	0.521923)
(145.785714	-0.685414	0.411787)
(150.857143	-0.724888	0.309116)
(155.928571	-0.779678	0.217118)
(161.000000	-0.872340	0.138670)
(162.357143	-0.810030	0.120301)
(163.714286	-0.747720	0.103122)
(165.071429	-0.685410	0.087171)
(166.428571	-0.623100	0.072485)
(167.785714	-0.560790	0.059096)
(169.142857	-0.498480	0.047035)
(170.500000	-0.436170	0.036328)
(171.857143	-0.373860	0.026999)
(173.214286	-0.311550	0.019070)
(174.571429	-0.249240	0.012558)
(175.928571	-0.186930	0.007478)
(177.285714	-0.124620	0.003842)
(178.642857	-0.062310	0.001656)
(180.000000	0.000000	0.001000)
