// Re = 0.13
(-180.000000	0.000000	0.001000)
(-178.517857	0.062575	0.001000)
(-177.035714	0.125150	0.001331)
(-175.553571	0.187725	0.005672)
(-174.071429	0.250300	0.011732)
(-172.589286	0.312875	0.019497)
(-171.107143	0.375450	0.028944)
(-169.625000	0.438025	0.040049)
(-168.142857	0.500600	0.052782)
(-166.660714	0.563175	0.067109)
(-165.178571	0.625750	0.082992)
(-163.696429	0.688325	0.100388)
(-162.214286	0.750900	0.119250)
(-160.732143	0.813475	0.139529)
(-159.250000	0.876050	0.161170)
(-154.303571	0.791472	0.242479)
(-149.357143	0.737115	0.335864)
(-144.410714	0.695185	0.438550)
(-139.464286	0.656364	0.547485)
(-134.517857	0.615421	0.659433)
(-129.571429	0.569407	0.771066)
(-124.625000	0.516816	0.879069)
(-119.678571	0.457149	0.980232)
(-114.732143	0.390661	1.071551)
(-109.785714	0.318199	1.150313)
(-104.839286	0.241081	1.214181)
(-99.892857	0.160994	1.261258)
(-94.946429	0.079909	1.290150)
(-90.000000	0.000000	1.300000)
(-85.053571	-0.079909	1.290150)
(-80.107143	-0.160994	1.261258)
(-75.160714	-0.241081	1.214181)
(-70.214286	-0.318199	1.150313)
(-65.267857	-0.390661	1.071551)
(-60.321429	-0.457149	0.980232)
(-55.375000	-0.516816	0.879069)
(-50.428571	-0.569407	0.771066)
(-45.482143	-0.615421	0.659433)
(-40.535714	-0.656364	0.547485)
(-35.589286	-0.695185	0.438550)
(-30.642857	-0.737115	0.335864)
(-25.696429	-0.791472	0.242479)
(-20.750000	-0.876050	0.161170)
(-19.625000	-0.819475	0.151361)
(-18.500000	-0.762900	0.141551)
(-17.375000	-0.706325	0.131742)
(-16.250000	-0.649750	0.121933)
(-15.125000	-0.593175	0.112124)
(-14.000000	-0.536600	0.102314)
(-12.875000	-0.480025	0.092505)
(-11.750000	-0.423450	0.082696)
(-10.625000	-0.366875	0.072886)
(-9.500000	-0.310300	0.063077)
(-8.375000	-0.253725	0.053268)
(-7.250000	-0.197150	0.043459)
(-5.000000	-0.084000	0.023840)
(-4.500000	-0.023000	0.022230)
(-4.250000	-0.000400	0.021530)
(-4.000000	0.037400	0.019120)
(-3.750000	0.059800	0.019260)
(-3.500000	0.085600	0.019570)
(-3.250000	0.119100	0.019740)
(-3.000000	0.140000	0.020170)
(-2.750000	0.173500	0.020380)
(-2.500000	0.190500	0.020920)
(-2.250000	0.211500	0.021300)
(-2.000000	0.242100	0.021340)
(-1.750000	0.260800	0.021660)
(-1.500000	0.294000	0.021600)
(-1.250000	0.309400	0.021970)
(-1.000000	0.329800	0.022180)
(-0.750000	0.361000	0.022050)
(-0.500000	0.380700	0.022250)
(-0.250000	0.415800	0.021990)
(0.000000	0.434400	0.022230)
(0.250000	0.471400	0.021930)
(0.500000	0.487200	0.022240)
(0.750000	0.507500	0.022440)
(1.000000	0.539700	0.022250)
(1.250000	0.557500	0.022550)
(1.500000	0.592500	0.022270)
(1.750000	0.608500	0.022640)
(2.000000	0.643400	0.022370)
(2.250000	0.659100	0.022730)
(2.500000	0.676500	0.023060)
(2.750000	0.709300	0.022820)
(3.000000	0.724400	0.023260)
(3.250000	0.757800	0.022910)
(3.500000	0.768400	0.023400)
(4.000000	0.812900	0.023490)
(4.500000	0.854400	0.023490)
(4.750000	0.860300	0.023980)
(5.250000	0.935300	0.023820)
(5.500000	0.962200	0.024400)
(6.000000	1.042600	0.024240)
(6.250000	1.070600	0.024600)
(6.500000	1.100600	0.024830)
(6.750000	1.148000	0.024290)
(7.000000	1.172800	0.024600)
(7.250000	1.202200	0.024550)
(7.500000	1.235600	0.024150)
(7.750000	1.267600	0.023810)
(8.000000	1.297300	0.023620)
(8.250000	1.318800	0.023620)
(8.500000	1.339300	0.023520)
(8.750000	1.368100	0.023110)
(9.000000	1.381300	0.023280)
(9.250000	1.401300	0.023220)
(9.500000	1.411000	0.023410)
(9.750000	1.425700	0.023470)
(10.000000	1.432100	0.023830)
(10.250000	1.437600	0.024280)
(10.500000	1.441100	0.024880)
(10.750000	1.440100	0.025770)
(11.000000	1.437300	0.026890)
(11.250000	1.431500	0.028380)
(11.500000	1.422900	0.030280)
(11.750000	1.411700	0.032600)
(12.000000	1.398500	0.035320)
(12.250000	1.384700	0.038330)
(12.500000	1.371700	0.041500)
(12.750000	1.360100	0.044750)
(13.000000	1.350000	0.048020)
(13.250000	1.341300	0.051300)
(13.500000	1.333900	0.054540)
(13.750000	1.327400	0.057780)
(14.000000	1.322400	0.060970)
(14.250000	1.317800	0.064170)
(14.500000	1.313300	0.067420)
(14.750000	1.309300	0.070700)
(15.000000	1.305600	0.073960)
(15.250000	1.303500	0.077010)
(15.500000	1.303500	0.079820)
(15.750000	1.306400	0.082240)
(16.000000	1.312000	0.084310)
(16.250000	1.320700	0.085940)
(16.500000	1.328800	0.087760)
(16.750000	1.340100	0.089150)
(17.000000	1.351900	0.090520)
(17.250000	1.362200	0.092180)
(17.500000	1.370000	0.094260)
(17.750000	1.378700	0.096230)
(18.000000	1.391500	0.097660)
(18.250000	1.386700	0.101550)
(18.500000	1.400900	0.102850)
(18.750000	1.389800	0.107620)
(19.000000	1.379600	0.112370)
(19.250000	1.370000	0.117110)
(19.500000	1.362100	0.121660)
(19.750000	1.363400	0.124780)
(20.000000	1.346100	0.131040)
(20.250000	1.302600	0.142650)
(20.500000	1.274200	0.152200)
(20.750000	1.251500	0.161170)
(25.696429	1.130675	0.242479)
(30.642857	1.053022	0.335864)
(35.589286	0.993121	0.438550)
(40.535714	0.937662	0.547485)
(45.482143	0.879173	0.659433)
(50.428571	0.813439	0.771066)
(55.375000	0.738309	0.879069)
(60.321429	0.653069	0.980232)
(65.267857	0.558087	1.071551)
(70.214286	0.454571	1.150313)
(75.160714	0.344402	1.214181)
(80.107143	0.229991	1.261258)
(85.053571	0.114156	1.290150)
(90.000000	0.000000	1.300000)
(94.946429	-0.079909	1.290150)
(99.892857	-0.160994	1.261258)
(104.839286	-0.241081	1.214181)
(109.785714	-0.318199	1.150313)
(114.732143	-0.390661	1.071551)
(119.678571	-0.457149	0.980232)
(124.625000	-0.516816	0.879069)
(129.571429	-0.569407	0.771066)
(134.517857	-0.615421	0.659433)
(139.464286	-0.656364	0.547485)
(144.410714	-0.695185	0.438550)
(149.357143	-0.737115	0.335864)
(154.303571	-0.791472	0.242479)
(159.250000	-0.876050	0.161170)
(160.732143	-0.813475	0.139529)
(162.214286	-0.750900	0.119250)
(163.696429	-0.688325	0.100388)
(165.178571	-0.625750	0.082992)
(166.660714	-0.563175	0.067109)
(168.142857	-0.500600	0.052782)
(169.625000	-0.438025	0.040049)
(171.107143	-0.375450	0.028944)
(172.589286	-0.312875	0.019497)
(174.071429	-0.250300	0.011732)
(175.553571	-0.187725	0.005672)
(177.035714	-0.125150	0.001331)
(178.517857	-0.062575	0.001000)
(180.000000	0.000000	0.001000)
