// Re = 0.1
(-180.000000	0.000000	0.001000)
(-178.267857	0.068940	0.001000)
(-176.535714	0.137880	0.001000)
(-174.803571	0.206820	0.001000)
(-173.071429	0.275760	0.001000)
(-171.339286	0.344700	0.004933)
(-169.607143	0.413640	0.017885)
(-167.875000	0.482580	0.033081)
(-166.142857	0.551520	0.050464)
(-164.410714	0.620460	0.069973)
(-162.678571	0.689400	0.091536)
(-160.946429	0.758340	0.115075)
(-159.214286	0.827280	0.140504)
(-157.482143	0.896220	0.167732)
(-155.750000	0.965160	0.196660)
(-151.053571	0.873483	0.282796)
(-146.357143	0.805624	0.378342)
(-141.660714	0.748701	0.480757)
(-136.964286	0.695427	0.587319)
(-132.267857	0.641518	0.695197)
(-127.571429	0.584495	0.801528)
(-122.875000	0.523075	0.903491)
(-118.178571	0.456830	0.998385)
(-113.482143	0.385974	1.083702)
(-108.785714	0.311227	1.157191)
(-104.089286	0.233708	1.216918)
(-99.392857	0.154852	1.261322)
(-94.696429	0.076332	1.289252)
(-90.000000	0.000000	1.300000)
(-85.303571	-0.076332	1.289252)
(-80.607143	-0.154852	1.261322)
(-75.910714	-0.233708	1.216918)
(-71.214286	-0.311227	1.157191)
(-66.517857	-0.385974	1.083702)
(-61.821429	-0.456830	0.998385)
(-57.125000	-0.523075	0.903491)
(-52.428571	-0.584495	0.801528)
(-47.732143	-0.641518	0.695197)
(-43.035714	-0.695427	0.587319)
(-38.339286	-0.748701	0.480757)
(-33.642857	-0.805624	0.378342)
(-28.946429	-0.873483	0.282796)
(-24.250000	-0.965160	0.196660)
(-22.875000	-0.908406	0.184981)
(-21.500000	-0.851651	0.173301)
(-20.125000	-0.794897	0.161622)
(-18.750000	-0.738143	0.149943)
(-17.375000	-0.681389	0.138264)
(-16.000000	-0.624634	0.126584)
(-14.625000	-0.567880	0.114905)
(-13.250000	-0.511126	0.103226)
(-11.875000	-0.454371	0.091546)
(-10.500000	-0.397617	0.079867)
(-9.125000	-0.340863	0.068188)
(-7.750000	-0.284109	0.056509)
(-5.000000	-0.170600	0.033150)
(-4.750000	-0.137900	0.034190)
(-4.500000	-0.131200	0.035330)
(-4.250000	-0.095300	0.035870)
(-4.000000	-0.092800	0.036960)
(-3.750000	-0.064900	0.037500)
(-3.500000	-0.056200	0.038280)
(-3.250000	-0.019400	0.038610)
(-3.000000	-0.023700	0.039670)
(-2.000000	0.027600	0.042450)
(-1.250000	0.060300	0.044490)
(-0.750000	0.092300	0.045790)
(-0.500000	0.103300	0.046960)
(-0.250000	0.125000	0.047240)
(0.000000	0.132900	0.048610)
(0.250000	0.160700	0.048790)
(0.500000	0.165100	0.050300)
(0.750000	0.201000	0.050400)
(1.000000	0.201000	0.052040)
(1.250000	0.236700	0.052260)
(1.500000	0.237900	0.053910)
(1.750000	0.271600	0.054300)
(2.000000	0.274600	0.055950)
(2.250000	0.305800	0.056540)
(2.500000	0.310200	0.058180)
(2.750000	0.339500	0.058900)
(3.000000	0.344200	0.060620)
(3.250000	0.372900	0.061350)
(3.500000	0.376800	0.063240)
(3.750000	0.405800	0.063890)
(4.000000	0.408700	0.066020)
(4.250000	0.440000	0.066400)
(4.500000	0.442000	0.068910)
(4.750000	0.478400	0.068750)
(5.000000	0.472700	0.071670)
(5.250000	0.492100	0.072890)
(5.500000	0.507600	0.074160)
(5.750000	0.434200	0.084690)
(6.000000	0.451500	0.086510)
(6.250000	0.467800	0.088580)
(6.500000	0.556600	0.080790)
(6.750000	0.594800	0.080520)
(7.000000	0.592300	0.083200)
(7.250000	0.599400	0.085190)
(7.500000	0.616200	0.086380)
(7.750000	0.646500	0.086520)
(8.000000	0.651000	0.088650)
(8.250000	0.658000	0.090410)
(8.500000	0.668400	0.091850)
(9.000000	0.713400	0.092260)
(9.250000	0.716900	0.093660)
(9.500000	0.720300	0.094810)
(9.750000	0.733000	0.095790)
(10.000000	0.758800	0.097350)
(10.250000	0.784100	0.098820)
(10.500000	0.809000	0.100240)
(10.750000	0.833400	0.101560)
(11.000000	0.857200	0.102790)
(11.750000	0.925000	0.105890)
(12.000000	0.946500	0.106720)
(12.250000	0.967500	0.107450)
(12.500000	0.968700	0.110480)
(12.750000	1.008800	0.108570)
(13.000000	1.005900	0.112070)
(13.250000	1.049800	0.109230)
(13.750000	1.065600	0.113080)
(14.000000	1.112000	0.109270)
(15.250000	1.407500	0.079750)
(15.500000	1.445900	0.077220)
(15.750000	1.477100	0.075670)
(16.000000	1.489900	0.076480)
(16.250000	1.494600	0.078300)
(16.500000	1.495400	0.080660)
(16.750000	1.494200	0.083330)
(17.000000	1.492100	0.086160)
(17.250000	1.490100	0.089050)
(17.500000	1.489000	0.091860)
(17.750000	1.482400	0.095530)
(18.000000	1.478800	0.098850)
(18.250000	1.478500	0.101690)
(18.500000	1.478300	0.104550)
(18.750000	1.472900	0.108250)
(19.000000	1.470800	0.111450)
(19.250000	1.470000	0.114460)
(19.500000	1.466000	0.118040)
(19.750000	1.460900	0.121830)
(20.000000	1.457000	0.125460)
(20.250000	1.453600	0.129010)
(20.500000	1.450900	0.132450)
(20.750000	1.449400	0.135720)
(21.000000	1.449700	0.138700)
(21.250000	1.453700	0.141010)
(21.500000	1.454500	0.143960)
(21.750000	1.462200	0.145600)
(22.000000	1.463900	0.148470)
(22.250000	1.467400	0.150950)
(22.500000	1.471600	0.153320)
(22.750000	1.477900	0.155280)
(23.000000	1.474300	0.159180)
(23.250000	1.469800	0.163320)
(23.500000	1.481000	0.164310)
(23.750000	1.456600	0.172480)
(24.000000	1.426300	0.182240)
(24.250000	1.378800	0.196660)
(28.946429	1.247833	0.282796)
(33.642857	1.150891	0.378342)
(38.339286	1.069573	0.480757)
(43.035714	0.993467	0.587319)
(47.732143	0.916454	0.695197)
(52.428571	0.834992	0.801528)
(57.125000	0.747250	0.903491)
(61.821429	0.652614	0.998385)
(66.517857	0.551391	1.083702)
(71.214286	0.444610	1.157191)
(75.910714	0.333869	1.216918)
(80.607143	0.221217	1.261322)
(85.303571	0.109046	1.289252)
(90.000000	0.000000	1.300000)
(94.696429	-0.076332	1.289252)
(99.392857	-0.154852	1.261322)
(104.089286	-0.233708	1.216918)
(108.785714	-0.311227	1.157191)
(113.482143	-0.385974	1.083702)
(118.178571	-0.456830	0.998385)
(122.875000	-0.523075	0.903491)
(127.571429	-0.584495	0.801528)
(132.267857	-0.641518	0.695197)
(136.964286	-0.695427	0.587319)
(141.660714	-0.748701	0.480757)
(146.357143	-0.805624	0.378342)
(151.053571	-0.873483	0.282796)
(155.750000	-0.965160	0.196660)
(157.482143	-0.896220	0.167732)
(159.214286	-0.827280	0.140504)
(160.946429	-0.758340	0.115075)
(162.678571	-0.689400	0.091536)
(164.410714	-0.620460	0.069973)
(166.142857	-0.551520	0.050464)
(167.875000	-0.482580	0.033081)
(169.607143	-0.413640	0.017885)
(171.339286	-0.344700	0.004933)
(173.071429	-0.275760	0.001000)
(174.803571	-0.206820	0.001000)
(176.535714	-0.137880	0.001000)
(178.267857	-0.068940	0.001000)
(180.000000	0.000000	0.001000)
