// Re = 0.23
(-180.000000	0.000000	0.001000)
(-178.375000	0.066080	0.001000)
(-176.750000	0.132160	0.001000)
(-175.125000	0.198240	0.001000)
(-173.500000	0.264320	0.001000)
(-171.875000	0.330400	0.005734)
(-170.250000	0.396480	0.017139)
(-168.625000	0.462560	0.030532)
(-167.000000	0.528640	0.045869)
(-165.375000	0.594720	0.063101)
(-163.750000	0.660800	0.082173)
(-162.125000	0.726880	0.103024)
(-160.500000	0.792960	0.125588)
(-158.875000	0.859040	0.149793)
(-157.250000	0.925120	0.175560)
(-152.446429	0.837251	0.260051)
(-147.642857	0.775519	0.355098)
(-142.839286	0.725212	0.458055)
(-138.035714	0.678255	0.566053)
(-133.232143	0.629991	0.676086)
(-128.428571	0.577753	0.785093)
(-123.625000	0.520172	0.890044)
(-118.821429	0.456793	0.988023)
(-114.017857	0.387852	1.076315)
(-109.214286	0.314123	1.152473)
(-104.410714	0.236811	1.214395)
(-99.607143	0.157456	1.260380)
(-94.803571	0.077858	1.289172)
(-90.000000	0.000000	1.300000)
(-85.196429	-0.077858	1.289172)
(-80.392857	-0.157456	1.260380)
(-75.589286	-0.236811	1.214395)
(-70.785714	-0.314123	1.152473)
(-65.982143	-0.387852	1.076315)
(-61.178571	-0.456793	0.988023)
(-56.375000	-0.520172	0.890044)
(-51.571429	-0.577753	0.785093)
(-46.767857	-0.629991	0.676086)
(-41.964286	-0.678255	0.566053)
(-37.160714	-0.725212	0.458055)
(-32.357143	-0.775519	0.355098)
(-27.553571	-0.837251	0.260051)
(-22.750000	-0.925120	0.175560)
(-21.482143	-0.857154	0.164110)
(-20.214286	-0.789189	0.152660)
(-18.946429	-0.721223	0.141210)
(-17.678571	-0.653257	0.129760)
(-16.410714	-0.585291	0.118310)
(-15.142857	-0.517326	0.106860)
(-13.875000	-0.449360	0.095410)
(-12.607143	-0.381394	0.083960)
(-11.339286	-0.313429	0.072510)
(-10.071429	-0.245463	0.061060)
(-8.803571	-0.177497	0.049610)
(-7.535714	-0.109531	0.038160)
(-5.000000	0.026400	0.015260)
(-4.750000	0.051900	0.014730)
(-4.500000	0.076300	0.014080)
(-4.250000	0.101600	0.012890)
(-4.000000	0.127700	0.012130)
(-3.750000	0.153800	0.012060)
(-3.500000	0.183000	0.012080)
(-3.250000	0.210000	0.012150)
(-3.000000	0.236700	0.012260)
(-2.750000	0.266400	0.012350)
(-2.500000	0.291200	0.012540)
(-2.250000	0.318400	0.012700)
(-2.000000	0.346300	0.012770)
(-1.750000	0.372000	0.012860)
(-1.500000	0.400700	0.012940)
(-1.250000	0.425300	0.013070)
(-1.000000	0.451800	0.013160)
(-0.750000	0.480400	0.013180)
(-0.500000	0.505400	0.013240)
(-0.250000	0.535000	0.013250)
(0.000000	0.560400	0.013300)
(0.250000	0.587000	0.013340)
(0.500000	0.614700	0.013380)
(0.750000	0.640800	0.013440)
(1.000000	0.669700	0.013470)
(1.250000	0.693900	0.013550)
(1.500000	0.721900	0.013600)
(1.750000	0.748100	0.013670)
(2.000000	0.773400	0.013750)
(2.250000	0.801900	0.013810)
(2.500000	0.826400	0.013920)
(2.750000	0.854500	0.013990)
(3.000000	0.878500	0.014090)
(3.250000	0.904100	0.014190)
(3.500000	0.931200	0.014270)
(3.750000	0.954900	0.014400)
(4.000000	0.983400	0.014470)
(4.250000	1.005800	0.014600)
(4.500000	1.030300	0.014710)
(4.750000	1.056500	0.014790)
(5.000000	1.078100	0.014900)
(5.250000	1.101600	0.014980)
(5.500000	1.127600	0.015020)
(5.750000	1.146900	0.015100)
(6.000000	1.167000	0.015190)
(6.250000	1.187900	0.015230)
(6.500000	1.205600	0.015180)
(6.750000	1.220400	0.015100)
(7.000000	1.238400	0.015000)
(7.250000	1.269100	0.015110)
(7.500000	1.293400	0.015250)
(7.750000	1.316300	0.015380)
(8.000000	1.339000	0.015550)
(8.250000	1.357300	0.015780)
(8.500000	1.374700	0.016000)
(8.750000	1.391100	0.016240)
(9.000000	1.403600	0.016560)
(9.250000	1.415800	0.016930)
(9.500000	1.425500	0.017390)
(9.750000	1.432500	0.017990)
(10.000000	1.436600	0.018780)
(10.250000	1.437500	0.019830)
(10.500000	1.435200	0.021200)
(10.750000	1.429900	0.022910)
(11.000000	1.422700	0.024940)
(11.250000	1.415100	0.027200)
(11.500000	1.407600	0.029610)
(11.750000	1.400600	0.032140)
(12.000000	1.394200	0.034750)
(12.250000	1.388100	0.037450)
(12.500000	1.383200	0.040170)
(12.750000	1.379000	0.042920)
(13.000000	1.375500	0.045680)
(13.250000	1.372500	0.048490)
(13.500000	1.369800	0.051340)
(13.750000	1.367300	0.054250)
(14.000000	1.363900	0.057300)
(14.250000	1.359400	0.060570)
(14.500000	1.353600	0.064030)
(14.750000	1.347600	0.067600)
(15.000000	1.342100	0.071180)
(15.250000	1.338000	0.074630)
(15.500000	1.335000	0.077970)
(15.750000	1.333000	0.081230)
(16.000000	1.331800	0.084400)
(16.250000	1.331500	0.087460)
(16.500000	1.332000	0.090400)
(16.750000	1.333400	0.093220)
(17.000000	1.335600	0.095890)
(17.250000	1.339000	0.098400)
(17.500000	1.342800	0.100830)
(17.750000	1.348300	0.102930)
(18.000000	1.353000	0.105230)
(18.250000	1.359000	0.107280)
(18.500000	1.365100	0.109330)
(18.750000	1.371900	0.111220)
(19.000000	1.377600	0.113340)
(19.250000	1.389100	0.114350)
(19.500000	1.388900	0.117570)
(19.750000	1.393300	0.119930)
(20.000000	1.403300	0.121200)
(20.250000	1.398300	0.125340)
(20.500000	1.396200	0.128940)
(20.750000	1.397600	0.131850)
(21.000000	1.409700	0.132670)
(21.250000	1.400000	0.137800)
(21.500000	1.389800	0.143110)
(21.750000	1.378500	0.148740)
(22.000000	1.365900	0.154790)
(22.250000	1.352000	0.161260)
(22.500000	1.337100	0.168220)
(22.750000	1.321600	0.175560)
(27.553571	1.196073	0.260051)
(32.357143	1.107885	0.355098)
(37.160714	1.036017	0.458055)
(41.964286	0.968936	0.566053)
(46.767857	0.899987	0.676086)
(51.571429	0.825362	0.785093)
(56.375000	0.743103	0.890044)
(61.178571	0.652562	0.988023)
(65.982143	0.554074	1.076315)
(70.785714	0.448748	1.152473)
(75.589286	0.338302	1.214395)
(80.392857	0.224937	1.260380)
(85.196429	0.111225	1.289172)
(90.000000	0.000000	1.300000)
(94.803571	-0.077858	1.289172)
(99.607143	-0.157456	1.260380)
(104.410714	-0.236811	1.214395)
(109.214286	-0.314123	1.152473)
(114.017857	-0.387852	1.076315)
(118.821429	-0.456793	0.988023)
(123.625000	-0.520172	0.890044)
(128.428571	-0.577753	0.785093)
(133.232143	-0.629991	0.676086)
(138.035714	-0.678255	0.566053)
(142.839286	-0.725212	0.458055)
(147.642857	-0.775519	0.355098)
(152.446429	-0.837251	0.260051)
(157.250000	-0.925120	0.175560)
(158.875000	-0.859040	0.149793)
(160.500000	-0.792960	0.125588)
(162.125000	-0.726880	0.103024)
(163.750000	-0.660800	0.082173)
(165.375000	-0.594720	0.063101)
(167.000000	-0.528640	0.045869)
(168.625000	-0.462560	0.030532)
(170.250000	-0.396480	0.017139)
(171.875000	-0.330400	0.005734)
(173.500000	-0.264320	0.001000)
(175.125000	-0.198240	0.001000)
(176.750000	-0.132160	0.001000)
(178.375000	-0.066080	0.001000)
(180.000000	0.000000	0.001000)
