// Re = 0.14
(-180.000000	0.000000	0.022811)
(-178.785714	0.066360	0.023390)
(-177.571429	0.132720	0.025125)
(-176.357143	0.199080	0.028013)
(-175.142857	0.265440	0.032049)
(-173.928571	0.331800	0.037226)
(-172.714286	0.398160	0.043534)
(-171.500000	0.464520	0.050963)
(-170.285714	0.530880	0.059497)
(-169.071429	0.597240	0.069123)
(-167.857143	0.663600	0.079822)
(-166.642857	0.729960	0.091576)
(-165.428571	0.796320	0.104362)
(-164.214286	0.862680	0.118159)
(-163.000000	0.929040	0.132940)
(-157.785714	0.807422	0.206938)
(-152.571429	0.740913	0.296096)
(-147.357143	0.696826	0.397447)
(-142.142857	0.660005	0.507618)
(-136.928571	0.622498	0.622939)
(-131.714286	0.579939	0.739566)
(-126.500000	0.530046	0.853610)
(-121.285714	0.471910	0.961264)
(-116.071429	0.405619	1.058927)
(-110.857143	0.332021	1.143329)
(-105.642857	0.252568	1.211633)
(-100.428571	0.169183	1.261535)
(-95.214286	0.084148	1.291336)
(-90.000000	0.000000	1.300000)
(-84.785714	-0.084148	1.291336)
(-79.571429	-0.169183	1.261535)
(-74.357143	-0.252568	1.211633)
(-69.142857	-0.332021	1.143329)
(-63.928571	-0.405619	1.058927)
(-58.714286	-0.471910	0.961264)
(-53.500000	-0.530046	0.853610)
(-48.285714	-0.579939	0.739566)
(-43.071429	-0.622498	0.622939)
(-37.857143	-0.660005	0.507618)
(-32.642857	-0.696826	0.397447)
(-27.428571	-0.740913	0.296096)
(-22.214286	-0.807422	0.206938)
(-17.000000	-0.929040	0.132940)
(-15.964286	-0.840373	0.124612)
(-14.928571	-0.751706	0.116284)
(-13.892857	-0.663039	0.107956)
(-12.857143	-0.574371	0.099629)
(-11.821429	-0.485704	0.091301)
(-10.785714	-0.397037	0.082973)
(-9.750000	-0.308370	0.074645)
(-8.714286	-0.219703	0.066317)
(-7.678571	-0.131036	0.057989)
(-6.642857	-0.042369	0.049661)
(-5.607143	0.046299	0.041334)
(-4.571429	0.134966	0.033006)
(-2.500000	0.312300	0.016350)
(-2.250000	0.342400	0.016450)
(-2.000000	0.366200	0.016720)
(-1.750000	0.386300	0.017080)
(-1.500000	0.406900	0.017350)
(-1.250000	0.428500	0.017500)
(-1.000000	0.453700	0.017530)
(-0.750000	0.481000	0.017510)
(-0.500000	0.507400	0.017450)
(-0.250000	0.537000	0.017350)
(0.000000	0.561500	0.017350)
(0.250000	0.587500	0.017360)
(0.500000	0.611800	0.017370)
(0.750000	0.636500	0.017370)
(1.000000	0.661200	0.017380)
(1.250000	0.684000	0.017370)
(1.500000	0.707100	0.017350)
(1.750000	0.729800	0.017310)
(2.000000	0.752600	0.017220)
(2.250000	0.774500	0.017130)
(2.500000	0.793000	0.017060)
(2.750000	0.814300	0.016950)
(3.000000	0.850400	0.016940)
(3.250000	0.886800	0.017130)
(3.500000	0.922500	0.017340)
(3.750000	0.957600	0.017540)
(4.000000	0.991800	0.017750)
(4.250000	1.025400	0.017930)
(4.500000	1.059200	0.017960)
(4.750000	1.091800	0.017980)
(5.000000	1.120900	0.018190)
(5.250000	1.151100	0.018330)
(5.500000	1.183000	0.018260)
(5.750000	1.210100	0.018260)
(6.000000	1.237700	0.018180)
(6.250000	1.264600	0.018000)
(6.500000	1.289100	0.017780)
(6.750000	1.312200	0.017650)
(7.000000	1.334500	0.017700)
(7.250000	1.355500	0.017850)
(7.500000	1.375300	0.018050)
(7.750000	1.392400	0.018360)
(8.000000	1.405900	0.018820)
(8.250000	1.413500	0.019560)
(8.500000	1.409400	0.020840)
(8.750000	1.394200	0.022960)
(9.000000	1.376000	0.025670)
(9.250000	1.359700	0.028630)
(9.500000	1.350200	0.031350)
(9.750000	1.346600	0.033790)
(10.000000	1.345600	0.036090)
(10.250000	1.346900	0.038300)
(10.500000	1.350600	0.040360)
(10.750000	1.356300	0.042300)
(11.000000	1.363600	0.044160)
(11.250000	1.372600	0.045900)
(11.500000	1.384400	0.047500)
(11.750000	1.396000	0.049170)
(12.000000	1.410900	0.050720)
(12.250000	1.429500	0.052160)
(12.500000	1.446100	0.053800)
(12.750000	1.461600	0.055800)
(13.000000	1.485900	0.057560)
(13.250000	1.491400	0.060200)
(13.500000	1.515400	0.062380)
(13.750000	1.508800	0.065780)
(14.000000	1.506700	0.069080)
(14.250000	1.535300	0.071380)
(14.500000	1.518700	0.075410)
(14.750000	1.500800	0.079790)
(15.000000	1.482300	0.084450)
(15.250000	1.463100	0.089400)
(15.500000	1.443200	0.094640)
(15.750000	1.422700	0.100210)
(16.000000	1.402200	0.106170)
(16.250000	1.381800	0.112470)
(16.500000	1.362000	0.119100)
(16.750000	1.343600	0.125980)
(17.000000	1.327200	0.132940)
(22.214286	1.153460	0.206938)
(27.428571	1.058447	0.296096)
(32.642857	0.995466	0.397447)
(37.857143	0.942865	0.507618)
(43.071429	0.889283	0.622939)
(48.285714	0.828484	0.739566)
(53.500000	0.757208	0.853610)
(58.714286	0.674157	0.961264)
(63.928571	0.579455	1.058927)
(69.142857	0.474316	1.143329)
(74.357143	0.360811	1.211633)
(79.571429	0.241690	1.261535)
(84.785714	0.120212	1.291336)
(90.000000	0.000000	1.300000)
(95.214286	-0.084148	1.291336)
(100.428571	-0.169183	1.261535)
(105.642857	-0.252568	1.211633)
(110.857143	-0.332021	1.143329)
(116.071429	-0.405619	1.058927)
(121.285714	-0.471910	0.961264)
(126.500000	-0.530046	0.853610)
(131.714286	-0.579939	0.739566)
(136.928571	-0.622498	0.622939)
(142.142857	-0.660005	0.507618)
(147.357143	-0.696826	0.397447)
(152.571429	-0.740913	0.296096)
(157.785714	-0.807422	0.206938)
(163.000000	-0.929040	0.132940)
(164.214286	-0.862680	0.118159)
(165.428571	-0.796320	0.104362)
(166.642857	-0.729960	0.091576)
(167.857143	-0.663600	0.079822)
(169.071429	-0.597240	0.069123)
(170.285714	-0.530880	0.059497)
(171.500000	-0.464520	0.050963)
(172.714286	-0.398160	0.043534)
(173.928571	-0.331800	0.037226)
(175.142857	-0.265440	0.032049)
(176.357143	-0.199080	0.028013)
(177.571429	-0.132720	0.025125)
(178.785714	-0.066360	0.023390)
(180.000000	0.000000	0.022811)
