// Re = 0.08
(-180.000000	0.000000	0.009517)
(-178.714286	0.058295	0.010169)
(-177.428571	0.116590	0.012124)
(-176.142857	0.174885	0.015378)
(-174.857143	0.233180	0.019924)
(-173.571429	0.291475	0.025754)
(-172.285714	0.349770	0.032855)
(-171.000000	0.408065	0.041213)
(-169.714286	0.466360	0.050811)
(-168.428571	0.524655	0.061630)
(-167.142857	0.582950	0.073648)
(-165.857143	0.641245	0.086841)
(-164.571429	0.699540	0.101182)
(-163.285714	0.757835	0.116642)
(-162.000000	0.816130	0.133190)
(-156.857143	0.732150	0.209560)
(-151.714286	0.686485	0.300297)
(-146.571429	0.655388	0.402476)
(-141.428571	0.627370	0.512802)
(-136.285714	0.596254	0.627717)
(-131.142857	0.558635	0.743513)
(-126.000000	0.512783	0.856455)
(-120.857143	0.458115	0.962896)
(-115.714286	0.394901	1.059398)
(-110.571429	0.324082	1.142840)
(-105.428571	0.247132	1.210524)
(-100.285714	0.165950	1.260252)
(-95.142857	0.082756	1.290407)
(-90.000000	0.000000	1.300000)
(-84.857143	-0.082756	1.290407)
(-79.714286	-0.165950	1.260252)
(-74.571429	-0.247132	1.210524)
(-69.428571	-0.324082	1.142840)
(-64.285714	-0.394901	1.059398)
(-59.142857	-0.458115	0.962896)
(-54.000000	-0.512783	0.856455)
(-48.857143	-0.558635	0.743513)
(-43.714286	-0.596254	0.627717)
(-38.571429	-0.627370	0.512802)
(-33.428571	-0.655388	0.402476)
(-28.285714	-0.686485	0.300297)
(-23.142857	-0.732150	0.209560)
(-18.000000	-0.816130	0.133190)
(-17.071429	-0.781221	0.129058)
(-16.142857	-0.746311	0.124926)
(-15.214286	-0.711402	0.120794)
(-14.285714	-0.676493	0.116661)
(-13.357143	-0.641584	0.112529)
(-12.428571	-0.606674	0.108397)
(-11.500000	-0.571765	0.104265)
(-10.571429	-0.536856	0.100133)
(-9.642857	-0.501946	0.096001)
(-8.714286	-0.467037	0.091869)
(-7.785714	-0.432128	0.087736)
(-6.857143	-0.397219	0.083604)
(-5.000000	-0.327400	0.075340)
(-4.750000	-0.291300	0.038120)
(-4.500000	-0.259300	0.036720)
(-4.250000	-0.227900	0.035580)
(-4.000000	-0.197300	0.034680)
(-3.750000	-0.166900	0.033910)
(-3.500000	-0.133600	0.033200)
(-3.250000	-0.105400	0.032630)
(-3.000000	-0.080800	0.032180)
(-2.750000	-0.054600	0.031600)
(-2.500000	-0.023100	0.029700)
(-2.250000	-0.004100	0.030700)
(-2.000000	0.010100	0.031550)
(-1.750000	0.022400	0.032340)
(-1.500000	0.033800	0.033090)
(-1.250000	0.046700	0.033790)
(-1.000000	0.052900	0.034390)
(-0.750000	0.055700	0.034920)
(-0.500000	0.061900	0.035280)
(-0.250000	0.077300	0.035420)
(0.000000	0.083200	0.035750)
(0.250000	0.095100	0.036000)
(0.500000	0.120000	0.036070)
(0.750000	0.128500	0.036430)
(1.000000	0.147100	0.036720)
(1.250000	0.184700	0.036910)
(1.500000	0.225700	0.037600)
(1.750000	0.264100	0.038210)
(2.000000	0.303000	0.038770)
(2.250000	0.326100	0.039790)
(2.500000	0.356200	0.040710)
(2.750000	0.396800	0.041310)
(3.000000	0.417300	0.042530)
(3.250000	0.441600	0.043640)
(3.500000	0.481200	0.044190)
(3.750000	0.500200	0.045430)
(4.000000	0.517900	0.046720)
(4.250000	0.538600	0.047890)
(4.500000	0.566100	0.048750)
(4.750000	0.594500	0.049530)
(5.000000	0.610000	0.050850)
(5.250000	0.626700	0.052100)
(5.500000	0.644600	0.053300)
(5.750000	0.663400	0.054440)
(6.000000	0.682700	0.055530)
(6.250000	0.702300	0.056600)
(6.500000	0.721900	0.057620)
(6.750000	0.741800	0.058610)
(7.000000	0.762200	0.059520)
(7.250000	0.783600	0.060320)
(7.500000	0.806700	0.060950)
(7.750000	0.831800	0.061350)
(8.000000	0.859300	0.061440)
(8.250000	0.889200	0.061210)
(8.500000	0.921300	0.060610)
(8.750000	0.922700	0.062530)
(9.250000	0.993500	0.059950)
(9.750000	1.113800	0.050610)
(10.000000	1.267400	0.036430)
(10.250000	1.298600	0.034580)
(10.500000	1.314900	0.033880)
(10.750000	1.320200	0.033980)
(11.000000	1.316500	0.034870)
(11.250000	1.312800	0.035940)
(11.500000	1.306400	0.037430)
(11.750000	1.295500	0.039610)
(12.000000	1.282200	0.042310)
(12.250000	1.268800	0.045320)
(12.500000	1.257600	0.048370)
(12.750000	1.250300	0.051260)
(13.000000	1.247700	0.053850)
(13.250000	1.248600	0.056240)
(13.500000	1.253100	0.058380)
(13.750000	1.260800	0.060350)
(14.000000	1.271600	0.062190)
(14.250000	1.286900	0.063840)
(14.500000	1.302900	0.065640)
(14.750000	1.321300	0.067510)
(15.000000	1.336100	0.069790)
(15.250000	1.359700	0.071800)
(15.500000	1.367300	0.074730)
(15.750000	1.357300	0.078620)
(16.000000	1.360100	0.081920)
(16.250000	1.345400	0.086240)
(16.500000	1.349100	0.089520)
(16.750000	1.329300	0.094370)
(17.000000	1.308900	0.099520)
(17.250000	1.288100	0.104990)
(17.500000	1.267300	0.110810)
(18.000000	1.165900	0.133190)
(23.142857	1.045928	0.209560)
(28.285714	0.980692	0.300297)
(33.428571	0.936268	0.402476)
(38.571429	0.896242	0.512802)
(43.714286	0.851792	0.627717)
(48.857143	0.798050	0.743513)
(54.000000	0.732547	0.856455)
(59.142857	0.654450	0.962896)
(64.285714	0.564145	1.059398)
(69.428571	0.462975	1.142840)
(74.571429	0.353046	1.210524)
(79.714286	0.237071	1.260252)
(84.857143	0.118222	1.290407)
(90.000000	0.000000	1.300000)
(95.142857	-0.082756	1.290407)
(100.285714	-0.165950	1.260252)
(105.428571	-0.247132	1.210524)
(110.571429	-0.324082	1.142840)
(115.714286	-0.394901	1.059398)
(120.857143	-0.458115	0.962896)
(126.000000	-0.512783	0.856455)
(131.142857	-0.558635	0.743513)
(136.285714	-0.596254	0.627717)
(141.428571	-0.627370	0.512802)
(146.571429	-0.655388	0.402476)
(151.714286	-0.686485	0.300297)
(156.857143	-0.732150	0.209560)
(162.000000	-0.816130	0.133190)
(163.285714	-0.757835	0.116642)
(164.571429	-0.699540	0.101182)
(165.857143	-0.641245	0.086841)
(167.142857	-0.582950	0.073648)
(168.428571	-0.524655	0.061630)
(169.714286	-0.466360	0.050811)
(171.000000	-0.408065	0.041213)
(172.285714	-0.349770	0.032855)
(173.571429	-0.291475	0.025754)
(174.857143	-0.233180	0.019924)
(176.142857	-0.174885	0.015378)
(177.428571	-0.116590	0.012124)
(178.714286	-0.058295	0.010169)
(180.000000	0.000000	0.009517)
