// Re = 0.11
(-180.000000	0.000000	0.001000)
(-178.767857	0.060475	0.001000)
(-177.535714	0.120950	0.002761)
(-176.303571	0.181425	0.005761)
(-175.071429	0.241900	0.009952)
(-173.839286	0.302375	0.015328)
(-172.607143	0.362850	0.021879)
(-171.375000	0.423325	0.029591)
(-170.142857	0.483800	0.038452)
(-168.910714	0.544275	0.048444)
(-167.678571	0.604750	0.059549)
(-166.446429	0.665225	0.071747)
(-165.214286	0.725700	0.085015)
(-163.982143	0.786175	0.099328)
(-162.750000	0.846650	0.114660)
(-157.553571	0.749519	0.189853)
(-152.357143	0.697885	0.280152)
(-147.160714	0.663883	0.382595)
(-141.964286	0.634410	0.493819)
(-136.767857	0.602531	0.610175)
(-131.571429	0.564440	0.727844)
(-126.375000	0.518183	0.842964)
(-121.178571	0.463050	0.951759)
(-115.982143	0.399252	1.050656)
(-110.785714	0.327710	1.136411)
(-105.589286	0.249914	1.206209)
(-100.392857	0.167803	1.257759)
(-95.196429	0.083658	1.289369)
(-90.000000	0.000000	1.300000)
(-84.803571	-0.083658	1.289369)
(-79.607143	-0.167803	1.257759)
(-74.410714	-0.249914	1.206209)
(-69.214286	-0.327710	1.136411)
(-64.017857	-0.399252	1.050656)
(-58.821429	-0.463050	0.951759)
(-53.625000	-0.518183	0.842964)
(-48.428571	-0.564440	0.727844)
(-43.232143	-0.602531	0.610175)
(-38.035714	-0.634410	0.493819)
(-32.839286	-0.663883	0.382595)
(-27.642857	-0.697885	0.280152)
(-22.446429	-0.749519	0.189853)
(-17.250000	-0.846650	0.114660)
(-16.375000	-0.798796	0.108681)
(-15.500000	-0.750943	0.102703)
(-14.625000	-0.703089	0.096724)
(-13.750000	-0.655236	0.090746)
(-12.875000	-0.607382	0.084767)
(-12.000000	-0.559529	0.078789)
(-11.125000	-0.511675	0.072810)
(-10.250000	-0.463821	0.066831)
(-9.375000	-0.415968	0.060853)
(-8.500000	-0.368114	0.054874)
(-7.625000	-0.320261	0.048896)
(-6.750000	-0.272407	0.042917)
(-5.000000	-0.176700	0.030960)
(-4.750000	-0.146200	0.029760)
(-4.250000	-0.075900	0.027550)
(-4.000000	-0.047400	0.026820)
(-3.750000	-0.013700	0.026000)
(-3.500000	0.020500	0.025220)
(-3.250000	0.048700	0.024650)
(-3.000000	0.093500	0.023350)
(-2.750000	0.123900	0.021930)
(-2.500000	0.161600	0.022160)
(-2.250000	0.181100	0.022630)
(-2.000000	0.199800	0.023110)
(-1.750000	0.217000	0.023600)
(-1.500000	0.242200	0.023830)
(-1.250000	0.254500	0.024300)
(-1.000000	0.267900	0.024650)
(-0.750000	0.302200	0.024380)
(-0.500000	0.317400	0.024630)
(-0.250000	0.336600	0.024850)
(0.000000	0.357500	0.024930)
(0.250000	0.388000	0.024750)
(0.500000	0.403200	0.025010)
(0.750000	0.431100	0.024840)
(1.000000	0.451400	0.024930)
(1.250000	0.464500	0.025260)
(1.500000	0.491200	0.025010)
(1.750000	0.506500	0.025170)
(2.000000	0.517200	0.025540)
(2.250000	0.551700	0.025220)
(2.500000	0.592600	0.025390)
(2.750000	0.643700	0.024900)
(3.000000	0.670500	0.025550)
(3.500000	0.747600	0.025690)
(3.750000	0.774200	0.026360)
(4.250000	0.847900	0.026400)
(4.750000	0.897600	0.027550)
(5.000000	0.943700	0.026860)
(5.250000	0.966900	0.027390)
(5.500000	0.991300	0.027810)
(6.000000	1.067800	0.026930)
(6.250000	1.096500	0.026860)
(6.500000	1.128200	0.026540)
(6.750000	1.161900	0.026050)
(7.000000	1.197200	0.025460)
(7.250000	1.220900	0.025390)
(7.500000	1.248400	0.025100)
(7.750000	1.283200	0.024190)
(8.000000	1.307700	0.023480)
(8.250000	1.327900	0.023030)
(8.500000	1.346300	0.022870)
(8.750000	1.362600	0.022810)
(9.000000	1.373100	0.022950)
(9.250000	1.380300	0.023160)
(9.500000	1.382800	0.023670)
(9.750000	1.382900	0.024390)
(10.000000	1.379000	0.025490)
(10.250000	1.370500	0.027090)
(10.500000	1.356900	0.029330)
(10.750000	1.340000	0.032160)
(11.000000	1.322200	0.035390)
(11.250000	1.305800	0.038790)
(11.500000	1.293600	0.042030)
(11.750000	1.286200	0.044970)
(12.000000	1.283500	0.047560)
(12.250000	1.284300	0.049900)
(12.500000	1.287800	0.052020)
(12.750000	1.294000	0.053940)
(13.000000	1.302000	0.055780)
(13.250000	1.312300	0.057480)
(13.500000	1.324800	0.059080)
(13.750000	1.339500	0.060630)
(14.000000	1.356300	0.062190)
(14.250000	1.376500	0.063680)
(14.500000	1.390100	0.065840)
(15.000000	1.426000	0.070050)
(15.250000	1.417800	0.073730)
(15.500000	1.424100	0.076680)
(15.750000	1.413100	0.080670)
(16.000000	1.341300	0.088010)
(16.250000	1.319500	0.092960)
(16.500000	1.295400	0.098140)
(16.750000	1.268600	0.103570)
(17.000000	1.239500	0.109150)
(17.250000	1.209500	0.114660)
(22.446429	1.070741	0.189853)
(27.642857	0.996978	0.280152)
(32.839286	0.948405	0.382595)
(38.035714	0.906300	0.493819)
(43.232143	0.860759	0.610175)
(48.428571	0.806343	0.727844)
(53.625000	0.740261	0.842964)
(58.821429	0.661501	0.951759)
(64.017857	0.570360	1.050656)
(69.214286	0.468157	1.136411)
(74.410714	0.357020	1.206209)
(79.607143	0.239718	1.257759)
(84.803571	0.119511	1.289369)
(90.000000	0.000000	1.300000)
(95.196429	-0.083658	1.289369)
(100.392857	-0.167803	1.257759)
(105.589286	-0.249914	1.206209)
(110.785714	-0.327710	1.136411)
(115.982143	-0.399252	1.050656)
(121.178571	-0.463050	0.951759)
(126.375000	-0.518183	0.842964)
(131.571429	-0.564440	0.727844)
(136.767857	-0.602531	0.610175)
(141.964286	-0.634410	0.493819)
(147.160714	-0.663883	0.382595)
(152.357143	-0.697885	0.280152)
(157.553571	-0.749519	0.189853)
(162.750000	-0.846650	0.114660)
(163.982143	-0.786175	0.099328)
(165.214286	-0.725700	0.085015)
(166.446429	-0.665225	0.071747)
(167.678571	-0.604750	0.059549)
(168.910714	-0.544275	0.048444)
(170.142857	-0.483800	0.038452)
(171.375000	-0.423325	0.029591)
(172.607143	-0.362850	0.021879)
(173.839286	-0.302375	0.015328)
(175.071429	-0.241900	0.009952)
(176.303571	-0.181425	0.005761)
(177.535714	-0.120950	0.002761)
(178.767857	-0.060475	0.001000)
(180.000000	0.000000	0.001000)
