// Re = 0.19
(-180.000000	0.000000	0.001000)
(-178.410714	0.069820	0.001000)
(-176.821429	0.139640	0.001000)
(-175.232143	0.209460	0.001000)
(-173.642857	0.279280	0.003872)
(-172.053571	0.349100	0.012821)
(-170.464286	0.418920	0.023704)
(-168.875000	0.488740	0.036486)
(-167.285714	0.558560	0.051128)
(-165.696429	0.628380	0.067585)
(-164.107143	0.698200	0.085807)
(-162.517857	0.768020	0.105738)
(-160.928571	0.837840	0.127318)
(-159.339286	0.907660	0.150478)
(-157.750000	0.977480	0.175150)
(-152.910714	0.875626	0.258771)
(-148.071429	0.804931	0.353299)
(-143.232143	0.748423	0.456053)
(-138.392857	0.696909	0.564120)
(-133.553571	0.645119	0.674439)
(-128.714286	0.590028	0.783883)
(-123.875000	0.530049	0.889354)
(-119.035714	0.464594	0.987867)
(-114.196429	0.393823	1.076636)
(-109.357143	0.318471	1.153154)
(-104.517857	0.239733	1.215263)
(-99.678571	0.159159	1.261215)
(-94.839286	0.078574	1.289724)
(-90.000000	0.000000	1.300000)
(-85.160714	-0.078574	1.289724)
(-80.321429	-0.159159	1.261215)
(-75.482143	-0.239733	1.215263)
(-70.642857	-0.318471	1.153154)
(-65.803571	-0.393823	1.076636)
(-60.964286	-0.464594	0.987867)
(-56.125000	-0.530049	0.889354)
(-51.285714	-0.590028	0.783883)
(-46.446429	-0.645119	0.674439)
(-41.607143	-0.696909	0.564120)
(-36.767857	-0.748423	0.456053)
(-31.928571	-0.804931	0.353299)
(-27.089286	-0.875626	0.258771)
(-22.250000	-0.977480	0.175150)
(-21.017857	-0.906110	0.163798)
(-19.785714	-0.834740	0.152446)
(-18.553571	-0.763370	0.141094)
(-17.321429	-0.692000	0.129741)
(-16.089286	-0.620630	0.118389)
(-14.857143	-0.549260	0.107037)
(-13.625000	-0.477890	0.095685)
(-12.392857	-0.406520	0.084333)
(-11.160714	-0.335150	0.072981)
(-9.928571	-0.263780	0.061629)
(-8.696429	-0.192410	0.050276)
(-7.464286	-0.121040	0.038924)
(-5.000000	0.021700	0.016220)
(-4.750000	0.048600	0.015080)
(-4.500000	0.077600	0.013950)
(-4.250000	0.108200	0.013810)
(-4.000000	0.136700	0.013880)
(-3.750000	0.164400	0.014010)
(-3.500000	0.192400	0.014150)
(-3.250000	0.222000	0.014290)
(-3.000000	0.248600	0.014540)
(-2.750000	0.274700	0.014760)
(-2.500000	0.302200	0.014900)
(-2.250000	0.331300	0.014990)
(-2.000000	0.356600	0.015160)
(-1.750000	0.382800	0.015320)
(-1.250000	0.437600	0.015500)
(-1.000000	0.463900	0.015570)
(-0.750000	0.491600	0.015610)
(-0.500000	0.521700	0.015600)
(-0.250000	0.548300	0.015670)
(0.000000	0.574400	0.015740)
(0.250000	0.603900	0.015740)
(0.500000	0.630300	0.015820)
(0.750000	0.657300	0.015890)
(1.000000	0.686900	0.015920)
(1.250000	0.713500	0.016000)
(1.500000	0.739200	0.016110)
(1.750000	0.767900	0.016160)
(2.000000	0.794700	0.016250)
(2.500000	0.849400	0.016440)
(2.750000	0.876300	0.016540)
(3.000000	0.902000	0.016680)
(3.250000	0.929400	0.016770)
(3.500000	0.955800	0.016870)
(3.750000	0.980400	0.017030)
(4.000000	1.007200	0.017130)
(4.250000	1.034300	0.017220)
(4.500000	1.058400	0.017390)
(4.750000	1.083500	0.017520)
(5.000000	1.111400	0.017550)
(5.250000	1.133300	0.017720)
(5.500000	1.156100	0.017860)
(5.750000	1.180700	0.017960)
(6.000000	1.204900	0.017980)
(6.250000	1.228500	0.018000)
(6.500000	1.248000	0.018010)
(6.750000	1.267400	0.017980)
(7.000000	1.285300	0.017900)
(7.250000	1.300400	0.017760)
(7.500000	1.324200	0.017690)
(7.750000	1.353000	0.017810)
(8.000000	1.381600	0.017860)
(8.250000	1.406400	0.018030)
(8.500000	1.431800	0.018240)
(8.750000	1.452500	0.018520)
(9.000000	1.472900	0.018790)
(9.250000	1.489500	0.019090)
(9.500000	1.501200	0.019470)
(9.750000	1.510400	0.019970)
(10.000000	1.516600	0.020640)
(10.250000	1.519800	0.021530)
(10.500000	1.520100	0.022700)
(10.750000	1.517200	0.024220)
(11.000000	1.511600	0.026120)
(11.250000	1.503600	0.028390)
(11.500000	1.494400	0.030960)
(11.750000	1.484400	0.033770)
(12.000000	1.474800	0.036720)
(12.250000	1.465300	0.039800)
(12.500000	1.456500	0.042980)
(12.750000	1.449000	0.046180)
(13.000000	1.442000	0.049450)
(13.250000	1.436100	0.052720)
(13.500000	1.431000	0.055980)
(13.750000	1.426000	0.059320)
(14.000000	1.420900	0.062750)
(14.250000	1.416200	0.066220)
(14.500000	1.409200	0.070020)
(14.750000	1.402200	0.073900)
(15.000000	1.394100	0.077970)
(15.250000	1.387600	0.081890)
(15.500000	1.382700	0.085620)
(15.750000	1.379700	0.089130)
(16.000000	1.378000	0.092440)
(16.250000	1.378400	0.095480)
(16.500000	1.380000	0.098360)
(16.750000	1.382900	0.100990)
(17.000000	1.386500	0.103590)
(17.250000	1.391800	0.105800)
(17.500000	1.396700	0.108180)
(17.750000	1.402900	0.110300)
(18.000000	1.411000	0.112040)
(18.250000	1.416200	0.114420)
(18.500000	1.424600	0.116130)
(18.750000	1.432400	0.117940)
(19.000000	1.435400	0.120730)
(19.250000	1.441300	0.122960)
(19.500000	1.453200	0.124020)
(19.750000	1.453500	0.127320)
(20.000000	1.449200	0.131530)
(20.250000	1.445500	0.135640)
(20.500000	1.442000	0.139760)
(20.750000	1.438500	0.143930)
(21.000000	1.435700	0.148010)
(21.250000	1.447600	0.149000)
(21.500000	1.440900	0.153950)
(21.750000	1.427000	0.160590)
(22.000000	1.412000	0.167650)
(22.250000	1.396400	0.175150)
(27.089286	1.250894	0.258771)
(31.928571	1.149902	0.353299)
(36.767857	1.069175	0.456053)
(41.607143	0.995584	0.564120)
(46.446429	0.921599	0.674439)
(51.285714	0.842898	0.783883)
(56.125000	0.757213	0.889354)
(60.964286	0.663706	0.987867)
(65.803571	0.562604	1.076636)
(70.642857	0.454959	1.153154)
(75.482143	0.342476	1.215263)
(80.321429	0.227370	1.261215)
(85.160714	0.112249	1.289724)
(90.000000	0.000000	1.300000)
(94.839286	-0.078574	1.289724)
(99.678571	-0.159159	1.261215)
(104.517857	-0.239733	1.215263)
(109.357143	-0.318471	1.153154)
(114.196429	-0.393823	1.076636)
(119.035714	-0.464594	0.987867)
(123.875000	-0.530049	0.889354)
(128.714286	-0.590028	0.783883)
(133.553571	-0.645119	0.674439)
(138.392857	-0.696909	0.564120)
(143.232143	-0.748423	0.456053)
(148.071429	-0.804931	0.353299)
(152.910714	-0.875626	0.258771)
(157.750000	-0.977480	0.175150)
(159.339286	-0.907660	0.150478)
(160.928571	-0.837840	0.127318)
(162.517857	-0.768020	0.105738)
(164.107143	-0.698200	0.085807)
(165.696429	-0.628380	0.067585)
(167.285714	-0.558560	0.051128)
(168.875000	-0.488740	0.036486)
(170.464286	-0.418920	0.023704)
(172.053571	-0.349100	0.012821)
(173.642857	-0.279280	0.003872)
(175.232143	-0.209460	0.001000)
(176.821429	-0.139640	0.001000)
(178.410714	-0.069820	0.001000)
(180.000000	0.000000	0.001000)
