// Re = 0.09
(-180.000000	0.000000	0.001000)
(-177.857143	0.034530	0.001000)
(-175.714286	0.069060	0.001000)
(-173.571429	0.103590	0.001000)
(-171.428571	0.138120	0.001000)
(-169.285714	0.172650	0.013289)
(-167.142857	0.207180	0.032973)
(-165.000000	0.241710	0.055976)
(-162.857143	0.276240	0.082171)
(-160.714286	0.310770	0.111412)
(-158.571429	0.345300	0.143538)
(-156.428571	0.379830	0.178370)
(-154.285714	0.414360	0.215716)
(-152.142857	0.448890	0.255369)
(-150.000000	0.483420	0.297110)
(-145.714286	0.495758	0.385920)
(-141.428571	0.502009	0.480183)
(-137.142857	0.500803	0.577818)
(-132.857143	0.491333	0.676670)
(-128.571429	0.473219	0.774559)
(-124.285714	0.446432	0.869330)
(-120.000000	0.411242	0.958898)
(-115.714286	0.368184	1.041295)
(-111.428571	0.318022	1.114718)
(-107.142857	0.261728	1.177563)
(-102.857143	0.200443	1.228464)
(-98.571429	0.135452	1.266322)
(-94.285714	0.068148	1.290333)
(-90.000000	0.000000	1.300000)
(-85.714286	-0.068148	1.290333)
(-81.428571	-0.135452	1.266322)
(-77.142857	-0.200443	1.228464)
(-72.857143	-0.261728	1.177563)
(-68.571429	-0.318022	1.114718)
(-64.285714	-0.368184	1.041295)
(-60.000000	-0.411242	0.958898)
(-55.714286	-0.446432	0.869330)
(-51.428571	-0.473219	0.774559)
(-47.142857	-0.491333	0.676670)
(-42.857143	-0.500803	0.577818)
(-38.571429	-0.502009	0.480183)
(-34.285714	-0.495758	0.385920)
(-30.000000	-0.483420	0.297110)
(-28.214286	-0.475226	0.279185)
(-26.428571	-0.467031	0.261260)
(-24.642857	-0.458837	0.243335)
(-22.857143	-0.450643	0.225410)
(-21.071429	-0.442449	0.207485)
(-19.285714	-0.434254	0.189560)
(-17.500000	-0.426060	0.171635)
(-15.714286	-0.417866	0.153710)
(-13.928571	-0.409671	0.135785)
(-12.142857	-0.401477	0.117860)
(-10.357143	-0.393283	0.099935)
(-8.571429	-0.385089	0.082010)
(-5.000000	-0.368700	0.046160)
(-4.750000	-0.338500	0.047450)
(-4.500000	-0.341700	0.048380)
(-4.250000	-0.313400	0.049380)
(-4.000000	-0.315900	0.051210)
(-3.750000	-0.291400	0.052210)
(-3.500000	-0.293600	0.053080)
(-3.250000	-0.275900	0.053900)
(-3.000000	-0.268100	0.054630)
(-2.750000	-0.263000	0.056020)
(-2.500000	-0.230900	0.056430)
(-2.250000	-0.245500	0.057120)
(-2.000000	-0.224700	0.057300)
(-1.750000	-0.217200	0.058380)
(-1.500000	-0.214900	0.058980)
(-1.250000	-0.192000	0.059140)
(-1.000000	-0.182300	0.060100)
(-0.750000	-0.178800	0.060830)
(-0.500000	-0.174500	0.061860)
(-0.250000	-0.164900	0.062730)
(0.000000	-0.152300	0.063760)
(1.000000	-0.154000	0.069760)
(1.250000	-0.127400	0.070350)
(1.500000	-0.115400	0.071180)
(1.750000	-0.085900	0.071940)
(2.000000	-0.077000	0.072720)
(2.250000	-0.043300	0.073740)
(2.500000	-0.037500	0.074470)
(2.750000	-0.003300	0.075710)
(3.000000	0.002800	0.076410)
(3.250000	0.037700	0.077880)
(3.500000	0.043800	0.078550)
(3.750000	0.077500	0.080220)
(4.000000	0.085300	0.080890)
(4.250000	0.097100	0.082040)
(4.500000	0.127200	0.083460)
(4.750000	0.134300	0.084460)
(5.250000	0.174800	0.087160)
(5.500000	0.185900	0.088480)
(5.750000	0.218900	0.090220)
(6.000000	0.222300	0.091230)
(6.250000	0.237600	0.092830)
(6.500000	0.263400	0.094330)
(6.750000	0.269900	0.095610)
(7.000000	0.284400	0.097290)
(7.250000	0.310600	0.098860)
(7.500000	0.316100	0.100180)
(7.750000	0.327100	0.101830)
(8.000000	0.358600	0.103700)
(8.250000	0.363700	0.105040)
(8.500000	0.370300	0.106560)
(8.750000	0.381700	0.108260)
(9.000000	0.410500	0.110030)
(9.250000	0.415600	0.111490)
(9.500000	0.423000	0.113140)
(9.750000	0.431400	0.114760)
(10.000000	0.451100	0.116460)
(10.250000	0.464700	0.117780)
(10.500000	0.468400	0.119160)
(10.750000	0.472300	0.120490)
(11.000000	0.478500	0.121700)
(11.250000	0.494400	0.123160)
(11.500000	0.515600	0.125670)
(11.750000	0.536300	0.128140)
(12.000000	0.556500	0.130570)
(12.250000	0.577300	0.132870)
(12.500000	0.603800	0.134880)
(12.750000	0.625100	0.137020)
(13.000000	0.706100	0.129770)
(13.250000	0.503200	0.148520)
(13.500000	0.514300	0.150850)
(13.750000	0.527300	0.153110)
(14.000000	0.544700	0.155370)
(14.250000	0.544000	0.157660)
(14.500000	0.543300	0.159710)
(14.750000	0.543500	0.161620)
(15.000000	0.544600	0.163390)
(15.250000	0.546300	0.164900)
(15.500000	0.549600	0.166220)
(15.750000	0.554300	0.167660)
(16.000000	0.560200	0.169250)
(16.250000	0.567100	0.170910)
(16.500000	0.574500	0.172600)
(16.750000	0.573200	0.174040)
(17.000000	0.572000	0.175640)
(17.250000	0.572400	0.177390)
(17.500000	0.574200	0.179200)
(17.750000	0.577400	0.181030)
(18.000000	0.582900	0.183000)
(18.250000	0.591400	0.185030)
(18.500000	0.598100	0.186890)
(18.750000	0.597400	0.188600)
(19.000000	0.597600	0.190470)
(19.500000	0.600400	0.194430)
(19.750000	0.603000	0.196490)
(20.000000	0.606600	0.198540)
(20.250000	0.612200	0.200670)
(20.500000	0.619400	0.202800)
(20.750000	0.622800	0.204820)
(21.000000	0.623300	0.206850)
(21.250000	0.624300	0.208940)
(21.500000	0.626000	0.211150)
(21.750000	0.628200	0.213340)
(22.000000	0.631000	0.215560)
(22.250000	0.634600	0.217790)
(22.500000	0.639700	0.220080)
(22.750000	0.638800	0.222400)
(23.000000	0.637800	0.224860)
(23.250000	0.640200	0.227220)
(23.500000	0.644000	0.229530)
(23.750000	0.648100	0.231950)
(24.000000	0.651300	0.234470)
(24.500000	0.653800	0.239640)
(24.750000	0.654000	0.242300)
(25.000000	0.653900	0.245030)
(25.250000	0.654700	0.247820)
(25.500000	0.656600	0.250420)
(25.750000	0.661200	0.252820)
(26.000000	0.662100	0.255450)
(26.250000	0.662100	0.258310)
(26.500000	0.664400	0.260850)
(26.750000	0.668500	0.263200)
(27.000000	0.667900	0.266110)
(27.250000	0.669800	0.268730)
(27.500000	0.673700	0.271020)
(27.750000	0.673300	0.273950)
(28.000000	0.675700	0.276490)
(28.250000	0.678200	0.278960)
(28.500000	0.678600	0.281850)
(28.750000	0.682300	0.284190)
(29.000000	0.682700	0.286890)
(29.250000	0.684200	0.289600)
(29.500000	0.687100	0.291920)
(29.750000	0.687400	0.294800)
(30.000000	0.690600	0.297110)
(34.285714	0.708225	0.385920)
(38.571429	0.717156	0.480183)
(42.857143	0.715433	0.577818)
(47.142857	0.701904	0.676670)
(51.428571	0.676027	0.774559)
(55.714286	0.637760	0.869330)
(60.000000	0.587489	0.958898)
(64.285714	0.525977	1.041295)
(68.571429	0.454318	1.114718)
(72.857143	0.373897	1.177563)
(77.142857	0.286348	1.228464)
(81.428571	0.193503	1.266322)
(85.714286	0.097354	1.290333)
(90.000000	0.000000	1.300000)
(94.285714	-0.068148	1.290333)
(98.571429	-0.135452	1.266322)
(102.857143	-0.200443	1.228464)
(107.142857	-0.261728	1.177563)
(111.428571	-0.318022	1.114718)
(115.714286	-0.368184	1.041295)
(120.000000	-0.411242	0.958898)
(124.285714	-0.446432	0.869330)
(128.571429	-0.473219	0.774559)
(132.857143	-0.491333	0.676670)
(137.142857	-0.500803	0.577818)
(141.428571	-0.502009	0.480183)
(145.714286	-0.495758	0.385920)
(150.000000	-0.483420	0.297110)
(152.142857	-0.448890	0.255369)
(154.285714	-0.414360	0.215716)
(156.428571	-0.379830	0.178370)
(158.571429	-0.345300	0.143538)
(160.714286	-0.310770	0.111412)
(162.857143	-0.276240	0.082171)
(165.000000	-0.241710	0.055976)
(167.142857	-0.207180	0.032973)
(169.285714	-0.172650	0.013289)
(171.428571	-0.138120	0.001000)
(173.571429	-0.103590	0.001000)
(175.714286	-0.069060	0.001000)
(177.857143	-0.034530	0.001000)
(180.000000	0.000000	0.001000)
