// Re = 0.13
(-180.000000	0.000000	0.001000)
(-178.035714	0.069245	0.001000)
(-176.071429	0.138490	0.001000)
(-174.107143	0.207735	0.001000)
(-172.142857	0.276980	0.001000)
(-170.178571	0.346225	0.001000)
(-168.214286	0.415470	0.001000)
(-166.250000	0.484715	0.001000)
(-164.285714	0.553960	0.014276)
(-162.321429	0.623205	0.039631)
(-160.357143	0.692450	0.067570)
(-158.392857	0.761695	0.097968)
(-156.428571	0.830940	0.130683)
(-154.464286	0.900185	0.165567)
(-152.500000	0.969430	0.202460)
(-148.035714	0.884824	0.292869)
(-143.571429	0.816570	0.390636)
(-139.107143	0.756019	0.493456)
(-134.642857	0.697996	0.598914)
(-130.178571	0.639360	0.704534)
(-125.714286	0.578280	0.807846)
(-121.250000	0.513832	0.906439)
(-116.785714	0.445763	0.998023)
(-112.321429	0.374330	1.080484)
(-107.857143	0.300200	1.151930)
(-103.392857	0.224362	1.210743)
(-98.928571	0.148062	1.255612)
(-94.464286	0.072746	1.285567)
(-90.000000	0.000000	1.300000)
(-85.535714	-0.072746	1.285567)
(-81.071429	-0.148062	1.255612)
(-76.607143	-0.224362	1.210743)
(-72.142857	-0.300200	1.151930)
(-67.678571	-0.374330	1.080484)
(-63.214286	-0.445763	0.998023)
(-58.750000	-0.513832	0.906439)
(-54.285714	-0.578280	0.807846)
(-49.821429	-0.639360	0.704534)
(-45.357143	-0.697996	0.598914)
(-40.892857	-0.756019	0.493456)
(-36.428571	-0.816570	0.390636)
(-31.964286	-0.884824	0.292869)
(-27.500000	-0.969430	0.202460)
(-25.892857	-0.908042	0.190076)
(-24.285714	-0.846654	0.177693)
(-22.678571	-0.785266	0.165309)
(-21.071429	-0.723879	0.152926)
(-19.464286	-0.662491	0.140542)
(-17.857143	-0.601103	0.128159)
(-16.250000	-0.539715	0.115775)
(-14.642857	-0.478327	0.103391)
(-13.035714	-0.416939	0.091008)
(-11.428571	-0.355551	0.078624)
(-9.821429	-0.294164	0.066241)
(-8.214286	-0.232776	0.053857)
(-5.000000	-0.110000	0.029090)
(-4.750000	-0.074900	0.029260)
(-4.500000	-0.060000	0.030490)
(-4.250000	-0.024800	0.030860)
(-4.000000	-0.016700	0.031290)
(-3.750000	0.021200	0.032100)
(-3.500000	0.027600	0.032310)
(-3.250000	0.057500	0.031920)
(-2.750000	0.096000	0.032460)
(-2.500000	0.133400	0.032800)
(-2.250000	0.131600	0.032900)
(-2.000000	0.170000	0.033010)
(-1.750000	0.164600	0.033290)
(-1.500000	0.202200	0.033230)
(-1.000000	0.204700	0.034260)
(-0.750000	0.225400	0.034020)
(-0.500000	0.262600	0.033780)
(0.000000	0.274400	0.034860)
(0.500000	0.232100	0.038990)
(0.750000	0.281700	0.037600)
(2.750000	0.313500	0.052160)
(3.000000	0.353500	0.051780)
(3.500000	0.345100	0.056800)
(3.750000	0.373200	0.057300)
(4.000000	0.407400	0.056900)
(4.250000	0.402000	0.059920)
(4.500000	0.437400	0.059480)
(4.750000	0.430000	0.062510)
(5.250000	0.460900	0.065010)
(5.750000	0.467100	0.069480)
(6.000000	0.491000	0.070240)
(6.500000	0.524600	0.072530)
(7.000000	0.533300	0.076890)
(7.250000	0.559500	0.077240)
(7.750000	0.586800	0.080060)
(8.000000	0.598100	0.081480)
(8.500000	0.632200	0.083640)
(8.750000	0.641500	0.085310)
(9.250000	0.681100	0.086640)
(9.500000	0.685800	0.088740)
(9.750000	0.691100	0.090820)
(10.250000	0.732000	0.091700)
(10.500000	0.718600	0.095650)
(10.750000	0.743200	0.095480)
(11.500000	0.765700	0.100170)
(11.750000	0.793000	0.098950)
(12.500000	0.820400	0.102700)
(12.750000	0.865900	0.101260)
(13.000000	0.859600	0.105480)
(13.250000	0.901800	0.103900)
(14.000000	0.949400	0.107660)
(14.250000	0.990600	0.105320)
(14.750000	1.003300	0.109710)
(15.000000	1.034400	0.108350)
(15.250000	1.076000	0.105350)
(15.500000	1.120100	0.101860)
(15.750000	1.168100	0.097850)
(16.000000	1.224300	0.092880)
(16.250000	1.293900	0.086430)
(16.750000	1.369600	0.082050)
(17.000000	1.416300	0.078880)
(17.250000	1.409500	0.082180)
(17.500000	1.422200	0.083150)
(17.750000	1.442200	0.083210)
(18.000000	1.437600	0.086330)
(18.250000	1.441700	0.088390)
(18.500000	1.450700	0.089790)
(18.750000	1.442800	0.093450)
(19.000000	1.441900	0.096190)
(19.250000	1.443200	0.098680)
(19.500000	1.436500	0.102300)
(19.750000	1.439400	0.104580)
(20.000000	1.432600	0.108310)
(20.250000	1.433300	0.110990)
(20.500000	1.433700	0.113690)
(20.750000	1.431200	0.116860)
(21.000000	1.432800	0.119450)
(21.250000	1.433500	0.122120)
(21.500000	1.430000	0.125500)
(21.750000	1.430200	0.128290)
(22.000000	1.429400	0.131210)
(22.250000	1.425500	0.134710)
(22.500000	1.427500	0.137210)
(22.750000	1.420400	0.141210)
(23.000000	1.420800	0.143990)
(23.250000	1.413800	0.148000)
(23.500000	1.410500	0.151430)
(23.750000	1.409900	0.154350)
(24.000000	1.403300	0.158440)
(24.250000	1.400700	0.161720)
(24.500000	1.403700	0.164020)
(24.750000	1.399000	0.167770)
(25.000000	1.402400	0.170050)
(25.250000	1.406400	0.172070)
(25.500000	1.407800	0.174710)
(25.750000	1.411300	0.176900)
(26.000000	1.417400	0.178520)
(26.250000	1.415000	0.181890)
(26.500000	1.412700	0.185170)
(26.750000	1.420300	0.186560)
(27.000000	1.409100	0.191620)
(27.250000	1.413100	0.193710)
(27.500000	1.384900	0.202460)
(31.964286	1.264035	0.292869)
(36.428571	1.166528	0.390636)
(40.892857	1.080028	0.493456)
(45.357143	0.997137	0.598914)
(49.821429	0.913371	0.704534)
(54.285714	0.826114	0.807846)
(58.750000	0.734046	0.906439)
(63.214286	0.636804	0.998023)
(67.678571	0.534757	1.080484)
(72.142857	0.428857	1.151930)
(76.607143	0.320517	1.210743)
(81.071429	0.211518	1.255612)
(85.535714	0.103922	1.285567)
(90.000000	0.000000	1.300000)
(94.464286	-0.072746	1.285567)
(98.928571	-0.148062	1.255612)
(103.392857	-0.224362	1.210743)
(107.857143	-0.300200	1.151930)
(112.321429	-0.374330	1.080484)
(116.785714	-0.445763	0.998023)
(121.250000	-0.513832	0.906439)
(125.714286	-0.578280	0.807846)
(130.178571	-0.639360	0.704534)
(134.642857	-0.697996	0.598914)
(139.107143	-0.756019	0.493456)
(143.571429	-0.816570	0.390636)
(148.035714	-0.884824	0.292869)
(152.500000	-0.969430	0.202460)
(154.464286	-0.900185	0.165567)
(156.428571	-0.830940	0.130683)
(158.392857	-0.761695	0.097968)
(160.357143	-0.692450	0.067570)
(162.321429	-0.623205	0.039631)
(164.285714	-0.553960	0.014276)
(166.250000	-0.484715	0.001000)
(168.214286	-0.415470	0.001000)
(170.178571	-0.346225	0.001000)
(172.142857	-0.276980	0.001000)
(174.107143	-0.207735	0.001000)
(176.071429	-0.138490	0.001000)
(178.035714	-0.069245	0.001000)
(180.000000	0.000000	0.001000)
