// Re = 0.21
(-180.000000	0.000000	0.029272)
(-177.857143	0.069400	0.031069)
(-175.714286	0.138800	0.036450)
(-173.571429	0.208200	0.045384)
(-171.428571	0.277600	0.057822)
(-169.285714	0.347000	0.073693)
(-167.142857	0.416400	0.092908)
(-165.000000	0.485800	0.115358)
(-162.857143	0.555200	0.140916)
(-160.714286	0.624600	0.169439)
(-158.571429	0.694000	0.200765)
(-156.428571	0.763400	0.234717)
(-154.285714	0.832800	0.271104)
(-152.142857	0.902200	0.309721)
(-150.000000	0.971600	0.350350)
(-145.714286	0.890165	0.436714)
(-141.428571	0.821079	0.528247)
(-137.142857	0.757925	0.622883)
(-132.857143	0.696729	0.718484)
(-128.571429	0.635040	0.812889)
(-124.285714	0.571428	0.903961)
(-120.000000	0.505193	0.989636)
(-115.714286	0.436186	1.067969)
(-111.428571	0.364688	1.137178)
(-107.142857	0.291318	1.195683)
(-102.857143	0.216973	1.242143)
(-98.571429	0.142763	1.275485)
(-94.285714	0.069971	1.294928)
(-90.000000	0.000000	1.300000)
(-85.714286	-0.069971	1.294928)
(-81.428571	-0.142763	1.275485)
(-77.142857	-0.216973	1.242143)
(-72.857143	-0.291318	1.195683)
(-68.571429	-0.364688	1.137178)
(-64.285714	-0.436186	1.067969)
(-60.000000	-0.505193	0.989636)
(-55.714286	-0.571428	0.903961)
(-51.428571	-0.635040	0.812889)
(-47.142857	-0.696729	0.718484)
(-42.857143	-0.757925	0.622883)
(-38.571429	-0.821079	0.528247)
(-34.285714	-0.890165	0.436714)
(-30.000000	-0.971600	0.350350)
(-28.214286	-0.900643	0.326618)
(-26.428571	-0.829686	0.302886)
(-24.642857	-0.758729	0.279154)
(-22.857143	-0.687771	0.255421)
(-21.071429	-0.616814	0.231689)
(-19.285714	-0.545857	0.207957)
(-17.500000	-0.474900	0.184225)
(-15.714286	-0.403943	0.160493)
(-13.928571	-0.332986	0.136761)
(-12.142857	-0.262029	0.113029)
(-10.357143	-0.191071	0.089296)
(-8.571429	-0.120114	0.065564)
(-5.000000	0.021800	0.018100)
(-4.750000	0.055400	0.017200)
(-4.500000	0.083000	0.016530)
(-4.250000	0.110900	0.015920)
(-4.000000	0.139500	0.015360)
(-3.750000	0.169900	0.014770)
(-3.500000	0.199800	0.014220)
(-3.250000	0.228000	0.013650)
(-3.000000	0.258400	0.011890)
(-2.750000	0.288000	0.011790)
(-2.500000	0.316200	0.011820)
(-2.250000	0.342900	0.011910)
(-2.000000	0.370000	0.011990)
(-1.750000	0.398900	0.012090)
(-1.500000	0.422800	0.012290)
(-1.250000	0.446900	0.012470)
(-1.000000	0.474300	0.012540)
(-0.750000	0.501600	0.012560)
(-0.500000	0.527200	0.012610)
(-0.250000	0.554000	0.012640)
(0.000000	0.582900	0.012630)
(0.250000	0.608100	0.012680)
(0.500000	0.634200	0.012730)
(0.750000	0.662200	0.012750)
(1.000000	0.688000	0.012790)
(1.250000	0.713400	0.012860)
(1.500000	0.740500	0.012900)
(1.750000	0.766600	0.012940)
(2.000000	0.790400	0.013010)
(2.250000	0.815600	0.013070)
(2.500000	0.842400	0.013100)
(2.750000	0.864700	0.013180)
(3.000000	0.887700	0.013240)
(3.250000	0.911900	0.013280)
(3.500000	0.933600	0.013310)
(3.750000	0.952400	0.013330)
(4.000000	0.971500	0.013310)
(4.250000	0.992900	0.013230)
(4.500000	1.028100	0.013190)
(4.750000	1.060300	0.013340)
(5.000000	1.091200	0.013500)
(5.250000	1.121300	0.013620)
(5.500000	1.148700	0.013710)
(5.750000	1.174900	0.013790)
(6.000000	1.201600	0.013870)
(6.250000	1.225100	0.013960)
(6.500000	1.248600	0.014060)
(6.750000	1.270100	0.014180)
(7.000000	1.290700	0.014350)
(7.250000	1.311000	0.014570)
(7.500000	1.329800	0.014830)
(7.750000	1.346900	0.015150)
(8.000000	1.361400	0.015550)
(8.250000	1.371500	0.016070)
(8.500000	1.376300	0.016840)
(8.750000	1.375000	0.018010)
(9.000000	1.368400	0.019630)
(9.250000	1.359800	0.021580)
(9.500000	1.349900	0.023860)
(9.750000	1.339900	0.026370)
(10.000000	1.334100	0.028770)
(10.250000	1.332500	0.030950)
(10.500000	1.333300	0.033030)
(10.750000	1.334600	0.035120)
(11.000000	1.336200	0.037250)
(11.250000	1.337800	0.039420)
(11.500000	1.339700	0.041610)
(11.750000	1.341100	0.043880)
(12.000000	1.343100	0.046130)
(12.250000	1.345400	0.048390)
(12.500000	1.348400	0.050600)
(12.750000	1.352400	0.052760)
(13.000000	1.357400	0.054820)
(13.250000	1.364000	0.056730)
(13.500000	1.370600	0.058710)
(13.750000	1.378700	0.060560)
(14.000000	1.387900	0.062320)
(14.250000	1.397200	0.064130)
(14.500000	1.406000	0.066050)
(14.750000	1.416000	0.067830)
(15.000000	1.421600	0.070170)
(15.250000	1.427500	0.072610)
(15.500000	1.432100	0.075190)
(15.750000	1.437700	0.077680)
(16.000000	1.430800	0.081670)
(16.250000	1.428300	0.085110)
(16.500000	1.433400	0.087580)
(16.750000	1.418800	0.092710)
(17.000000	1.404900	0.097910)
(17.250000	1.391000	0.103300)
(17.500000	1.376100	0.109030)
(17.750000	1.360000	0.115210)
(18.000000	1.342900	0.121880)
(18.250000	1.325600	0.128880)
(18.500000	1.308900	0.136110)
(18.750000	1.293500	0.143440)
(19.500000	1.119400	0.229750)
(19.750000	1.125000	0.233320)
(20.000000	1.132600	0.236220)
(20.250000	1.135900	0.240720)
(20.500000	1.141700	0.244330)
(20.750000	1.149200	0.247140)
(21.000000	1.153700	0.251270)
(21.250000	1.160200	0.254580)
(21.500000	1.167800	0.257250)
(21.750000	1.172900	0.261170)
(22.000000	1.180000	0.264100)
(22.250000	1.186400	0.267520)
(22.500000	1.192900	0.270790)
(22.750000	1.199900	0.273730)
(23.000000	1.206400	0.276940)
(23.250000	1.213300	0.279900)
(23.500000	1.220000	0.282940)
(23.750000	1.226900	0.285800)
(24.000000	1.233600	0.288930)
(24.250000	1.240600	0.291590)
(24.500000	1.247200	0.294610)
(24.750000	1.254100	0.297470)
(25.000000	1.261000	0.299920)
(25.250000	1.267600	0.303130)
(25.500000	1.274500	0.305460)
(25.750000	1.281100	0.308540)
(26.000000	1.287900	0.311220)
(26.250000	1.294600	0.313390)
(26.500000	1.301100	0.316570)
(26.750000	1.307700	0.318960)
(27.000000	1.314200	0.321620)
(27.250000	1.320800	0.324300)
(27.500000	1.327100	0.326390)
(27.750000	1.333600	0.329330)
(28.000000	1.339900	0.331890)
(28.250000	1.346100	0.333980)
(28.500000	1.352400	0.336640)
(28.750000	1.358600	0.339200)
(29.000000	1.364600	0.341430)
(29.250000	1.370500	0.343630)
(29.500000	1.376700	0.346310)
(29.750000	1.382600	0.348650)
(30.000000	1.388000	0.350350)
(34.285714	1.271664	0.436714)
(38.571429	1.172970	0.528247)
(42.857143	1.082750	0.622883)
(47.142857	0.995327	0.718484)
(51.428571	0.907200	0.812889)
(55.714286	0.816325	0.903961)
(60.000000	0.721704	0.989636)
(64.285714	0.623123	1.067969)
(68.571429	0.520982	1.137178)
(72.857143	0.416169	1.195683)
(77.142857	0.309961	1.242143)
(81.428571	0.203948	1.275485)
(85.714286	0.099958	1.294928)
(90.000000	0.000000	1.300000)
(94.285714	-0.069971	1.294928)
(98.571429	-0.142763	1.275485)
(102.857143	-0.216973	1.242143)
(107.142857	-0.291318	1.195683)
(111.428571	-0.364688	1.137178)
(115.714286	-0.436186	1.067969)
(120.000000	-0.505193	0.989636)
(124.285714	-0.571428	0.903961)
(128.571429	-0.635040	0.812889)
(132.857143	-0.696729	0.718484)
(137.142857	-0.757925	0.622883)
(141.428571	-0.821079	0.528247)
(145.714286	-0.890165	0.436714)
(150.000000	-0.971600	0.350350)
(152.142857	-0.902200	0.309721)
(154.285714	-0.832800	0.271104)
(156.428571	-0.763400	0.234717)
(158.571429	-0.694000	0.200765)
(160.714286	-0.624600	0.169439)
(162.857143	-0.555200	0.140916)
(165.000000	-0.485800	0.115358)
(167.142857	-0.416400	0.092908)
(169.285714	-0.347000	0.073693)
(171.428571	-0.277600	0.057822)
(173.571429	-0.208200	0.045384)
(175.714286	-0.138800	0.036450)
(177.857143	-0.069400	0.031069)
(180.000000	0.000000	0.029272)
