// Re = 0.19
(-180.000000	0.000000	0.001000)
(-178.232143	0.069705	0.001000)
(-176.464286	0.139410	0.001000)
(-174.696429	0.209115	0.001000)
(-172.928571	0.278820	0.001000)
(-171.160714	0.348525	0.001000)
(-169.392857	0.418230	0.013625)
(-167.625000	0.487935	0.029474)
(-165.857143	0.557640	0.047599)
(-164.089286	0.627345	0.067932)
(-162.321429	0.697050	0.090395)
(-160.553571	0.766755	0.114905)
(-158.785714	0.836460	0.141368)
(-157.017857	0.906165	0.169686)
(-155.250000	0.975870	0.199750)
(-150.589286	0.883398	0.286528)
(-145.928571	0.813915	0.382370)
(-141.267857	0.755138	0.484774)
(-136.607143	0.700050	0.591063)
(-131.946429	0.644503	0.698463)
(-127.285714	0.586089	0.804174)
(-122.625000	0.523560	0.905441)
(-117.964286	0.456499	0.999633)
(-113.303571	0.385117	1.084303)
(-108.642857	0.310119	1.157262)
(-103.982143	0.232596	1.216627)
(-99.321429	0.153950	1.260881)
(-94.660714	0.075816	1.288902)
(-90.000000	0.000000	1.300000)
(-85.339286	-0.075816	1.288902)
(-80.678571	-0.153950	1.260881)
(-76.017857	-0.232596	1.216627)
(-71.357143	-0.310119	1.157262)
(-66.696429	-0.385117	1.084303)
(-62.035714	-0.456499	0.999633)
(-57.375000	-0.523560	0.905441)
(-52.714286	-0.586089	0.804174)
(-48.053571	-0.644503	0.698463)
(-43.392857	-0.700050	0.591063)
(-38.732143	-0.755138	0.484774)
(-34.071429	-0.813915	0.382370)
(-29.410714	-0.883398	0.286528)
(-24.750000	-0.975870	0.199750)
(-23.339286	-0.906529	0.186544)
(-21.928571	-0.837189	0.173339)
(-20.517857	-0.767848	0.160133)
(-19.107143	-0.698507	0.146927)
(-17.696429	-0.629166	0.133721)
(-16.285714	-0.559826	0.120516)
(-14.875000	-0.490485	0.107310)
(-13.464286	-0.421144	0.094104)
(-12.053571	-0.351804	0.080899)
(-10.642857	-0.282463	0.067693)
(-9.232143	-0.213122	0.054487)
(-7.821429	-0.143781	0.041281)
(-5.000000	-0.005100	0.014870)
(-4.750000	0.025700	0.014890)
(-4.500000	0.051600	0.015050)
(-4.250000	0.082900	0.015150)
(-4.000000	0.107800	0.015360)
(-3.750000	0.137200	0.015510)
(-3.500000	0.163000	0.015750)
(-3.250000	0.190700	0.015950)
(-3.000000	0.218000	0.016070)
(-2.750000	0.244900	0.016220)
(-2.500000	0.272400	0.016380)
(-2.250000	0.298500	0.016550)
(-2.000000	0.327400	0.016610)
(-1.750000	0.352600	0.016750)
(-1.500000	0.381000	0.016800)
(-1.250000	0.407900	0.016860)
(-1.000000	0.435800	0.016900)
(-0.750000	0.462800	0.016940)
(-0.500000	0.491100	0.016960)
(-0.250000	0.518100	0.017010)
(0.000000	0.546400	0.017030)
(0.250000	0.573300	0.017090)
(0.500000	0.601400	0.017130)
(0.750000	0.628500	0.017200)
(1.000000	0.656200	0.017260)
(1.250000	0.683600	0.017340)
(1.500000	0.710900	0.017420)
(1.750000	0.738800	0.017500)
(2.000000	0.765900	0.017610)
(2.250000	0.794200	0.017670)
(2.500000	0.819200	0.017840)
(2.750000	0.849800	0.017860)
(3.000000	0.871900	0.018100)
(3.250000	0.903800	0.018130)
(3.500000	0.924500	0.018380)
(3.750000	0.955200	0.018420)
(4.000000	0.978200	0.018670)
(4.250000	1.006600	0.018730)
(4.500000	1.029200	0.018980)
(4.750000	1.058800	0.019050)
(5.000000	1.081100	0.019300)
(5.250000	1.109200	0.019350)
(5.500000	1.130600	0.019610)
(5.750000	1.160300	0.019620)
(6.000000	1.180400	0.019880)
(6.250000	1.211700	0.019840)
(6.500000	1.229500	0.020110)
(6.750000	1.253600	0.020230)
(7.000000	1.278100	0.020310)
(7.250000	1.298000	0.020520)
(7.500000	1.325800	0.020450)
(7.750000	1.345100	0.020420)
(8.000000	1.362600	0.020340)
(8.250000	1.378500	0.020310)
(8.500000	1.393700	0.020360)
(8.750000	1.408100	0.020310)
(9.000000	1.426000	0.020140)
(9.250000	1.453200	0.020330)
(9.500000	1.478500	0.020540)
(9.750000	1.494200	0.020850)
(10.000000	1.508000	0.021180)
(10.250000	1.522900	0.021510)
(10.500000	1.533500	0.022040)
(10.750000	1.540700	0.022730)
(11.000000	1.548200	0.023470)
(11.250000	1.551800	0.024450)
(11.500000	1.553400	0.025660)
(11.750000	1.553400	0.027090)
(12.000000	1.550800	0.028840)
(12.250000	1.546600	0.030820)
(12.500000	1.540200	0.033130)
(12.750000	1.531700	0.035730)
(13.000000	1.521700	0.038620)
(13.250000	1.510900	0.041760)
(13.500000	1.500000	0.045080)
(13.750000	1.489600	0.048510)
(14.000000	1.479900	0.052010)
(14.250000	1.470700	0.055580)
(14.500000	1.462300	0.059170)
(14.750000	1.454700	0.062760)
(15.000000	1.447500	0.066380)
(15.250000	1.440700	0.070020)
(15.500000	1.434400	0.073670)
(15.750000	1.428400	0.077350)
(16.000000	1.422600	0.081060)
(16.250000	1.417000	0.084810)
(16.500000	1.411500	0.088590)
(16.750000	1.406300	0.092400)
(17.000000	1.400500	0.096340)
(17.250000	1.394300	0.100370)
(17.500000	1.387900	0.104480)
(17.750000	1.381300	0.108620)
(18.000000	1.375900	0.112600)
(18.250000	1.372400	0.116280)
(18.500000	1.371000	0.119620)
(18.750000	1.371700	0.122630)
(19.000000	1.374300	0.125310)
(19.250000	1.378400	0.127740)
(19.500000	1.383700	0.129970)
(19.750000	1.389700	0.132030)
(20.000000	1.396800	0.133910)
(20.250000	1.406500	0.135270)
(20.500000	1.411300	0.137630)
(20.750000	1.420300	0.139100)
(21.000000	1.427600	0.140970)
(21.250000	1.436400	0.142450)
(21.500000	1.441200	0.144800)
(21.750000	1.452800	0.145730)
(22.000000	1.451800	0.149220)
(22.250000	1.457200	0.151350)
(22.500000	1.466700	0.152660)
(22.750000	1.462000	0.156930)
(23.000000	1.458500	0.160920)
(23.250000	1.456600	0.164590)
(23.500000	1.461500	0.166790)
(23.750000	1.461600	0.170080)
(24.000000	1.447600	0.176490)
(24.250000	1.432000	0.183470)
(24.500000	1.414200	0.191150)
(24.750000	1.394100	0.199750)
(29.410714	1.261997	0.286528)
(34.071429	1.162736	0.382370)
(38.732143	1.078769	0.484774)
(43.392857	1.000072	0.591063)
(48.053571	0.920719	0.698463)
(52.714286	0.837270	0.804174)
(57.375000	0.747942	0.905441)
(62.035714	0.652141	0.999633)
(66.696429	0.550167	1.084303)
(71.357143	0.443027	1.157262)
(76.017857	0.332280	1.216627)
(80.678571	0.219929	1.260881)
(85.339286	0.108308	1.288902)
(90.000000	0.000000	1.300000)
(94.660714	-0.075816	1.288902)
(99.321429	-0.153950	1.260881)
(103.982143	-0.232596	1.216627)
(108.642857	-0.310119	1.157262)
(113.303571	-0.385117	1.084303)
(117.964286	-0.456499	0.999633)
(122.625000	-0.523560	0.905441)
(127.285714	-0.586089	0.804174)
(131.946429	-0.644503	0.698463)
(136.607143	-0.700050	0.591063)
(141.267857	-0.755138	0.484774)
(145.928571	-0.813915	0.382370)
(150.589286	-0.883398	0.286528)
(155.250000	-0.975870	0.199750)
(157.017857	-0.906165	0.169686)
(158.785714	-0.836460	0.141368)
(160.553571	-0.766755	0.114905)
(162.321429	-0.697050	0.090395)
(164.089286	-0.627345	0.067932)
(165.857143	-0.557640	0.047599)
(167.625000	-0.487935	0.029474)
(169.392857	-0.418230	0.013625)
(171.160714	-0.348525	0.001000)
(172.928571	-0.278820	0.001000)
(174.696429	-0.209115	0.001000)
(176.464286	-0.139410	0.001000)
(178.232143	-0.069705	0.001000)
(180.000000	0.000000	0.001000)
