// Re = 0.08
(-180.000000	0.000000	0.001000)
(-178.428571	0.069915	0.001000)
(-176.857143	0.139830	0.001000)
(-175.285714	0.209745	0.001000)
(-173.714286	0.279660	0.001000)
(-172.142857	0.349575	0.001000)
(-170.571429	0.419490	0.011492)
(-169.000000	0.489405	0.024050)
(-167.428571	0.559320	0.038439)
(-165.857143	0.629235	0.054616)
(-164.285714	0.699150	0.072531)
(-162.714286	0.769065	0.092132)
(-161.142857	0.838980	0.113361)
(-159.571429	0.908895	0.136153)
(-158.000000	0.978810	0.160440)
(-153.142857	0.875549	0.244164)
(-148.285714	0.804495	0.339072)
(-143.428571	0.748074	0.442462)
(-138.571429	0.696829	0.551395)
(-133.714286	0.645354	0.662773)
(-128.857143	0.590553	0.773432)
(-124.000000	0.530796	0.880232)
(-119.142857	0.465476	0.980145)
(-114.285714	0.394745	1.070342)
(-109.428571	0.319341	1.148275)
(-104.571429	0.240467	1.211749)
(-99.714286	0.159689	1.258985)
(-94.857143	0.078852	1.288672)
(-90.000000	0.000000	1.300000)
(-85.142857	-0.078852	1.288672)
(-80.285714	-0.159689	1.258985)
(-75.428571	-0.240467	1.211749)
(-70.571429	-0.319341	1.148275)
(-65.714286	-0.394745	1.070342)
(-60.857143	-0.465476	0.980145)
(-56.000000	-0.530796	0.880232)
(-51.142857	-0.590553	0.773432)
(-46.285714	-0.645354	0.662773)
(-41.428571	-0.696829	0.551395)
(-36.571429	-0.748074	0.442462)
(-31.714286	-0.804495	0.339072)
(-26.857143	-0.875549	0.244164)
(-22.000000	-0.978810	0.160440)
(-20.785714	-0.929138	0.151666)
(-19.571429	-0.879466	0.142893)
(-18.357143	-0.829794	0.134119)
(-17.142857	-0.780121	0.125346)
(-15.928571	-0.730449	0.116572)
(-14.714286	-0.680777	0.107799)
(-13.500000	-0.631105	0.099025)
(-12.285714	-0.581433	0.090251)
(-11.071429	-0.531761	0.081478)
(-9.857143	-0.482089	0.072704)
(-8.642857	-0.432416	0.063931)
(-7.428571	-0.382744	0.055157)
(-5.000000	-0.283400	0.037610)
(-4.750000	-0.269300	0.039020)
(-4.500000	-0.247700	0.040520)
(-4.250000	-0.242700	0.042080)
(-4.000000	-0.216500	0.043410)
(-3.750000	-0.215000	0.044680)
(-3.500000	-0.187400	0.045700)
(-3.250000	-0.187700	0.046740)
(-3.000000	-0.160600	0.047520)
(-2.750000	-0.160900	0.048490)
(-2.500000	-0.134900	0.049220)
(-2.250000	-0.138100	0.050300)
(-2.000000	-0.116700	0.051040)
(-1.750000	-0.116200	0.052010)
(-1.500000	-0.096900	0.052510)
(-1.250000	-0.081700	0.053050)
(-1.000000	-0.066300	0.053600)
(-0.750000	-0.032500	0.053780)
(-0.500000	-0.038100	0.054900)
(0.000000	0.005200	0.056040)
(0.250000	0.012600	0.057070)
(0.500000	0.026300	0.057910)
(0.750000	0.053700	0.058470)
(1.000000	0.065300	0.059740)
(1.250000	0.073000	0.060950)
(1.500000	0.089400	0.062280)
(1.750000	0.113500	0.063660)
(2.500000	0.099600	0.070130)
(2.750000	0.114700	0.071110)
(3.000000	0.151300	0.072760)
(3.250000	0.157200	0.073370)
(3.500000	0.175100	0.074630)
(3.750000	0.208400	0.076190)
(4.000000	0.214700	0.077010)
(4.250000	0.232200	0.078370)
(4.500000	0.262100	0.079890)
(4.750000	0.272300	0.081020)
(5.000000	0.287600	0.082450)
(5.250000	0.319500	0.084150)
(5.500000	0.327200	0.085250)
(5.750000	0.338400	0.086630)
(6.000000	0.358800	0.088240)
(6.250000	0.380000	0.089640)
(6.500000	0.388200	0.090940)
(6.750000	0.398000	0.092350)
(7.000000	0.413500	0.093920)
(7.250000	0.437800	0.095310)
(7.500000	0.442800	0.096420)
(7.750000	0.447700	0.097500)
(8.000000	0.456100	0.098470)
(8.250000	0.479600	0.100910)
(8.500000	0.502700	0.103400)
(8.750000	0.525700	0.105900)
(9.000000	0.548400	0.108390)
(9.250000	0.571200	0.110860)
(9.750000	0.626700	0.115600)
(10.000000	0.642900	0.118060)
(10.250000	0.673500	0.119320)
(10.500000	0.762200	0.111860)
(10.750000	0.773100	0.113980)
(11.000000	0.792300	0.115520)
(11.750000	0.850500	0.119640)
(12.000000	0.871500	0.120690)
(12.250000	0.895800	0.121240)
(12.500000	0.921100	0.121550)
(12.750000	0.918100	0.124960)
(13.000000	0.937500	0.125800)
(13.250000	0.959500	0.126210)
(13.500000	0.982400	0.126350)
(13.750000	0.976800	0.130370)
(14.750000	1.027900	0.136200)
(15.250000	1.064000	0.137030)
(16.000000	1.255100	0.111490)
(16.250000	1.291400	0.108130)
(16.500000	1.440800	0.087930)
(16.750000	1.449900	0.089110)
(17.000000	1.453500	0.091070)
(17.250000	1.453900	0.093520)
(17.500000	1.452600	0.096270)
(17.750000	1.450700	0.099180)
(18.000000	1.448900	0.102120)
(18.250000	1.447300	0.105090)
(18.500000	1.445700	0.108100)
(18.750000	1.443800	0.111210)
(19.000000	1.441500	0.114420)
(19.250000	1.439200	0.117670)
(19.500000	1.437500	0.120860)
(19.750000	1.437100	0.123880)
(20.000000	1.439300	0.126510)
(20.250000	1.433500	0.130600)
(20.500000	1.437900	0.132980)
(20.750000	1.435200	0.136670)
(21.000000	1.436000	0.139760)
(21.250000	1.433500	0.143480)
(21.500000	1.428000	0.147820)
(21.750000	1.427200	0.151370)
(22.000000	1.398300	0.160440)
(26.857143	1.250785	0.244164)
(31.714286	1.149278	0.339072)
(36.571429	1.068677	0.442462)
(41.428571	0.995470	0.551395)
(46.285714	0.921935	0.662773)
(51.142857	0.843647	0.773432)
(56.000000	0.758280	0.880232)
(60.857143	0.664966	0.980145)
(65.714286	0.563921	1.070342)
(70.571429	0.456201	1.148275)
(75.428571	0.343524	1.211749)
(80.285714	0.228128	1.258985)
(85.142857	0.112646	1.288672)
(90.000000	0.000000	1.300000)
(94.857143	-0.078852	1.288672)
(99.714286	-0.159689	1.258985)
(104.571429	-0.240467	1.211749)
(109.428571	-0.319341	1.148275)
(114.285714	-0.394745	1.070342)
(119.142857	-0.465476	0.980145)
(124.000000	-0.530796	0.880232)
(128.857143	-0.590553	0.773432)
(133.714286	-0.645354	0.662773)
(138.571429	-0.696829	0.551395)
(143.428571	-0.748074	0.442462)
(148.285714	-0.804495	0.339072)
(153.142857	-0.875549	0.244164)
(158.000000	-0.978810	0.160440)
(159.571429	-0.908895	0.136153)
(161.142857	-0.838980	0.113361)
(162.714286	-0.769065	0.092132)
(164.285714	-0.699150	0.072531)
(165.857143	-0.629235	0.054616)
(167.428571	-0.559320	0.038439)
(169.000000	-0.489405	0.024050)
(170.571429	-0.419490	0.011492)
(172.142857	-0.349575	0.001000)
(173.714286	-0.279660	0.001000)
(175.285714	-0.209745	0.001000)
(176.857143	-0.139830	0.001000)
(178.428571	-0.069915	0.001000)
(180.000000	0.000000	0.001000)
