// Re = 0.1
(-180.000000	0.000000	0.051753)
(-178.000000	0.040785	0.053305)
(-176.000000	0.081570	0.057953)
(-174.000000	0.122355	0.065674)
(-172.000000	0.163140	0.076429)
(-170.000000	0.203925	0.090167)
(-168.000000	0.244710	0.106818)
(-166.000000	0.285495	0.126300)
(-164.000000	0.326280	0.148517)
(-162.000000	0.367065	0.173359)
(-160.000000	0.407850	0.200703)
(-158.000000	0.448635	0.230414)
(-156.000000	0.489420	0.262344)
(-154.000000	0.530205	0.296336)
(-152.000000	0.570990	0.332220)
(-147.571429	0.566923	0.417513)
(-143.142857	0.561294	0.509132)
(-138.714286	0.551042	0.604850)
(-134.285714	0.534331	0.702341)
(-129.857143	0.510123	0.799229)
(-125.428571	0.477964	0.893152)
(-121.000000	0.437854	0.981811)
(-116.571429	0.390167	1.063034)
(-112.142857	0.335596	1.134820)
(-107.714286	0.275099	1.195392)
(-103.285714	0.209860	1.243239)
(-98.857143	0.141243	1.277149)
(-94.428571	0.070755	1.296245)
(-90.000000	0.000000	1.300000)
(-85.571429	-0.070755	1.296245)
(-81.142857	-0.141243	1.277149)
(-76.714286	-0.209860	1.243239)
(-72.285714	-0.275099	1.195392)
(-67.857143	-0.335596	1.134820)
(-63.428571	-0.390167	1.063034)
(-59.000000	-0.437854	0.981811)
(-54.571429	-0.477964	0.893152)
(-50.142857	-0.510123	0.799229)
(-45.714286	-0.534331	0.702341)
(-41.285714	-0.551042	0.604850)
(-36.857143	-0.561294	0.509132)
(-32.428571	-0.566923	0.417513)
(-28.000000	-0.570990	0.332220)
(-26.357143	-0.521448	0.312451)
(-24.714286	-0.471906	0.292683)
(-23.071429	-0.422364	0.272914)
(-21.428571	-0.372821	0.253146)
(-19.785714	-0.323279	0.233377)
(-18.142857	-0.273737	0.213609)
(-16.500000	-0.224195	0.193840)
(-14.857143	-0.174653	0.174071)
(-13.214286	-0.125111	0.154303)
(-11.571429	-0.075569	0.134534)
(-9.928571	-0.026026	0.114766)
(-8.285714	0.023516	0.094997)
(-5.000000	0.122600	0.055460)
(-4.750000	0.098100	0.055960)
(-4.250000	-0.071600	0.059230)
(-4.000000	0.084400	0.057650)
(-3.500000	-0.211800	0.060650)
(-2.500000	-0.218700	0.061070)
(-2.250000	-0.237300	0.062960)
(-2.000000	-0.218500	0.062860)
(-1.750000	-0.209600	0.062980)
(-1.500000	-0.214600	0.064490)
(-1.250000	-0.188700	0.064320)
(-1.000000	-0.183900	0.065290)
(-0.750000	-0.181900	0.066200)
(-0.250000	-0.179400	0.069250)
(0.000000	-0.140400	0.068950)
(1.000000	-0.148300	0.075650)
(1.250000	-0.117000	0.076570)
(1.500000	-0.105000	0.077240)
(1.750000	-0.081600	0.078060)
(2.000000	-0.060300	0.079040)
(2.250000	-0.046300	0.079910)
(2.500000	-0.014400	0.081080)
(2.750000	-0.006400	0.081940)
(3.000000	0.032400	0.083380)
(3.250000	0.036600	0.084170)
(3.500000	0.059000	0.085500)
(3.750000	0.081200	0.086640)
(4.000000	0.094500	0.087870)
(4.250000	0.127200	0.089370)
(4.500000	0.134800	0.090470)
(4.750000	0.152500	0.091980)
(5.000000	0.178300	0.093330)
(5.250000	0.192600	0.094820)
(5.500000	0.222600	0.096490)
(5.750000	0.236000	0.097880)
(6.000000	0.242400	0.099260)
(6.250000	0.281200	0.101240)
(6.500000	0.284600	0.102440)
(6.750000	0.295900	0.104120)
(7.000000	0.327800	0.105950)
(7.250000	0.338800	0.107480)
(7.500000	0.347200	0.109130)
(7.750000	0.362800	0.111010)
(8.000000	0.390100	0.112610)
(8.250000	0.401000	0.114470)
(8.500000	0.409600	0.116180)
(8.750000	0.438200	0.118200)
(9.000000	0.450900	0.119720)
(9.250000	0.460300	0.121610)
(9.500000	0.471400	0.123560)
(9.750000	0.496100	0.125400)
(10.000000	0.512800	0.127140)
(10.250000	0.520300	0.129030)
(10.500000	0.530200	0.130990)
(10.750000	0.545200	0.133060)
(11.000000	0.574800	0.134710)
(11.250000	0.583500	0.136420)
(11.500000	0.591400	0.138340)
(11.750000	0.602000	0.140320)
(12.000000	0.614300	0.142280)
(12.250000	0.627700	0.144130)
(12.500000	0.690200	0.138070)
(12.750000	0.704300	0.139210)
(13.000000	0.718800	0.140220)
(13.250000	0.551400	0.164610)
(13.500000	0.557600	0.166630)
(13.750000	0.562500	0.168490)
(14.000000	0.567000	0.170180)
(14.250000	0.572100	0.171920)
(14.500000	0.577900	0.173490)
(14.750000	0.586900	0.174860)
(15.000000	0.596500	0.176140)
(15.250000	0.599000	0.177230)
(15.500000	0.592600	0.178550)
(15.750000	0.591400	0.180170)
(16.000000	0.596700	0.181850)
(16.250000	0.610700	0.183060)
(16.500000	0.602700	0.184490)
(17.250000	0.611900	0.186890)
(17.500000	0.614200	0.189290)
(17.750000	0.618800	0.191900)
(18.000000	0.625300	0.194590)
(18.250000	0.634100	0.197350)
(18.500000	0.648900	0.200180)
(18.750000	0.662500	0.202860)
(19.000000	0.664600	0.205600)
(19.250000	0.667900	0.208510)
(19.500000	0.672400	0.211550)
(19.750000	0.678800	0.214600)
(20.000000	0.689900	0.217530)
(20.250000	0.703300	0.220490)
(20.500000	0.704000	0.223530)
(20.750000	0.706300	0.226780)
(21.000000	0.710300	0.230080)
(21.250000	0.716700	0.233310)
(21.500000	0.728900	0.236210)
(22.000000	0.737100	0.242620)
(22.250000	0.740100	0.245990)
(22.500000	0.744100	0.249360)
(22.750000	0.748700	0.252710)
(23.000000	0.753800	0.256000)
(23.250000	0.759300	0.259320)
(23.500000	0.764700	0.262650)
(23.750000	0.769400	0.266160)
(24.500000	0.775900	0.277650)
(24.750000	0.776900	0.281810)
(25.000000	0.778900	0.285910)
(25.250000	0.784600	0.289370)
(25.500000	0.788300	0.293020)
(25.750000	0.788100	0.297550)
(26.000000	0.792600	0.301260)
(26.250000	0.796100	0.304830)
(26.500000	0.796400	0.309320)
(26.750000	0.804000	0.312300)
(27.000000	0.802600	0.316990)
(27.250000	0.805800	0.321020)
(27.500000	0.809200	0.324650)
(27.750000	0.810200	0.329050)
(28.000000	0.815700	0.332220)
(32.428571	0.809890	0.417513)
(36.857143	0.801849	0.509132)
(41.285714	0.787204	0.604850)
(45.714286	0.763330	0.702341)
(50.142857	0.728748	0.799229)
(54.571429	0.682806	0.893152)
(59.000000	0.625505	0.981811)
(63.428571	0.557382	1.063034)
(67.857143	0.479423	1.134820)
(72.285714	0.392999	1.195392)
(76.714286	0.299799	1.243239)
(81.142857	0.201776	1.277149)
(85.571429	0.101078	1.296245)
(90.000000	0.000000	1.300000)
(94.428571	-0.070755	1.296245)
(98.857143	-0.141243	1.277149)
(103.285714	-0.209860	1.243239)
(107.714286	-0.275099	1.195392)
(112.142857	-0.335596	1.134820)
(116.571429	-0.390167	1.063034)
(121.000000	-0.437854	0.981811)
(125.428571	-0.477964	0.893152)
(129.857143	-0.510123	0.799229)
(134.285714	-0.534331	0.702341)
(138.714286	-0.551042	0.604850)
(143.142857	-0.561294	0.509132)
(147.571429	-0.566923	0.417513)
(152.000000	-0.570990	0.332220)
(154.000000	-0.530205	0.296336)
(156.000000	-0.489420	0.262344)
(158.000000	-0.448635	0.230414)
(160.000000	-0.407850	0.200703)
(162.000000	-0.367065	0.173359)
(164.000000	-0.326280	0.148517)
(166.000000	-0.285495	0.126300)
(168.000000	-0.244710	0.106818)
(170.000000	-0.203925	0.090167)
(172.000000	-0.163140	0.076429)
(174.000000	-0.122355	0.065674)
(176.000000	-0.081570	0.057953)
(178.000000	-0.040785	0.053305)
(180.000000	0.000000	0.051753)
