// Re = 0.07
(-180.000000	0.000000	0.010714)
(-178.625000	0.065565	0.011460)
(-177.250000	0.131130	0.013694)
(-175.875000	0.196695	0.017413)
(-174.500000	0.262260	0.022607)
(-173.125000	0.327825	0.029265)
(-171.750000	0.393390	0.037371)
(-170.375000	0.458955	0.046906)
(-169.000000	0.524520	0.057848)
(-167.625000	0.590085	0.070172)
(-166.250000	0.655650	0.083850)
(-164.875000	0.721215	0.098850)
(-163.500000	0.786780	0.115137)
(-162.125000	0.852345	0.132674)
(-160.750000	0.917910	0.151420)
(-155.696429	0.815119	0.229973)
(-150.642857	0.752603	0.321789)
(-145.589286	0.707017	0.424010)
(-140.535714	0.666673	0.533451)
(-135.482143	0.625169	0.646701)
(-130.428571	0.578919	0.760231)
(-125.375000	0.526057	0.870502)
(-120.321429	0.465886	0.974073)
(-115.267857	0.398569	1.067712)
(-110.214286	0.324936	1.148492)
(-105.160714	0.246343	1.213887)
(-100.107143	0.164561	1.261845)
(-95.053571	0.081676	1.290857)
(-90.000000	0.000000	1.300000)
(-84.946429	-0.081676	1.290857)
(-79.892857	-0.164561	1.261845)
(-74.839286	-0.246343	1.213887)
(-69.785714	-0.324936	1.148492)
(-64.732143	-0.398569	1.067712)
(-59.678571	-0.465886	0.974073)
(-54.625000	-0.526057	0.870502)
(-49.571429	-0.578919	0.760231)
(-44.517857	-0.625169	0.646701)
(-39.464286	-0.666673	0.533451)
(-34.410714	-0.707017	0.424010)
(-29.357143	-0.752603	0.321789)
(-24.303571	-0.815119	0.229973)
(-19.250000	-0.917910	0.151420)
(-18.232143	-0.873031	0.143234)
(-17.214286	-0.828151	0.135049)
(-16.196429	-0.783272	0.126863)
(-15.178571	-0.738393	0.118677)
(-14.160714	-0.693514	0.110491)
(-13.142857	-0.648634	0.102306)
(-12.125000	-0.603755	0.094120)
(-11.107143	-0.558876	0.085934)
(-10.089286	-0.513996	0.077749)
(-9.071429	-0.469117	0.069563)
(-8.053571	-0.424238	0.061377)
(-7.035714	-0.379359	0.053191)
(-5.000000	-0.289600	0.036820)
(-4.750000	-0.261300	0.036160)
(-4.500000	-0.229700	0.035430)
(-4.250000	-0.192900	0.034280)
(-4.000000	-0.159700	0.033490)
(-3.750000	-0.141700	0.034970)
(-3.500000	-0.126100	0.036410)
(-3.250000	-0.111900	0.037800)
(-3.000000	-0.097500	0.039060)
(-2.750000	-0.087300	0.040130)
(-2.500000	-0.078200	0.041140)
(-2.250000	-0.064700	0.042020)
(-2.000000	-0.049200	0.042790)
(-1.750000	-0.042000	0.043550)
(-1.500000	-0.029500	0.044260)
(-1.250000	-0.015200	0.044850)
(-1.000000	-0.008500	0.045450)
(-0.750000	0.007800	0.045920)
(-0.500000	0.026900	0.046300)
(-0.250000	0.037100	0.046830)
(0.000000	0.058900	0.047270)
(0.250000	0.078100	0.047720)
(0.500000	0.092200	0.048310)
(0.750000	0.118800	0.048790)
(1.000000	0.130700	0.049440)
(1.250000	0.148700	0.050090)
(1.500000	0.175700	0.050590)
(1.750000	0.182600	0.051500)
(2.000000	0.205100	0.052160)
(2.250000	0.218200	0.053000)
(2.500000	0.233000	0.053780)
(2.750000	0.258900	0.054330)
(3.000000	0.260300	0.055470)
(3.250000	0.284200	0.056130)
(3.500000	0.294600	0.057570)
(3.750000	0.311200	0.059340)
(4.000000	0.332900	0.061830)
(4.250000	0.363100	0.064020)
(4.500000	0.393800	0.065770)
(4.750000	0.423200	0.067580)
(5.000000	0.451400	0.069430)
(5.250000	0.478300	0.071340)
(5.500000	0.504100	0.073310)
(5.750000	0.530300	0.074230)
(6.000000	0.580200	0.074380)
(6.250000	0.570700	0.078900)
(6.750000	0.606000	0.083400)
(7.000000	0.624800	0.086150)
(7.250000	0.639300	0.088490)
(7.500000	0.652200	0.090920)
(7.750000	0.666500	0.093910)
(8.000000	0.666600	0.097180)
(8.250000	0.784600	0.088560)
(8.500000	0.794200	0.090590)
(8.750000	0.832000	0.090660)
(9.000000	0.835500	0.093050)
(9.250000	0.872100	0.092950)
(9.500000	0.874700	0.095450)
(9.750000	0.909400	0.095260)
(10.000000	0.912300	0.097740)
(10.250000	0.947000	0.097260)
(10.500000	0.950200	0.099700)
(10.750000	0.965500	0.100940)
(11.000000	0.990400	0.101010)
(11.250000	1.000300	0.102650)
(11.500000	1.035600	0.101080)
(12.500000	1.194700	0.086550)
(12.750000	1.417200	0.056460)
(13.000000	1.423600	0.057080)
(13.250000	1.433400	0.057390)
(13.500000	1.429400	0.059530)
(13.750000	1.425000	0.061930)
(14.000000	1.418500	0.064790)
(14.250000	1.412000	0.067830)
(14.500000	1.406600	0.070890)
(14.750000	1.401200	0.074100)
(15.000000	1.398900	0.077040)
(15.250000	1.397900	0.079970)
(15.500000	1.397200	0.082960)
(15.750000	1.398900	0.085720)
(16.000000	1.405400	0.087920)
(16.250000	1.404300	0.091260)
(16.500000	1.420400	0.092530)
(16.750000	1.425700	0.095320)
(17.000000	1.436000	0.097650)
(17.250000	1.423500	0.102670)
(17.500000	1.433200	0.105160)
(17.750000	1.418500	0.110630)
(18.000000	1.435300	0.112370)
(18.250000	1.413600	0.118780)
(18.500000	1.390800	0.125720)
(18.750000	1.365700	0.133430)
(19.000000	1.338700	0.142050)
(19.250000	1.311300	0.151420)
(24.303571	1.164456	0.229973)
(29.357143	1.075148	0.321789)
(34.410714	1.010025	0.424010)
(39.464286	0.952391	0.533451)
(44.517857	0.893098	0.646701)
(49.571429	0.827027	0.760231)
(54.625000	0.751510	0.870502)
(59.678571	0.665551	0.974073)
(64.732143	0.569384	1.067712)
(69.785714	0.464194	1.148492)
(74.839286	0.351918	1.213887)
(79.892857	0.235087	1.261845)
(84.946429	0.116681	1.290857)
(90.000000	0.000000	1.300000)
(95.053571	-0.081676	1.290857)
(100.107143	-0.164561	1.261845)
(105.160714	-0.246343	1.213887)
(110.214286	-0.324936	1.148492)
(115.267857	-0.398569	1.067712)
(120.321429	-0.465886	0.974073)
(125.375000	-0.526057	0.870502)
(130.428571	-0.578919	0.760231)
(135.482143	-0.625169	0.646701)
(140.535714	-0.666673	0.533451)
(145.589286	-0.707017	0.424010)
(150.642857	-0.752603	0.321789)
(155.696429	-0.815119	0.229973)
(160.750000	-0.917910	0.151420)
(162.125000	-0.852345	0.132674)
(163.500000	-0.786780	0.115137)
(164.875000	-0.721215	0.098850)
(166.250000	-0.655650	0.083850)
(167.625000	-0.590085	0.070172)
(169.000000	-0.524520	0.057848)
(170.375000	-0.458955	0.046906)
(171.750000	-0.393390	0.037371)
(173.125000	-0.327825	0.029265)
(174.500000	-0.262260	0.022607)
(175.875000	-0.196695	0.017413)
(177.250000	-0.131130	0.013694)
(178.625000	-0.065565	0.011460)
(180.000000	0.000000	0.010714)
