// Re = 0.11
(-180.000000	0.000000	0.001000)
(-178.285714	0.064115	0.001000)
(-176.571429	0.128230	0.001000)
(-174.857143	0.192345	0.001000)
(-173.142857	0.256460	0.001000)
(-171.428571	0.320575	0.001000)
(-169.714286	0.384690	0.003239)
(-168.000000	0.448805	0.018212)
(-166.285714	0.512920	0.035344)
(-164.571429	0.577035	0.054575)
(-162.857143	0.641150	0.075838)
(-161.142857	0.705265	0.099056)
(-159.428571	0.769380	0.124147)
(-157.714286	0.833495	0.151024)
(-156.000000	0.897610	0.179590)
(-151.285714	0.819975	0.266015)
(-146.571429	0.763128	0.362125)
(-141.857143	0.715102	0.465357)
(-137.142857	0.669148	0.572959)
(-132.428571	0.621317	0.682067)
(-127.714286	0.569348	0.789777)
(-123.000000	0.512104	0.893229)
(-118.285714	0.449261	0.989682)
(-113.571429	0.381112	1.076584)
(-108.857143	0.308434	1.151645)
(-104.142857	0.232398	1.212899)
(-99.428571	0.154478	1.258751)
(-94.714286	0.076385	1.288027)
(-90.000000	0.000000	1.300000)
(-85.285714	-0.076385	1.288027)
(-80.571429	-0.154478	1.258751)
(-75.857143	-0.232398	1.212899)
(-71.142857	-0.308434	1.151645)
(-66.428571	-0.381112	1.076584)
(-61.714286	-0.449261	0.989682)
(-57.000000	-0.512104	0.893229)
(-52.285714	-0.569348	0.789777)
(-47.571429	-0.621317	0.682067)
(-42.857143	-0.669148	0.572959)
(-38.142857	-0.715102	0.465357)
(-33.428571	-0.763128	0.362125)
(-28.714286	-0.819975	0.266015)
(-24.000000	-0.897610	0.179590)
(-22.642857	-0.845559	0.168658)
(-21.285714	-0.793509	0.157726)
(-19.928571	-0.741458	0.146794)
(-18.571429	-0.689407	0.135861)
(-17.214286	-0.637356	0.124929)
(-15.857143	-0.585306	0.113997)
(-14.500000	-0.533255	0.103065)
(-13.142857	-0.481204	0.092133)
(-11.785714	-0.429154	0.081201)
(-10.428571	-0.377103	0.070269)
(-9.071429	-0.325052	0.059336)
(-7.714286	-0.273001	0.048404)
(-5.000000	-0.168900	0.026540)
(-4.500000	-0.118600	0.027790)
(-4.250000	-0.108300	0.028650)
(-4.000000	-0.072100	0.029320)
(-3.750000	-0.066200	0.030350)
(-3.500000	-0.036800	0.030750)
(-3.250000	-0.024200	0.031490)
(-3.000000	0.016500	0.031380)
(-2.750000	0.015100	0.032510)
(-2.250000	0.017800	0.034340)
(-1.750000	0.080200	0.034530)
(-1.250000	0.079600	0.036470)
(-1.000000	0.119000	0.035990)
(-0.500000	0.151400	0.036950)
(0.000000	0.157400	0.039520)
(0.250000	0.191700	0.039200)
(0.750000	0.207000	0.041620)
(1.000000	0.232800	0.041920)
(1.250000	0.271600	0.041470)
(1.500000	0.269100	0.043310)
(2.000000	0.306100	0.044810)
(2.500000	0.345000	0.046400)
(2.750000	0.342300	0.048380)
(3.000000	0.379900	0.048100)
(3.250000	0.377800	0.050230)
(3.750000	0.412100	0.052080)
(4.000000	0.415400	0.054060)
(4.250000	0.448200	0.053890)
(4.500000	0.446000	0.056030)
(5.000000	0.481100	0.057820)
(5.250000	0.483300	0.059760)
(5.500000	0.518600	0.059360)
(5.750000	0.518100	0.061430)
(6.000000	0.522100	0.063190)
(6.250000	0.558700	0.062670)
(6.500000	0.559300	0.064550)
(6.750000	0.564100	0.066220)
(7.250000	0.601100	0.067040)
(7.500000	0.603000	0.068540)
(7.750000	0.611000	0.069860)
(8.250000	0.679400	0.070830)
(8.500000	0.700300	0.072430)
(8.750000	0.718900	0.074120)
(9.000000	0.737200	0.075730)
(9.250000	0.755200	0.077260)
(9.750000	0.790400	0.080060)
(10.250000	0.853300	0.079740)
(10.500000	0.870800	0.080680)
(10.750000	0.883500	0.082010)
(11.000000	0.909000	0.081870)
(11.500000	0.930400	0.084670)
(11.750000	0.966300	0.083090)
(12.000000	0.985000	0.083440)
(12.250000	1.032100	0.080220)
(12.500000	1.024200	0.083690)
(12.750000	1.074100	0.079750)
(13.000000	1.128500	0.074920)
(13.250000	1.192800	0.068890)
(13.500000	1.282100	0.060310)
(13.750000	1.342400	0.055560)
(14.000000	1.355400	0.055960)
(14.250000	1.380500	0.055120)
(14.500000	1.391800	0.055770)
(14.750000	1.398500	0.056960)
(15.000000	1.407400	0.057980)
(15.250000	1.404400	0.060380)
(15.500000	1.401600	0.062810)
(15.750000	1.400400	0.065130)
(16.000000	1.393000	0.068300)
(16.250000	1.387300	0.071360)
(16.500000	1.381900	0.074460)
(16.750000	1.376400	0.077670)
(17.000000	1.370900	0.080960)
(17.250000	1.365700	0.084250)
(17.500000	1.361400	0.087510)
(17.750000	1.357500	0.090750)
(18.000000	1.354000	0.093970)
(18.250000	1.350600	0.097200)
(18.500000	1.347200	0.100470)
(18.750000	1.343700	0.103780)
(19.000000	1.340100	0.107130)
(19.250000	1.336600	0.110490)
(19.500000	1.333900	0.113760)
(19.750000	1.332600	0.116790)
(20.000000	1.332600	0.119650)
(20.250000	1.333200	0.122490)
(20.500000	1.334800	0.125140)
(20.750000	1.340700	0.127040)
(21.000000	1.344900	0.129330)
(21.250000	1.352600	0.130950)
(21.500000	1.360000	0.132620)
(21.750000	1.364200	0.134910)
(22.000000	1.367100	0.137440)
(22.250000	1.373400	0.139330)
(22.500000	1.376400	0.141850)
(22.750000	1.370900	0.145930)
(23.000000	1.362500	0.150500)
(23.250000	1.365600	0.153040)
(23.500000	1.343900	0.160270)
(23.750000	1.317400	0.168770)
(24.000000	1.282300	0.179590)
(28.714286	1.171393	0.266015)
(33.428571	1.090183	0.362125)
(38.142857	1.021574	0.465357)
(42.857143	0.955926	0.572959)
(47.571429	0.887596	0.682067)
(52.285714	0.813354	0.789777)
(57.000000	0.731578	0.893229)
(61.714286	0.641802	0.989682)
(66.428571	0.544445	1.076584)
(71.142857	0.440621	1.151645)
(75.857143	0.331997	1.212899)
(80.571429	0.220683	1.258751)
(85.285714	0.109122	1.288027)
(90.000000	0.000000	1.300000)
(94.714286	-0.076385	1.288027)
(99.428571	-0.154478	1.258751)
(104.142857	-0.232398	1.212899)
(108.857143	-0.308434	1.151645)
(113.571429	-0.381112	1.076584)
(118.285714	-0.449261	0.989682)
(123.000000	-0.512104	0.893229)
(127.714286	-0.569348	0.789777)
(132.428571	-0.621317	0.682067)
(137.142857	-0.669148	0.572959)
(141.857143	-0.715102	0.465357)
(146.571429	-0.763128	0.362125)
(151.285714	-0.819975	0.266015)
(156.000000	-0.897610	0.179590)
(157.714286	-0.833495	0.151024)
(159.428571	-0.769380	0.124147)
(161.142857	-0.705265	0.099056)
(162.857143	-0.641150	0.075838)
(164.571429	-0.577035	0.054575)
(166.285714	-0.512920	0.035344)
(168.000000	-0.448805	0.018212)
(169.714286	-0.384690	0.003239)
(171.428571	-0.320575	0.001000)
(173.142857	-0.256460	0.001000)
(174.857143	-0.192345	0.001000)
(176.571429	-0.128230	0.001000)
(178.285714	-0.064115	0.001000)
(180.000000	0.000000	0.001000)
