// Re = 0.25
(-180.000000	0.000000	0.011080)
(-178.500000	0.062695	0.011967)
(-177.000000	0.125390	0.014626)
(-175.500000	0.188085	0.019048)
(-174.000000	0.250780	0.025223)
(-172.500000	0.313475	0.033133)
(-171.000000	0.376170	0.042757)
(-169.500000	0.438865	0.054067)
(-168.000000	0.501560	0.067033)
(-166.500000	0.564255	0.081620)
(-165.000000	0.626950	0.097786)
(-163.500000	0.689645	0.115488)
(-162.000000	0.752340	0.134677)
(-160.500000	0.815035	0.155300)
(-159.000000	0.877730	0.177300)
(-154.071429	0.793866	0.258509)
(-149.142857	0.739348	0.351497)
(-144.214286	0.696933	0.453509)
(-139.285714	0.657532	0.561521)
(-134.357143	0.616024	0.672331)
(-129.428571	0.569518	0.782653)
(-124.500000	0.516539	0.889215)
(-119.571429	0.456601	0.988853)
(-114.642857	0.389964	1.078607)
(-109.714286	0.317470	1.155809)
(-104.785714	0.240424	1.218159)
(-99.857143	0.160497	1.263798)
(-94.928571	0.079639	1.291356)
(-90.000000	0.000000	1.300000)
(-85.071429	-0.079639	1.291356)
(-80.142857	-0.160497	1.263798)
(-75.214286	-0.240424	1.218159)
(-70.285714	-0.317470	1.155809)
(-65.357143	-0.389964	1.078607)
(-60.428571	-0.456601	0.988853)
(-55.500000	-0.516539	0.889215)
(-50.571429	-0.569518	0.782653)
(-45.642857	-0.616024	0.672331)
(-40.714286	-0.657532	0.561521)
(-35.785714	-0.696933	0.453509)
(-30.857143	-0.739348	0.351497)
(-25.928571	-0.793866	0.258509)
(-21.000000	-0.877730	0.177300)
(-19.857143	-0.812785	0.165756)
(-18.714286	-0.747840	0.154213)
(-17.571429	-0.682895	0.142669)
(-16.428571	-0.617950	0.131126)
(-15.285714	-0.553005	0.119582)
(-14.142857	-0.488060	0.108039)
(-13.000000	-0.423115	0.096495)
(-11.857143	-0.358170	0.084951)
(-10.714286	-0.293225	0.073408)
(-9.571429	-0.228280	0.061864)
(-8.428571	-0.163335	0.050321)
(-7.285714	-0.098390	0.038777)
(-5.000000	0.031500	0.015690)
(-4.750000	0.059800	0.015120)
(-4.500000	0.086800	0.014620)
(-4.250000	0.112900	0.014160)
(-4.000000	0.139900	0.013710)
(-3.750000	0.168800	0.013230)
(-3.500000	0.196400	0.012710)
(-3.250000	0.222900	0.011200)
(-3.000000	0.250600	0.010830)
(-2.750000	0.279600	0.010800)
(-2.500000	0.306000	0.010850)
(-2.250000	0.333200	0.010910)
(-2.000000	0.362100	0.010960)
(-1.750000	0.387800	0.011070)
(-1.500000	0.413600	0.011230)
(-1.250000	0.440700	0.011360)
(-1.000000	0.467200	0.011430)
(-0.750000	0.493500	0.011480)
(-0.500000	0.521200	0.011520)
(-0.250000	0.548300	0.011550)
(0.000000	0.574400	0.011600)
(0.250000	0.601700	0.011640)
(0.500000	0.628700	0.011670)
(0.750000	0.654500	0.011730)
(1.000000	0.681600	0.011780)
(1.250000	0.708500	0.011830)
(1.500000	0.734000	0.011900)
(1.750000	0.760600	0.011970)
(2.000000	0.787400	0.012030)
(2.250000	0.812300	0.012100)
(2.500000	0.838300	0.012180)
(2.750000	0.865000	0.012240)
(3.000000	0.889400	0.012330)
(3.250000	0.913900	0.012390)
(3.500000	0.939800	0.012450)
(3.750000	0.963400	0.012520)
(4.000000	0.986000	0.012590)
(4.250000	1.009500	0.012660)
(4.500000	1.033000	0.012690)
(4.750000	1.051900	0.012730)
(5.000000	1.070000	0.012720)
(5.250000	1.087900	0.012660)
(5.500000	1.118800	0.012630)
(5.750000	1.148500	0.012760)
(6.000000	1.176900	0.012900)
(6.250000	1.204000	0.013030)
(6.500000	1.226800	0.013160)
(6.750000	1.249700	0.013290)
(7.000000	1.270300	0.013440)
(7.250000	1.290300	0.013630)
(7.500000	1.310200	0.013860)
(7.750000	1.328700	0.014130)
(8.000000	1.345300	0.014440)
(8.250000	1.358700	0.014790)
(8.500000	1.369500	0.015250)
(8.750000	1.377300	0.015890)
(9.000000	1.380300	0.016800)
(9.250000	1.378600	0.018060)
(9.500000	1.374600	0.019610)
(9.750000	1.369300	0.021420)
(10.000000	1.363100	0.023450)
(10.250000	1.356900	0.025670)
(10.500000	1.350600	0.028040)
(10.750000	1.345600	0.030430)
(11.000000	1.343400	0.032710)
(11.250000	1.343000	0.034920)
(11.500000	1.343700	0.037090)
(11.750000	1.344500	0.039320)
(12.000000	1.345000	0.041610)
(12.250000	1.345500	0.043980)
(12.500000	1.346300	0.046370)
(12.750000	1.346400	0.048870)
(13.000000	1.347200	0.051350)
(13.250000	1.347900	0.053870)
(13.500000	1.348800	0.056390)
(13.750000	1.350700	0.058860)
(14.000000	1.352900	0.061280)
(14.250000	1.355900	0.063630)
(14.500000	1.359600	0.065910)
(14.750000	1.363800	0.068150)
(15.000000	1.368300	0.070390)
(15.250000	1.373100	0.072600)
(15.500000	1.377900	0.074820)
(15.750000	1.383700	0.076920)
(16.000000	1.389700	0.078990)
(16.250000	1.392800	0.081550)
(16.500000	1.401300	0.083250)
(16.750000	1.401100	0.086350)
(17.000000	1.409100	0.088160)
(17.250000	1.405200	0.091870)
(17.500000	1.412100	0.093850)
(17.750000	1.408300	0.097590)
(18.000000	1.403900	0.101490)
(18.250000	1.403900	0.104640)
(18.500000	1.409200	0.106920)
(18.750000	1.396300	0.112380)
(19.000000	1.383800	0.117910)
(19.250000	1.371100	0.123640)
(19.500000	1.357700	0.129690)
(19.750000	1.343000	0.136190)
(20.000000	1.326300	0.143400)
(20.250000	1.307600	0.151370)
(20.500000	1.288300	0.159920)
(20.750000	1.269800	0.168730)
(21.000000	1.253900	0.177300)
(25.928571	1.134094	0.258509)
(30.857143	1.056212	0.351497)
(35.785714	0.995618	0.453509)
(40.714286	0.939331	0.561521)
(45.642857	0.880035	0.672331)
(50.571429	0.813598	0.782653)
(55.500000	0.737912	0.889215)
(60.428571	0.652287	0.988853)
(65.357143	0.557092	1.078607)
(70.285714	0.453529	1.155809)
(75.214286	0.343463	1.218159)
(80.142857	0.229281	1.263798)
(85.071429	0.113770	1.291356)
(90.000000	0.000000	1.300000)
(94.928571	-0.079639	1.291356)
(99.857143	-0.160497	1.263798)
(104.785714	-0.240424	1.218159)
(109.714286	-0.317470	1.155809)
(114.642857	-0.389964	1.078607)
(119.571429	-0.456601	0.988853)
(124.500000	-0.516539	0.889215)
(129.428571	-0.569518	0.782653)
(134.357143	-0.616024	0.672331)
(139.285714	-0.657532	0.561521)
(144.214286	-0.696933	0.453509)
(149.142857	-0.739348	0.351497)
(154.071429	-0.793866	0.258509)
(159.000000	-0.877730	0.177300)
(160.500000	-0.815035	0.155300)
(162.000000	-0.752340	0.134677)
(163.500000	-0.689645	0.115488)
(165.000000	-0.626950	0.097786)
(166.500000	-0.564255	0.081620)
(168.000000	-0.501560	0.067033)
(169.500000	-0.438865	0.054067)
(171.000000	-0.376170	0.042757)
(172.500000	-0.313475	0.033133)
(174.000000	-0.250780	0.025223)
(175.500000	-0.188085	0.019048)
(177.000000	-0.125390	0.014626)
(178.500000	-0.062695	0.011967)
(180.000000	0.000000	0.011080)
