// Re = 0.11
(-180.000000	0.000000	0.036442)
(-178.803571	0.063515	0.037001)
(-177.607143	0.127030	0.038676)
(-176.410714	0.190545	0.041466)
(-175.214286	0.254060	0.045364)
(-174.017857	0.317575	0.050363)
(-172.821429	0.381090	0.056457)
(-171.625000	0.444605	0.063632)
(-170.428571	0.508120	0.071877)
(-169.232143	0.571635	0.081177)
(-168.035714	0.635150	0.091517)
(-166.839286	0.698665	0.102876)
(-165.642857	0.762180	0.115237)
(-164.446429	0.825695	0.128576)
(-163.250000	0.889210	0.142870)
(-158.017857	0.776569	0.215940)
(-152.785714	0.716909	0.304292)
(-147.553571	0.678215	0.404950)
(-142.321429	0.645747	0.514527)
(-137.089286	0.611798	0.629328)
(-131.857143	0.572155	0.745483)
(-126.625000	0.524630	0.859068)
(-121.392857	0.468381	0.966241)
(-116.160714	0.403544	1.063367)
(-110.928571	0.331007	1.147144)
(-105.696429	0.252258	1.214709)
(-100.464286	0.169255	1.263736)
(-95.232143	0.084313	1.292513)
(-90.000000	0.000000	1.300000)
(-84.767857	-0.084313	1.292513)
(-79.535714	-0.169255	1.263736)
(-74.303571	-0.252258	1.214709)
(-69.071429	-0.331007	1.147144)
(-63.839286	-0.403544	1.063367)
(-58.607143	-0.468381	0.966241)
(-53.375000	-0.524630	0.859068)
(-48.142857	-0.572155	0.745483)
(-42.910714	-0.611798	0.629328)
(-37.678571	-0.645747	0.514527)
(-32.446429	-0.678215	0.404950)
(-27.214286	-0.716909	0.304292)
(-21.982143	-0.776569	0.215940)
(-16.750000	-0.889210	0.142870)
(-15.910714	-0.836138	0.135059)
(-15.071429	-0.783066	0.127247)
(-14.232143	-0.729994	0.119436)
(-13.392857	-0.676921	0.111624)
(-12.553571	-0.623849	0.103813)
(-11.714286	-0.570777	0.096001)
(-10.875000	-0.517705	0.088190)
(-10.035714	-0.464633	0.080379)
(-9.196429	-0.411561	0.072567)
(-8.357143	-0.358489	0.064756)
(-7.517857	-0.305416	0.056944)
(-6.678571	-0.252344	0.049133)
(-5.000000	-0.146200	0.033510)
(-4.750000	-0.108700	0.031310)
(-4.500000	-0.069200	0.029530)
(-4.250000	-0.028100	0.027970)
(-4.000000	0.006600	0.026930)
(-3.750000	0.040900	0.025930)
(-3.500000	0.082700	0.024870)
(-3.250000	0.115400	0.024170)
(-3.000000	0.150900	0.023450)
(-2.750000	0.201100	0.022150)
(-2.500000	0.242300	0.020880)
(-2.250000	0.269400	0.021260)
(-2.000000	0.296600	0.021560)
(-1.750000	0.315900	0.021970)
(-1.500000	0.329700	0.022400)
(-1.250000	0.345200	0.022660)
(-1.000000	0.364600	0.022790)
(-0.750000	0.387800	0.022830)
(-0.500000	0.411300	0.022850)
(-0.250000	0.435100	0.022840)
(0.000000	0.459300	0.022830)
(0.250000	0.483900	0.022780)
(0.500000	0.513700	0.022460)
(0.750000	0.534600	0.022460)
(1.000000	0.555200	0.022450)
(1.250000	0.574800	0.022410)
(1.500000	0.593800	0.022340)
(1.750000	0.618300	0.022230)
(2.000000	0.657300	0.022230)
(2.250000	0.696600	0.022390)
(2.500000	0.742100	0.022150)
(2.750000	0.778500	0.022400)
(3.000000	0.814300	0.022660)
(3.250000	0.849400	0.022920)
(3.500000	0.883600	0.023180)
(3.750000	0.917100	0.023430)
(4.000000	0.949800	0.023670)
(4.250000	0.982000	0.023890)
(4.500000	1.014100	0.024020)
(4.750000	1.047400	0.023930)
(5.000000	1.081000	0.023750)
(5.250000	1.113500	0.023680)
(5.500000	1.145300	0.023670)
(5.750000	1.170400	0.023930)
(6.000000	1.205600	0.023310)
(6.250000	1.233900	0.023030)
(6.500000	1.262900	0.022680)
(6.750000	1.294700	0.021810)
(7.000000	1.318400	0.021220)
(7.250000	1.340900	0.020920)
(7.750000	1.379900	0.020950)
(8.000000	1.395900	0.021120)
(8.250000	1.407600	0.021460)
(8.500000	1.412700	0.022110)
(8.750000	1.406100	0.023340)
(9.000000	1.387600	0.025620)
(9.250000	1.365900	0.028660)
(9.500000	1.347700	0.031910)
(9.750000	1.336100	0.034930)
(10.000000	1.330400	0.037630)
(10.250000	1.330700	0.039950)
(10.500000	1.334100	0.042080)
(10.750000	1.341800	0.043960)
(11.000000	1.353800	0.045590)
(11.250000	1.369700	0.047070)
(11.500000	1.386900	0.048560)
(11.750000	1.405300	0.050120)
(12.000000	1.425100	0.051800)
(12.250000	1.446200	0.053660)
(12.500000	1.469600	0.055720)
(12.750000	1.500000	0.057890)
(13.000000	1.498900	0.060930)
(13.250000	1.530100	0.063580)
(13.500000	1.518400	0.067060)
(13.750000	1.508000	0.070770)
(14.000000	1.497800	0.074640)
(14.250000	1.486800	0.078700)
(14.500000	1.474500	0.082910)
(14.750000	1.460700	0.087350)
(15.000000	1.440500	0.092400)
(15.250000	1.411900	0.098500)
(15.500000	1.381700	0.105200)
(15.750000	1.354100	0.112270)
(16.000000	1.328500	0.119720)
(16.250000	1.305300	0.127480)
(16.500000	1.285500	0.135330)
(16.750000	1.270300	0.142870)
(21.982143	1.109384	0.215940)
(27.214286	1.024156	0.304292)
(32.446429	0.968879	0.404950)
(37.678571	0.922495	0.514527)
(42.910714	0.873998	0.629328)
(48.142857	0.817365	0.745483)
(53.375000	0.749472	0.859068)
(58.607143	0.669116	0.966241)
(63.839286	0.576491	1.063367)
(69.071429	0.472867	1.147144)
(74.303571	0.360369	1.214709)
(79.535714	0.241793	1.263736)
(84.767857	0.120447	1.292513)
(90.000000	0.000000	1.300000)
(95.232143	-0.084313	1.292513)
(100.464286	-0.169255	1.263736)
(105.696429	-0.252258	1.214709)
(110.928571	-0.331007	1.147144)
(116.160714	-0.403544	1.063367)
(121.392857	-0.468381	0.966241)
(126.625000	-0.524630	0.859068)
(131.857143	-0.572155	0.745483)
(137.089286	-0.611798	0.629328)
(142.321429	-0.645747	0.514527)
(147.553571	-0.678215	0.404950)
(152.785714	-0.716909	0.304292)
(158.017857	-0.776569	0.215940)
(163.250000	-0.889210	0.142870)
(164.446429	-0.825695	0.128576)
(165.642857	-0.762180	0.115237)
(166.839286	-0.698665	0.102876)
(168.035714	-0.635150	0.091517)
(169.232143	-0.571635	0.081177)
(170.428571	-0.508120	0.071877)
(171.625000	-0.444605	0.063632)
(172.821429	-0.381090	0.056457)
(174.017857	-0.317575	0.050363)
(175.214286	-0.254060	0.045364)
(176.410714	-0.190545	0.041466)
(177.607143	-0.127030	0.038676)
(178.803571	-0.063515	0.037001)
(180.000000	0.000000	0.036442)
