// Re = 0.1
(-180.000000	0.000000	0.001000)
(-178.589286	0.062785	0.001000)
(-177.178571	0.125570	0.001000)
(-175.767857	0.188355	0.004564)
(-174.357143	0.251140	0.010059)
(-172.946429	0.313925	0.017100)
(-171.535714	0.376710	0.025671)
(-170.125000	0.439495	0.035751)
(-168.714286	0.502280	0.047315)
(-167.303571	0.565065	0.060337)
(-165.892857	0.627850	0.074783)
(-164.482143	0.690635	0.090620)
(-163.071429	0.753420	0.107808)
(-161.660714	0.816205	0.126306)
(-160.250000	0.878990	0.146070)
(-155.232143	0.788794	0.225877)
(-150.214286	0.733357	0.318609)
(-145.196429	0.692161	0.421433)
(-140.178571	0.654758	0.531203)
(-135.160714	0.615370	0.644565)
(-130.142857	0.570761	0.758052)
(-125.125000	0.519266	0.868195)
(-120.107143	0.460307	0.971627)
(-115.089286	0.394112	1.065188)
(-110.071429	0.321539	1.146020)
(-105.053571	0.243947	1.211653)
(-100.035714	0.163088	1.260083)
(-95.017857	0.081016	1.289834)
(-90.000000	0.000000	1.300000)
(-84.982143	-0.081016	1.289834)
(-79.964286	-0.163088	1.260083)
(-74.946429	-0.243947	1.211653)
(-69.928571	-0.321539	1.146020)
(-64.910714	-0.394112	1.065188)
(-59.892857	-0.460307	0.971627)
(-54.875000	-0.519266	0.868195)
(-49.857143	-0.570761	0.758052)
(-44.839286	-0.615370	0.644565)
(-39.821429	-0.654758	0.531203)
(-34.803571	-0.692161	0.421433)
(-29.785714	-0.733357	0.318609)
(-24.767857	-0.788794	0.225877)
(-19.750000	-0.878990	0.146070)
(-18.696429	-0.831184	0.137851)
(-17.642857	-0.783377	0.129633)
(-16.589286	-0.735571	0.121414)
(-15.535714	-0.687764	0.113196)
(-14.482143	-0.639958	0.104977)
(-13.428571	-0.592151	0.096759)
(-12.375000	-0.544345	0.088540)
(-11.321429	-0.496539	0.080321)
(-10.267857	-0.448732	0.072103)
(-9.214286	-0.400926	0.063884)
(-8.160714	-0.353119	0.055666)
(-7.107143	-0.305313	0.047447)
(-5.000000	-0.209700	0.031010)
(-4.750000	-0.172300	0.030020)
(-4.500000	-0.149600	0.029490)
(-4.250000	-0.123300	0.028900)
(-4.000000	-0.087700	0.027990)
(-3.750000	-0.063700	0.027220)
(-3.500000	-0.019200	0.025310)
(-3.250000	0.000200	0.026020)
(-3.000000	0.018900	0.026750)
(-2.750000	0.051400	0.027210)
(-2.500000	0.063500	0.028020)
(-2.250000	0.075200	0.028850)
(-2.000000	0.092500	0.029480)
(-1.750000	0.115100	0.029840)
(-1.500000	0.126600	0.030450)
(-1.250000	0.152100	0.030640)
(-1.000000	0.166600	0.031090)
(-0.750000	0.177900	0.031690)
(-0.500000	0.209300	0.031490)
(-0.250000	0.221600	0.032100)
(0.250000	0.271600	0.032350)
(0.500000	0.283400	0.033060)
(1.000000	0.330100	0.033430)
(1.250000	0.342500	0.034220)
(1.500000	0.374800	0.034040)
(1.750000	0.386600	0.034740)
(2.000000	0.397000	0.035620)
(2.250000	0.430300	0.035200)
(2.500000	0.438400	0.036250)
(2.750000	0.446000	0.037220)
(3.000000	0.477200	0.036750)
(3.250000	0.480900	0.037840)
(3.500000	0.487900	0.038840)
(3.750000	0.538000	0.038290)
(4.000000	0.560800	0.039680)
(4.250000	0.584900	0.041110)
(4.500000	0.636500	0.040660)
(4.750000	0.657500	0.042210)
(5.000000	0.678200	0.043720)
(5.500000	0.746900	0.044490)
(5.750000	0.764700	0.045920)
(6.500000	0.819100	0.049660)
(6.750000	0.866400	0.048450)
(7.000000	0.858400	0.051650)
(7.250000	0.900100	0.050710)
(7.750000	0.936600	0.052500)
(8.000000	0.990800	0.049980)
(8.500000	1.135200	0.040680)
(9.000000	1.222500	0.036910)
(9.250000	1.290300	0.033420)
(9.500000	1.333900	0.031560)
(9.750000	1.363600	0.030600)
(10.000000	1.378400	0.030460)
(10.250000	1.397500	0.030080)
(10.500000	1.408600	0.030120)
(10.750000	1.412800	0.030550)
(11.000000	1.416200	0.031110)
(11.250000	1.413200	0.032180)
(11.500000	1.409200	0.033480)
(11.750000	1.403300	0.035100)
(12.000000	1.393200	0.037250)
(12.250000	1.380700	0.039860)
(12.500000	1.367200	0.042790)
(12.750000	1.353900	0.045950)
(13.000000	1.341700	0.049230)
(13.250000	1.331000	0.052570)
(13.500000	1.322300	0.055850)
(13.750000	1.315800	0.059000)
(14.000000	1.311400	0.062010)
(14.250000	1.308400	0.064910)
(14.500000	1.306000	0.067830)
(14.750000	1.304200	0.070740)
(15.000000	1.303500	0.073570)
(15.250000	1.305100	0.076140)
(15.500000	1.309800	0.078340)
(15.750000	1.317200	0.080310)
(16.000000	1.327900	0.081940)
(16.250000	1.343000	0.083110)
(16.500000	1.351700	0.085260)
(16.750000	1.362900	0.087140)
(17.000000	1.373100	0.089230)
(17.250000	1.380500	0.091700)
(17.500000	1.388500	0.094120)
(17.750000	1.384300	0.097900)
(18.000000	1.388000	0.100880)
(18.250000	1.374300	0.105850)
(18.500000	1.360600	0.110950)
(18.750000	1.346000	0.116350)
(19.000000	1.327800	0.122450)
(19.250000	1.303500	0.129870)
(19.500000	1.278600	0.137880)
(19.750000	1.255700	0.146070)
(24.767857	1.126848	0.225877)
(29.785714	1.047654	0.318609)
(34.803571	0.988802	0.421433)
(39.821429	0.935368	0.531203)
(44.839286	0.879100	0.644565)
(49.857143	0.815373	0.758052)
(54.875000	0.741809	0.868195)
(59.892857	0.657581	0.971627)
(64.910714	0.563017	1.065188)
(69.928571	0.459342	1.146020)
(74.946429	0.348496	1.211653)
(79.964286	0.232983	1.260083)
(84.982143	0.115738	1.289834)
(90.000000	0.000000	1.300000)
(95.017857	-0.081016	1.289834)
(100.035714	-0.163088	1.260083)
(105.053571	-0.243947	1.211653)
(110.071429	-0.321539	1.146020)
(115.089286	-0.394112	1.065188)
(120.107143	-0.460307	0.971627)
(125.125000	-0.519266	0.868195)
(130.142857	-0.570761	0.758052)
(135.160714	-0.615370	0.644565)
(140.178571	-0.654758	0.531203)
(145.196429	-0.692161	0.421433)
(150.214286	-0.733357	0.318609)
(155.232143	-0.788794	0.225877)
(160.250000	-0.878990	0.146070)
(161.660714	-0.816205	0.126306)
(163.071429	-0.753420	0.107808)
(164.482143	-0.690635	0.090620)
(165.892857	-0.627850	0.074783)
(167.303571	-0.565065	0.060337)
(168.714286	-0.502280	0.047315)
(170.125000	-0.439495	0.035751)
(171.535714	-0.376710	0.025671)
(172.946429	-0.313925	0.017100)
(174.357143	-0.251140	0.010059)
(175.767857	-0.188355	0.004564)
(177.178571	-0.125570	0.001000)
(178.589286	-0.062785	0.001000)
(180.000000	0.000000	0.001000)
