// Re = 0.17
(-180.000000	0.000000	0.025919)
(-178.732143	0.065925	0.026549)
(-177.464286	0.131850	0.028438)
(-176.196429	0.197775	0.031582)
(-174.928571	0.263700	0.035976)
(-173.660714	0.329625	0.041610)
(-172.392857	0.395550	0.048473)
(-171.125000	0.461475	0.056551)
(-169.857143	0.527400	0.065830)
(-168.589286	0.593325	0.076290)
(-167.321429	0.659250	0.087911)
(-166.053571	0.725175	0.100669)
(-164.785714	0.791100	0.114541)
(-163.517857	0.857025	0.129497)
(-162.250000	0.922950	0.145510)
(-157.089286	0.808843	0.220891)
(-151.928571	0.744153	0.310739)
(-146.767857	0.699806	0.412122)
(-141.607143	0.661946	0.521729)
(-136.446429	0.623189	0.635980)
(-131.285714	0.579454	0.751140)
(-126.125000	0.528609	0.863442)
(-120.964286	0.469823	0.969207)
(-115.803571	0.403212	1.064965)
(-110.642857	0.329620	1.147566)
(-105.482143	0.250469	1.214286)
(-100.321429	0.167631	1.262911)
(-95.160714	0.083321	1.291813)
(-90.000000	0.000000	1.300000)
(-84.839286	-0.083321	1.291813)
(-79.678571	-0.167631	1.262911)
(-74.517857	-0.250469	1.214286)
(-69.357143	-0.329620	1.147566)
(-64.196429	-0.403212	1.064965)
(-59.035714	-0.469823	0.969207)
(-53.875000	-0.528609	0.863442)
(-48.714286	-0.579454	0.751140)
(-43.553571	-0.623189	0.635980)
(-38.392857	-0.661946	0.521729)
(-33.232143	-0.699806	0.412122)
(-28.071429	-0.744153	0.310739)
(-22.910714	-0.808843	0.220891)
(-17.750000	-0.922950	0.145510)
(-16.839286	-0.856675	0.136691)
(-15.928571	-0.790400	0.127873)
(-15.017857	-0.724125	0.119054)
(-14.107143	-0.657850	0.110236)
(-13.196429	-0.591575	0.101417)
(-12.285714	-0.525300	0.092599)
(-11.375000	-0.459025	0.083780)
(-10.464286	-0.392750	0.074961)
(-9.553571	-0.326475	0.066143)
(-8.642857	-0.260200	0.057324)
(-7.732143	-0.193925	0.048506)
(-6.821429	-0.127650	0.039687)
(-5.000000	0.004900	0.022050)
(-4.750000	0.041900	0.020700)
(-4.500000	0.075600	0.019680)
(-4.250000	0.107300	0.018820)
(-4.000000	0.140000	0.018010)
(-3.750000	0.174900	0.017180)
(-3.500000	0.206100	0.016540)
(-3.250000	0.238600	0.015900)
(-3.000000	0.277700	0.014430)
(-2.750000	0.315000	0.013500)
(-2.500000	0.342900	0.013610)
(-2.250000	0.370300	0.013740)
(-2.000000	0.396300	0.013910)
(-1.750000	0.419900	0.014180)
(-1.500000	0.443500	0.014420)
(-1.250000	0.467400	0.014550)
(-1.000000	0.494100	0.014590)
(-0.750000	0.520900	0.014600)
(-0.500000	0.549400	0.014580)
(-0.250000	0.576200	0.014570)
(0.000000	0.603300	0.014600)
(0.250000	0.629200	0.014620)
(0.500000	0.655300	0.014650)
(0.750000	0.681600	0.014680)
(1.000000	0.706900	0.014710)
(1.250000	0.733000	0.014740)
(1.500000	0.757600	0.014770)
(1.750000	0.782500	0.014800)
(2.000000	0.807600	0.014830)
(2.250000	0.831000	0.014830)
(2.500000	0.853900	0.014840)
(2.750000	0.875200	0.014860)
(3.000000	0.895300	0.014860)
(3.250000	0.913900	0.014820)
(3.500000	0.934600	0.014720)
(3.750000	0.970000	0.014780)
(4.000000	1.005200	0.014980)
(4.250000	1.040100	0.015100)
(4.500000	1.072700	0.015210)
(4.750000	1.104400	0.015360)
(5.000000	1.136100	0.015500)
(5.250000	1.166900	0.015570)
(5.500000	1.195400	0.015630)
(5.750000	1.222800	0.015640)
(6.000000	1.249300	0.015590)
(6.250000	1.273500	0.015580)
(6.500000	1.297400	0.015600)
(6.750000	1.319700	0.015740)
(7.000000	1.342000	0.015950)
(7.250000	1.362900	0.016200)
(7.500000	1.381600	0.016550)
(7.750000	1.397400	0.017020)
(8.000000	1.408100	0.017730)
(8.250000	1.409400	0.018900)
(8.750000	1.384400	0.023080)
(9.000000	1.369700	0.025790)
(9.250000	1.360700	0.028350)
(9.500000	1.358100	0.030600)
(9.750000	1.359000	0.032680)
(10.000000	1.360700	0.034760)
(10.250000	1.362900	0.036860)
(10.500000	1.365700	0.038960)
(10.750000	1.371000	0.040900)
(11.000000	1.376100	0.042880)
(11.250000	1.382600	0.044760)
(11.500000	1.390700	0.046560)
(11.750000	1.400300	0.048260)
(12.000000	1.410100	0.049970)
(12.250000	1.422400	0.051600)
(12.500000	1.440200	0.052910)
(12.750000	1.449500	0.054860)
(13.000000	1.466400	0.056520)
(13.250000	1.479400	0.058380)
(13.500000	1.492600	0.060580)
(13.750000	1.497800	0.063150)
(14.000000	1.519300	0.065040)
(14.250000	1.510200	0.068690)
(14.500000	1.504400	0.072250)
(14.750000	1.503900	0.075410)
(15.000000	1.522500	0.077630)
(15.250000	1.505000	0.082170)
(15.500000	1.486200	0.087060)
(15.750000	1.467000	0.092230)
(16.000000	1.447500	0.097750)
(16.250000	1.427800	0.103630)
(16.500000	1.407900	0.109860)
(16.750000	1.388200	0.116470)
(17.000000	1.368900	0.123440)
(17.250000	1.350400	0.130670)
(17.500000	1.333400	0.138070)
(17.750000	1.318500	0.145510)
(22.910714	1.155490	0.220891)
(28.071429	1.063076	0.310739)
(33.232143	0.999723	0.412122)
(38.392857	0.945637	0.521729)
(43.553571	0.890270	0.635980)
(48.714286	0.827791	0.751140)
(53.875000	0.755156	0.863442)
(59.035714	0.671176	0.969207)
(64.196429	0.576017	1.064965)
(69.357143	0.470886	1.147566)
(74.517857	0.357813	1.214286)
(79.678571	0.239473	1.262911)
(84.839286	0.119030	1.291813)
(90.000000	0.000000	1.300000)
(95.160714	-0.083321	1.291813)
(100.321429	-0.167631	1.262911)
(105.482143	-0.250469	1.214286)
(110.642857	-0.329620	1.147566)
(115.803571	-0.403212	1.064965)
(120.964286	-0.469823	0.969207)
(126.125000	-0.528609	0.863442)
(131.285714	-0.579454	0.751140)
(136.446429	-0.623189	0.635980)
(141.607143	-0.661946	0.521729)
(146.767857	-0.699806	0.412122)
(151.928571	-0.744153	0.310739)
(157.089286	-0.808843	0.220891)
(162.250000	-0.922950	0.145510)
(163.517857	-0.857025	0.129497)
(164.785714	-0.791100	0.114541)
(166.053571	-0.725175	0.100669)
(167.321429	-0.659250	0.087911)
(168.589286	-0.593325	0.076290)
(169.857143	-0.527400	0.065830)
(171.125000	-0.461475	0.056551)
(172.392857	-0.395550	0.048473)
(173.660714	-0.329625	0.041610)
(174.928571	-0.263700	0.035976)
(176.196429	-0.197775	0.031582)
(177.464286	-0.131850	0.028438)
(178.732143	-0.065925	0.026549)
(180.000000	0.000000	0.025919)
