// Re = 0.1
(-180.000000	0.000000	0.001000)
(-178.321429	0.070805	0.001000)
(-176.642857	0.141610	0.001000)
(-174.964286	0.212415	0.001000)
(-173.285714	0.283220	0.001000)
(-171.607143	0.354025	0.001000)
(-169.928571	0.424830	0.009349)
(-168.250000	0.495635	0.023676)
(-166.571429	0.566440	0.040074)
(-164.892857	0.637245	0.058488)
(-163.214286	0.708050	0.078855)
(-161.535714	0.778855	0.101107)
(-159.857143	0.849660	0.125167)
(-158.178571	0.920465	0.150954)
(-156.500000	0.991270	0.178380)
(-151.750000	0.891279	0.264037)
(-147.000000	0.818878	0.359721)
(-142.250000	0.759344	0.462835)
(-137.500000	0.704481	0.570580)
(-132.750000	0.649509	0.680035)
(-128.000000	0.591665	0.788236)
(-123.250000	0.529499	0.892254)
(-118.500000	0.462484	0.989280)
(-113.750000	0.390791	1.076696)
(-109.000000	0.315127	1.152153)
(-104.250000	0.236626	1.213629)
(-99.500000	0.156757	1.259490)
(-94.750000	0.077245	1.288528)
(-90.000000	0.000000	1.300000)
(-85.250000	-0.077245	1.288528)
(-80.500000	-0.156757	1.259490)
(-75.750000	-0.236626	1.213629)
(-71.000000	-0.315127	1.152153)
(-66.250000	-0.390791	1.076696)
(-61.500000	-0.462484	0.989280)
(-56.750000	-0.529499	0.892254)
(-52.000000	-0.591665	0.788236)
(-47.250000	-0.649509	0.680035)
(-42.500000	-0.704481	0.570580)
(-37.750000	-0.759344	0.462835)
(-33.000000	-0.818878	0.359721)
(-28.250000	-0.891279	0.264037)
(-23.500000	-0.991270	0.178380)
(-22.178571	-0.931536	0.167849)
(-20.857143	-0.871803	0.157319)
(-19.535714	-0.812069	0.146788)
(-18.214286	-0.752336	0.136257)
(-16.892857	-0.692602	0.125726)
(-15.571429	-0.632869	0.115196)
(-14.250000	-0.573135	0.104665)
(-12.928571	-0.513401	0.094134)
(-11.607143	-0.453668	0.083604)
(-10.285714	-0.393934	0.073073)
(-8.964286	-0.334201	0.062542)
(-7.642857	-0.274467	0.052011)
(-5.000000	-0.155000	0.030950)
(-4.500000	-0.111800	0.033130)
(-4.250000	-0.104200	0.034310)
(-4.000000	-0.070500	0.034870)
(-3.750000	-0.066100	0.035840)
(-3.500000	-0.044800	0.036430)
(-3.250000	-0.029000	0.037040)
(-3.000000	0.007700	0.037340)
(-2.750000	0.003700	0.038420)
(-2.250000	0.031700	0.039910)
(-1.750000	0.055900	0.041110)
(-1.500000	0.066000	0.041810)
(-1.250000	0.098000	0.041700)
(-1.000000	0.098200	0.042950)
(-0.500000	0.132300	0.044200)
(0.000000	0.169400	0.045530)
(0.500000	0.211500	0.046920)
(1.000000	0.247100	0.048580)
(1.250000	0.248400	0.050290)
(1.500000	0.283200	0.050390)
(1.750000	0.285600	0.052220)
(2.000000	0.319100	0.052360)
(2.250000	0.322600	0.054320)
(2.500000	0.354400	0.054500)
(2.750000	0.359900	0.056590)
(3.000000	0.389700	0.056760)
(3.250000	0.392700	0.059030)
(3.500000	0.426900	0.059050)
(3.750000	0.424300	0.061520)
(4.000000	0.466100	0.061330)
(4.250000	0.458000	0.064010)
(4.750000	0.496400	0.066410)
(5.000000	0.499700	0.068440)
(5.250000	0.533700	0.068500)
(5.500000	0.532600	0.071030)
(5.750000	0.547200	0.072500)
(6.000000	0.573800	0.073030)
(6.250000	0.576800	0.075320)
(6.750000	0.618400	0.076920)
(7.000000	0.621100	0.079090)
(7.250000	0.629500	0.080810)
(7.500000	0.668300	0.080030)
(7.750000	0.671400	0.082080)
(8.000000	0.675100	0.083850)
(8.250000	0.681300	0.085360)
(8.750000	0.698700	0.086940)
(9.000000	0.737800	0.086770)
(9.250000	0.761100	0.088500)
(9.500000	0.784600	0.090130)
(9.750000	0.808100	0.091630)
(10.000000	0.831400	0.093020)
(10.250000	0.854500	0.094290)
(10.500000	0.877200	0.095430)
(10.750000	0.899400	0.096450)
(11.000000	0.921200	0.097370)
(11.500000	0.963500	0.098930)
(11.750000	0.984300	0.099550)
(12.000000	1.004700	0.100080)
(12.250000	1.004800	0.103070)
(12.500000	1.031000	0.102720)
(12.750000	1.044300	0.103920)
(13.000000	1.070300	0.103330)
(13.250000	1.109400	0.100700)
(13.500000	1.160600	0.096100)
(13.750000	1.221700	0.089730)
(14.000000	1.292700	0.082150)
(14.250000	1.417900	0.068230)
(14.500000	1.425600	0.069400)
(14.750000	1.450800	0.068500)
(15.000000	1.471700	0.068200)
(15.250000	1.485100	0.068840)
(15.500000	1.495700	0.069850)
(15.750000	1.492600	0.072570)
(16.000000	1.488200	0.075550)
(16.250000	1.483800	0.078610)
(16.500000	1.479200	0.081780)
(16.750000	1.474500	0.085020)
(17.000000	1.470400	0.088260)
(17.250000	1.467300	0.091400)
(17.500000	1.463700	0.094710)
(17.750000	1.458200	0.098350)
(18.000000	1.454200	0.101800)
(18.250000	1.450700	0.105220)
(18.500000	1.447300	0.108640)
(18.750000	1.443600	0.112150)
(19.000000	1.439600	0.115740)
(19.250000	1.435600	0.119370)
(19.500000	1.432100	0.122970)
(19.750000	1.429800	0.126390)
(20.000000	1.429100	0.129560)
(20.250000	1.430500	0.132370)
(20.500000	1.436000	0.134460)
(20.750000	1.437400	0.137390)
(21.000000	1.448100	0.138530)
(21.250000	1.452300	0.140950)
(21.500000	1.458000	0.143110)
(21.750000	1.465700	0.144930)
(22.000000	1.466000	0.148100)
(22.250000	1.463000	0.151950)
(22.500000	1.472300	0.153460)
(22.750000	1.456700	0.159790)
(23.000000	1.468600	0.160770)
(23.250000	1.444700	0.168890)
(23.500000	1.416100	0.178380)
(28.250000	1.273256	0.264037)
(33.000000	1.169826	0.359721)
(37.750000	1.084778	0.462835)
(42.500000	1.006401	0.570580)
(47.250000	0.927870	0.680035)
(52.000000	0.845236	0.788236)
(56.750000	0.756427	0.892254)
(61.500000	0.660692	0.989280)
(66.250000	0.558273	1.076696)
(71.000000	0.450181	1.152153)
(75.750000	0.338037	1.213629)
(80.500000	0.223938	1.259490)
(85.250000	0.110350	1.288528)
(90.000000	0.000000	1.300000)
(94.750000	-0.077245	1.288528)
(99.500000	-0.156757	1.259490)
(104.250000	-0.236626	1.213629)
(109.000000	-0.315127	1.152153)
(113.750000	-0.390791	1.076696)
(118.500000	-0.462484	0.989280)
(123.250000	-0.529499	0.892254)
(128.000000	-0.591665	0.788236)
(132.750000	-0.649509	0.680035)
(137.500000	-0.704481	0.570580)
(142.250000	-0.759344	0.462835)
(147.000000	-0.818878	0.359721)
(151.750000	-0.891279	0.264037)
(156.500000	-0.991270	0.178380)
(158.178571	-0.920465	0.150954)
(159.857143	-0.849660	0.125167)
(161.535714	-0.778855	0.101107)
(163.214286	-0.708050	0.078855)
(164.892857	-0.637245	0.058488)
(166.571429	-0.566440	0.040074)
(168.250000	-0.495635	0.023676)
(169.928571	-0.424830	0.009349)
(171.607143	-0.354025	0.001000)
(173.285714	-0.283220	0.001000)
(174.964286	-0.212415	0.001000)
(176.642857	-0.141610	0.001000)
(178.321429	-0.070805	0.001000)
(180.000000	0.000000	0.001000)
