// Re = 0.05
(-180.000000	0.000000	0.016674)
(-177.857143	0.065630	0.018480)
(-175.714286	0.131260	0.023887)
(-173.571429	0.196890	0.032866)
(-171.428571	0.262520	0.045365)
(-169.285714	0.328150	0.061315)
(-167.142857	0.393780	0.080626)
(-165.000000	0.459410	0.103189)
(-162.857143	0.525040	0.128878)
(-160.714286	0.590670	0.157548)
(-158.571429	0.656300	0.189038)
(-156.428571	0.721930	0.223170)
(-154.285714	0.787560	0.259754)
(-152.142857	0.853190	0.298584)
(-150.000000	0.918820	0.339440)
(-145.714286	0.847523	0.426305)
(-141.428571	0.786582	0.518398)
(-137.142857	0.730126	0.613648)
(-132.857143	0.674522	0.709916)
(-128.571429	0.617545	0.805035)
(-124.285714	0.557914	0.896864)
(-120.000000	0.495035	0.983337)
(-115.714286	0.428834	1.062503)
(-111.428571	0.359642	1.132575)
(-107.142857	0.288119	1.191970)
(-102.857143	0.215186	1.239340)
(-98.571429	0.141973	1.273607)
(-94.285714	0.069773	1.293986)
(-90.000000	0.000000	1.300000)
(-85.714286	-0.069773	1.293986)
(-81.428571	-0.141973	1.273607)
(-77.142857	-0.215186	1.239340)
(-72.857143	-0.288119	1.191970)
(-68.571429	-0.359642	1.132575)
(-64.285714	-0.428834	1.062503)
(-60.000000	-0.495035	0.983337)
(-55.714286	-0.557914	0.896864)
(-51.428571	-0.617545	0.805035)
(-47.142857	-0.674522	0.709916)
(-42.857143	-0.730126	0.613648)
(-38.571429	-0.786582	0.518398)
(-34.285714	-0.847523	0.426305)
(-30.000000	-0.918820	0.339440)
(-28.214286	-0.894926	0.318239)
(-26.428571	-0.871031	0.297039)
(-24.642857	-0.847137	0.275838)
(-22.857143	-0.823243	0.254637)
(-21.071429	-0.799349	0.233436)
(-19.285714	-0.775454	0.212236)
(-17.500000	-0.751560	0.191035)
(-15.714286	-0.727666	0.169834)
(-13.928571	-0.703771	0.148634)
(-12.142857	-0.679877	0.127433)
(-10.357143	-0.655983	0.106232)
(-8.571429	-0.632089	0.085031)
(-5.000000	-0.584300	0.042630)
(-4.750000	-0.563000	0.041660)
(-4.500000	-0.543100	0.040900)
(-4.250000	-0.522300	0.040200)
(-4.000000	-0.500500	0.039530)
(-3.750000	-0.477600	0.038870)
(-3.500000	-0.453800	0.038360)
(-3.250000	-0.439200	0.039410)
(-3.000000	-0.433400	0.041290)
(-2.750000	-0.430000	0.043000)
(-2.500000	-0.426000	0.044510)
(-2.250000	-0.419600	0.045810)
(-2.000000	-0.416300	0.046970)
(-1.750000	-0.412100	0.047920)
(-1.500000	-0.407000	0.048680)
(-1.250000	-0.400600	0.049260)
(-1.000000	-0.393500	0.049720)
(-0.750000	-0.387100	0.050080)
(-0.500000	-0.378700	0.050380)
(-0.250000	-0.372200	0.050530)
(0.000000	-0.364000	0.050610)
(0.250000	-0.346500	0.051110)
(0.500000	-0.321400	0.051980)
(0.750000	-0.297500	0.052700)
(1.000000	-0.272100	0.053450)
(1.250000	-0.245700	0.054250)
(1.500000	-0.221200	0.054910)
(1.750000	-0.195700	0.055670)
(2.000000	-0.169400	0.056490)
(2.250000	-0.142100	0.057340)
(2.750000	-0.069100	0.060130)
(3.000000	-0.033400	0.061330)
(3.250000	-0.011200	0.062000)
(3.500000	0.017100	0.063420)
(3.750000	0.048800	0.065180)
(4.000000	0.081500	0.067100)
(4.250000	0.114100	0.069120)
(4.500000	0.145800	0.071170)
(4.750000	0.176600	0.073250)
(5.000000	0.206400	0.075350)
(5.250000	0.235000	0.077470)
(5.500000	0.262500	0.079610)
(5.750000	0.289000	0.081780)
(6.000000	0.314500	0.083990)
(6.250000	0.339100	0.086230)
(6.500000	0.362700	0.088500)
(6.750000	0.385400	0.090800)
(7.000000	0.407200	0.093120)
(7.250000	0.428200	0.095470)
(7.500000	0.448300	0.097840)
(7.750000	0.467800	0.100230)
(8.000000	0.486600	0.102640)
(8.250000	0.504700	0.105070)
(8.500000	0.522400	0.107520)
(8.750000	0.539700	0.110000)
(9.000000	0.556700	0.112520)
(9.250000	0.573600	0.115080)
(9.500000	0.590700	0.117710)
(9.750000	0.608200	0.120430)
(10.000000	0.624800	0.123190)
(10.250000	0.631400	0.125210)
(10.500000	0.641300	0.127430)
(10.750000	0.655400	0.129950)
(11.000000	0.673300	0.132770)
(11.250000	0.690500	0.135780)
(11.500000	0.694400	0.137690)
(11.750000	0.709700	0.140340)
(12.000000	0.727500	0.143460)
(12.250000	0.731400	0.145460)
(12.500000	0.751500	0.148530)
(12.750000	0.757200	0.150970)
(13.000000	0.768700	0.153510)
(13.250000	0.784600	0.156640)
(13.500000	0.788600	0.158990)
(13.750000	0.803200	0.161860)
(14.000000	0.816000	0.164990)
(14.250000	0.820600	0.167570)
(14.500000	0.828700	0.170220)
(14.750000	0.844400	0.173360)
(15.000000	0.854200	0.176430)
(15.250000	0.858800	0.179040)
(15.500000	0.867700	0.181730)
(15.750000	0.883300	0.185070)
(16.000000	0.887400	0.187690)
(16.250000	0.894900	0.190400)
(16.500000	0.912900	0.194020)
(16.750000	0.918800	0.197000)
(17.000000	0.925000	0.199970)
(17.250000	0.931600	0.202950)
(17.500000	0.938500	0.205950)
(17.750000	0.945600	0.208890)
(18.000000	0.953300	0.211810)
(18.250000	0.962100	0.214880)
(18.500000	0.974800	0.218300)
(18.750000	0.983300	0.221500)
(19.000000	0.987300	0.223990)
(19.250000	0.999600	0.227170)
(19.500000	1.007300	0.230320)
(19.750000	1.012300	0.232980)
(20.000000	1.020600	0.235840)
(20.250000	1.029900	0.239040)
(20.500000	1.038000	0.242130)
(20.750000	1.045300	0.245100)
(21.000000	1.052100	0.247970)
(21.250000	1.059400	0.250920)
(21.500000	1.067700	0.253980)
(21.750000	1.077800	0.257260)
(22.000000	1.088600	0.260590)
(22.250000	1.092100	0.262610)
(22.500000	1.098300	0.265240)
(22.750000	1.107100	0.268270)
(23.000000	1.119100	0.271840)
(23.250000	1.122400	0.273640)
(23.500000	1.129000	0.276240)
(23.750000	1.139300	0.279540)
(24.000000	1.146000	0.281820)
(24.250000	1.151600	0.284220)
(24.500000	1.161200	0.287260)
(24.750000	1.168300	0.289650)
(25.000000	1.173900	0.292000)
(25.250000	1.183700	0.295090)
(25.500000	1.189600	0.297160)
(25.750000	1.196100	0.299630)
(26.000000	1.206400	0.302780)
(26.250000	1.210500	0.304490)
(26.500000	1.218500	0.307160)
(26.750000	1.225600	0.309490)
(27.000000	1.231700	0.311750)
(27.250000	1.240800	0.314710)
(27.500000	1.245400	0.316430)
(27.750000	1.253900	0.319230)
(28.000000	1.259400	0.321130)
(28.250000	1.266400	0.323570)
(28.500000	1.273100	0.325800)
(28.750000	1.279300	0.327980)
(29.000000	1.286600	0.330440)
(29.250000	1.292000	0.332330)
(29.500000	1.300000	0.335000)
(29.750000	1.304700	0.336700)
(30.000000	1.312600	0.339440)
(34.285714	1.210747	0.426305)
(38.571429	1.123689	0.518398)
(42.857143	1.043037	0.613648)
(47.142857	0.963603	0.709916)
(51.428571	0.882206	0.805035)
(55.714286	0.797019	0.896864)
(60.000000	0.707193	0.983337)
(64.285714	0.612620	1.062503)
(68.571429	0.513775	1.132575)
(72.857143	0.411599	1.191970)
(77.142857	0.307408	1.239340)
(81.428571	0.202818	1.273607)
(85.714286	0.099676	1.293986)
(90.000000	0.000000	1.300000)
(94.285714	-0.069773	1.293986)
(98.571429	-0.141973	1.273607)
(102.857143	-0.215186	1.239340)
(107.142857	-0.288119	1.191970)
(111.428571	-0.359642	1.132575)
(115.714286	-0.428834	1.062503)
(120.000000	-0.495035	0.983337)
(124.285714	-0.557914	0.896864)
(128.571429	-0.617545	0.805035)
(132.857143	-0.674522	0.709916)
(137.142857	-0.730126	0.613648)
(141.428571	-0.786582	0.518398)
(145.714286	-0.847523	0.426305)
(150.000000	-0.918820	0.339440)
(152.142857	-0.853190	0.298584)
(154.285714	-0.787560	0.259754)
(156.428571	-0.721930	0.223170)
(158.571429	-0.656300	0.189038)
(160.714286	-0.590670	0.157548)
(162.857143	-0.525040	0.128878)
(165.000000	-0.459410	0.103189)
(167.142857	-0.393780	0.080626)
(169.285714	-0.328150	0.061315)
(171.428571	-0.262520	0.045365)
(173.571429	-0.196890	0.032866)
(175.714286	-0.131260	0.023887)
(177.857143	-0.065630	0.018480)
(180.000000	0.000000	0.016674)
