// Re = 0.09
(-180.000000	0.000000	0.001000)
(-178.464286	0.067110	0.001000)
(-176.928571	0.134220	0.001000)
(-175.392857	0.201330	0.001000)
(-173.857143	0.268440	0.001000)
(-172.321429	0.335550	0.008723)
(-170.785714	0.402660	0.018904)
(-169.250000	0.469770	0.030868)
(-167.714286	0.536880	0.044579)
(-166.178571	0.603990	0.059999)
(-164.642857	0.671100	0.077084)
(-163.107143	0.738210	0.095783)
(-161.571429	0.805320	0.116046)
(-160.035714	0.872430	0.137812)
(-158.500000	0.939540	0.161020)
(-153.607143	0.843220	0.243788)
(-148.714286	0.778497	0.338091)
(-143.821429	0.727632	0.441197)
(-138.928571	0.681181	0.550123)
(-134.035714	0.633786	0.661714)
(-129.142857	0.582396	0.772743)
(-124.250000	0.525423	0.879999)
(-119.357143	0.462299	0.980383)
(-114.464286	0.393214	1.070996)
(-109.571429	0.318948	1.149227)
(-104.678571	0.240747	1.212824)
(-99.785714	0.160226	1.259962)
(-94.892857	0.079279	1.289296)
(-90.000000	0.000000	1.300000)
(-85.107143	-0.079279	1.289296)
(-80.214286	-0.160226	1.259962)
(-75.321429	-0.240747	1.212824)
(-70.428571	-0.318948	1.149227)
(-65.535714	-0.393214	1.070996)
(-60.642857	-0.462299	0.980383)
(-55.750000	-0.525423	0.879999)
(-50.857143	-0.582396	0.772743)
(-45.964286	-0.633786	0.661714)
(-41.071429	-0.681181	0.550123)
(-36.178571	-0.727632	0.441197)
(-31.285714	-0.778497	0.338091)
(-26.392857	-0.843220	0.243788)
(-21.500000	-0.939540	0.161020)
(-20.321429	-0.888180	0.151686)
(-19.142857	-0.836820	0.142351)
(-17.964286	-0.785460	0.133017)
(-16.785714	-0.734100	0.123683)
(-15.607143	-0.682740	0.114349)
(-14.428571	-0.631380	0.105014)
(-13.250000	-0.580020	0.095680)
(-12.071429	-0.528660	0.086346)
(-10.892857	-0.477300	0.077011)
(-9.714286	-0.425940	0.067677)
(-8.535714	-0.374580	0.058343)
(-7.357143	-0.323220	0.049009)
(-5.000000	-0.220500	0.030340)
(-4.750000	-0.189700	0.029360)
(-4.500000	-0.158900	0.030150)
(-4.250000	-0.143500	0.031190)
(-4.000000	-0.121500	0.032150)
(-3.750000	-0.099100	0.033100)
(-3.500000	-0.090400	0.034260)
(-3.250000	-0.060800	0.035070)
(-3.000000	-0.056200	0.036170)
(-2.750000	-0.045400	0.037120)
(-2.500000	-0.016200	0.037500)
(-2.250000	-0.009800	0.038490)
(-2.000000	0.014500	0.039020)
(-1.750000	0.017100	0.040060)
(-1.500000	0.029700	0.040790)
(-1.250000	0.051500	0.041160)
(-1.000000	0.063600	0.041890)
(-0.750000	0.090300	0.042070)
(-0.500000	0.101100	0.042920)
(-0.250000	0.133100	0.042960)
(0.000000	0.138600	0.044000)
(0.250000	0.171400	0.043970)
(0.500000	0.178500	0.045130)
(0.750000	0.215800	0.045050)
(1.000000	0.221800	0.046410)
(1.250000	0.256800	0.046310)
(1.500000	0.258400	0.047840)
(1.750000	0.281000	0.048510)
(2.000000	0.299000	0.049420)
(2.250000	0.315900	0.050440)
(2.500000	0.337400	0.051130)
(2.750000	0.346500	0.052410)
(3.000000	0.373300	0.052870)
(3.250000	0.378500	0.054450)
(3.500000	0.412000	0.054630)
(3.750000	0.412600	0.056500)
(4.000000	0.435600	0.057020)
(4.250000	0.444600	0.058390)
(4.500000	0.455300	0.059790)
(4.750000	0.481800	0.060020)
(5.000000	0.481400	0.061820)
(5.250000	0.495200	0.062720)
(5.500000	0.513200	0.063180)
(5.750000	0.512600	0.064670)
(6.000000	0.526400	0.065720)
(6.500000	0.599500	0.067930)
(6.750000	0.620100	0.069870)
(7.000000	0.642100	0.071710)
(7.250000	0.664800	0.073450)
(7.500000	0.687900	0.075080)
(8.250000	0.771200	0.078430)
(8.500000	0.796600	0.079480)
(9.250000	0.852100	0.083690)
(9.750000	0.891800	0.085780)
(10.000000	0.889600	0.088780)
(10.250000	0.934400	0.087030)
(10.500000	0.931100	0.090060)
(11.000000	0.978100	0.090240)
(11.500000	1.026800	0.089790)
(12.000000	1.112500	0.083980)
(12.750000	1.303800	0.064680)
(13.000000	1.355400	0.059910)
(13.250000	1.409900	0.055270)
(13.500000	1.428200	0.054920)
(13.750000	1.440800	0.055260)
(14.000000	1.445000	0.056590)
(14.250000	1.441500	0.058930)
(14.500000	1.438400	0.061320)
(14.750000	1.434100	0.063960)
(15.000000	1.427400	0.067010)
(15.250000	1.418900	0.070450)
(15.500000	1.411100	0.073880)
(15.750000	1.404000	0.077350)
(16.000000	1.396200	0.081050)
(16.250000	1.391100	0.084440)
(16.500000	1.388500	0.087530)
(16.750000	1.385800	0.090700)
(17.000000	1.382600	0.093980)
(17.250000	1.380800	0.097130)
(17.500000	1.381100	0.099930)
(17.750000	1.380800	0.102920)
(18.000000	1.381000	0.105890)
(18.250000	1.384000	0.108480)
(18.500000	1.390600	0.110530)
(18.750000	1.394800	0.113050)
(19.000000	1.405500	0.114530)
(19.250000	1.410200	0.117060)
(19.500000	1.416600	0.119350)
(19.750000	1.424800	0.121390)
(20.000000	1.416700	0.126040)
(20.250000	1.419900	0.128930)
(20.500000	1.408200	0.134280)
(20.750000	1.412900	0.136950)
(21.000000	1.391800	0.144120)
(21.250000	1.368300	0.152060)
(21.500000	1.342200	0.161020)
(26.392857	1.204600	0.243788)
(31.285714	1.112138	0.338091)
(36.178571	1.039474	0.441197)
(41.071429	0.973116	0.550123)
(45.964286	0.905409	0.661714)
(50.857143	0.831995	0.772743)
(55.750000	0.750605	0.879999)
(60.642857	0.660428	0.980383)
(65.535714	0.561734	1.070996)
(70.428571	0.455640	1.149227)
(75.321429	0.343924	1.212824)
(80.214286	0.228894	1.259962)
(85.107143	0.113255	1.289296)
(90.000000	0.000000	1.300000)
(94.892857	-0.079279	1.289296)
(99.785714	-0.160226	1.259962)
(104.678571	-0.240747	1.212824)
(109.571429	-0.318948	1.149227)
(114.464286	-0.393214	1.070996)
(119.357143	-0.462299	0.980383)
(124.250000	-0.525423	0.879999)
(129.142857	-0.582396	0.772743)
(134.035714	-0.633786	0.661714)
(138.928571	-0.681181	0.550123)
(143.821429	-0.727632	0.441197)
(148.714286	-0.778497	0.338091)
(153.607143	-0.843220	0.243788)
(158.500000	-0.939540	0.161020)
(160.035714	-0.872430	0.137812)
(161.571429	-0.805320	0.116046)
(163.107143	-0.738210	0.095783)
(164.642857	-0.671100	0.077084)
(166.178571	-0.603990	0.059999)
(167.714286	-0.536880	0.044579)
(169.250000	-0.469770	0.030868)
(170.785714	-0.402660	0.018904)
(172.321429	-0.335550	0.008723)
(173.857143	-0.268440	0.001000)
(175.392857	-0.201330	0.001000)
(176.928571	-0.134220	0.001000)
(178.464286	-0.067110	0.001000)
(180.000000	0.000000	0.001000)
