// Re = 0.25
(-180.000000	0.000000	0.027043)
(-177.857143	0.041510	0.028842)
(-175.714286	0.083020	0.034227)
(-173.571429	0.124530	0.043170)
(-171.428571	0.166040	0.055619)
(-169.285714	0.207550	0.071504)
(-167.142857	0.249060	0.090735)
(-165.000000	0.290570	0.113205)
(-162.857143	0.332080	0.138786)
(-160.714286	0.373590	0.167335)
(-158.571429	0.415100	0.198690)
(-156.428571	0.456610	0.232674)
(-154.285714	0.498120	0.269097)
(-152.142857	0.539630	0.307751)
(-150.000000	0.581140	0.348420)
(-145.714286	0.574707	0.434872)
(-141.428571	0.565878	0.526505)
(-137.142857	0.552271	0.621249)
(-132.857143	0.532447	0.716969)
(-128.571429	0.505611	0.811500)
(-124.285714	0.471453	0.902706)
(-120.000000	0.430049	0.988522)
(-115.714286	0.381796	1.067002)
(-111.428571	0.327363	1.136364)
(-107.142857	0.267651	1.195026)
(-102.857143	0.203752	1.241647)
(-98.571429	0.136916	1.275153)
(-94.285714	0.068513	1.294761)
(-90.000000	0.000000	1.300000)
(-85.714286	-0.068513	1.294761)
(-81.428571	-0.136916	1.275153)
(-77.142857	-0.203752	1.241647)
(-72.857143	-0.267651	1.195026)
(-68.571429	-0.327363	1.136364)
(-64.285714	-0.381796	1.067002)
(-60.000000	-0.430049	0.988522)
(-55.714286	-0.471453	0.902706)
(-51.428571	-0.505611	0.811500)
(-47.142857	-0.532447	0.716969)
(-42.857143	-0.552271	0.621249)
(-38.571429	-0.565878	0.526505)
(-34.285714	-0.574707	0.434872)
(-30.000000	-0.581140	0.348420)
(-28.214286	-0.536673	0.324679)
(-26.428571	-0.492206	0.300939)
(-24.642857	-0.447739	0.277198)
(-22.857143	-0.403271	0.253457)
(-21.071429	-0.358804	0.229716)
(-19.285714	-0.314337	0.205976)
(-17.500000	-0.269870	0.182235)
(-15.714286	-0.225403	0.158494)
(-13.928571	-0.180936	0.134754)
(-12.142857	-0.136469	0.111013)
(-10.357143	-0.092001	0.087272)
(-8.571429	-0.047534	0.063531)
(-5.000000	0.041400	0.016050)
(-4.750000	0.069400	0.015400)
(-4.500000	0.097900	0.014810)
(-4.250000	0.127700	0.014250)
(-4.000000	0.154800	0.013780)
(-3.750000	0.182100	0.013340)
(-3.500000	0.210300	0.012910)
(-3.250000	0.239700	0.012380)
(-3.000000	0.270600	0.010730)
(-2.750000	0.297800	0.010580)
(-2.500000	0.325300	0.010590)
(-2.250000	0.353800	0.010620)
(-2.000000	0.381600	0.010670)
(-1.750000	0.408100	0.010750)
(-1.500000	0.434800	0.010880)
(-1.250000	0.461900	0.011020)
(-1.000000	0.487300	0.011130)
(-0.750000	0.513800	0.011180)
(-0.500000	0.541700	0.011210)
(-0.250000	0.568800	0.011240)
(0.000000	0.595200	0.011280)
(0.250000	0.622600	0.011320)
(0.500000	0.650300	0.011360)
(0.750000	0.676200	0.011420)
(1.000000	0.702800	0.011470)
(1.250000	0.730900	0.011520)
(1.500000	0.756100	0.011580)
(1.750000	0.782000	0.011650)
(2.000000	0.809100	0.011720)
(2.250000	0.835100	0.011790)
(2.500000	0.859600	0.011860)
(2.750000	0.885000	0.011930)
(3.000000	0.911300	0.012000)
(3.250000	0.934500	0.012070)
(3.500000	0.958300	0.012140)
(3.750000	0.981600	0.012190)
(4.000000	1.004700	0.012220)
(4.250000	1.024700	0.012230)
(4.500000	1.042600	0.012200)
(4.750000	1.060700	0.012140)
(5.000000	1.092600	0.012160)
(5.250000	1.123000	0.012260)
(5.500000	1.151600	0.012360)
(5.750000	1.177800	0.012480)
(6.000000	1.203900	0.012600)
(6.250000	1.227500	0.012740)
(6.500000	1.250500	0.012900)
(6.750000	1.272000	0.013080)
(7.000000	1.293400	0.013310)
(7.250000	1.313600	0.013570)
(7.500000	1.332100	0.013890)
(7.750000	1.348400	0.014280)
(8.000000	1.361200	0.014780)
(8.250000	1.368400	0.015470)
(8.500000	1.370300	0.016510)
(8.750000	1.367100	0.017950)
(9.000000	1.361800	0.019670)
(9.250000	1.355400	0.021640)
(9.500000	1.348000	0.023850)
(9.750000	1.343000	0.026070)
(10.000000	1.342300	0.028090)
(10.250000	1.344400	0.029980)
(10.500000	1.347000	0.031890)
(10.750000	1.349700	0.033840)
(11.000000	1.352600	0.035830)
(11.250000	1.354900	0.037920)
(11.500000	1.356400	0.040120)
(11.750000	1.358500	0.042310)
(12.000000	1.359900	0.044600)
(12.250000	1.361800	0.046890)
(12.500000	1.363900	0.049200)
(12.750000	1.366300	0.051490)
(13.000000	1.369600	0.053760)
(13.250000	1.373500	0.055980)
(13.500000	1.378100	0.058140)
(13.750000	1.383300	0.060240)
(14.000000	1.389000	0.062330)
(14.250000	1.394600	0.064460)
(14.500000	1.400500	0.066580)
(14.750000	1.408600	0.068390)
(15.000000	1.412900	0.070800)
(15.250000	1.420500	0.072760)
(15.500000	1.424200	0.075300)
(15.750000	1.431700	0.077300)
(16.000000	1.429600	0.080690)
(16.250000	1.435700	0.082870)
(16.500000	1.432700	0.086440)
(16.750000	1.427000	0.090480)
(17.000000	1.424000	0.094110)
(17.250000	1.424100	0.097300)
(17.750000	1.410900	0.106000)
(18.000000	1.397300	0.111690)
(18.250000	1.383200	0.117650)
(18.500000	1.368900	0.123880)
(18.750000	1.354300	0.130390)
(19.000000	1.340000	0.137100)
(19.250000	1.285200	0.154270)
(19.500000	1.261700	0.164890)
(19.750000	1.245800	0.174040)
(20.250000	1.139700	0.239060)
(20.500000	1.143700	0.243540)
(20.750000	1.150800	0.246480)
(21.000000	1.156700	0.249990)
(21.250000	1.161700	0.254140)
(21.500000	1.169900	0.256410)
(21.750000	0.794400	0.245740)
(22.000000	0.796200	0.248470)
(22.250000	0.796500	0.251650)
(22.500000	0.796300	0.255140)
(22.750000	0.799300	0.257470)
(23.000000	0.798000	0.261400)
(23.500000	0.800000	0.267670)
(23.750000	0.802700	0.270110)
(24.000000	0.802200	0.273960)
(24.250000	0.804600	0.276530)
(24.500000	0.804500	0.280170)
(24.750000	0.807000	0.282710)
(25.000000	0.807000	0.286430)
(25.250000	0.809100	0.289140)
(25.500000	0.809600	0.292600)
(25.750000	0.811100	0.295650)
(26.000000	0.812700	0.298550)
(26.250000	0.813300	0.301950)
(26.500000	0.815100	0.304810)
(26.750000	0.816000	0.308190)
(27.000000	0.817200	0.311260)
(27.250000	0.818900	0.313960)
(27.500000	0.819500	0.317550)
(27.750000	0.821000	0.320380)
(28.000000	0.822000	0.323590)
(28.250000	0.823000	0.326860)
(28.500000	0.824300	0.329720)
(28.750000	0.825400	0.332860)
(29.000000	0.826200	0.336150)
(29.250000	0.827400	0.339130)
(29.750000	0.829200	0.345450)
(30.000000	0.830200	0.348420)
(34.285714	0.821010	0.434872)
(38.571429	0.808397	0.526505)
(42.857143	0.788959	0.621249)
(47.142857	0.760639	0.716969)
(51.428571	0.722302	0.811500)
(55.714286	0.673504	0.902706)
(60.000000	0.614355	0.988522)
(64.285714	0.545423	1.067002)
(68.571429	0.467662	1.136364)
(72.857143	0.382359	1.195026)
(77.142857	0.291074	1.241647)
(81.428571	0.195594	1.275153)
(85.714286	0.097875	1.294761)
(90.000000	0.000000	1.300000)
(94.285714	-0.068513	1.294761)
(98.571429	-0.136916	1.275153)
(102.857143	-0.203752	1.241647)
(107.142857	-0.267651	1.195026)
(111.428571	-0.327363	1.136364)
(115.714286	-0.381796	1.067002)
(120.000000	-0.430049	0.988522)
(124.285714	-0.471453	0.902706)
(128.571429	-0.505611	0.811500)
(132.857143	-0.532447	0.716969)
(137.142857	-0.552271	0.621249)
(141.428571	-0.565878	0.526505)
(145.714286	-0.574707	0.434872)
(150.000000	-0.581140	0.348420)
(152.142857	-0.539630	0.307751)
(154.285714	-0.498120	0.269097)
(156.428571	-0.456610	0.232674)
(158.571429	-0.415100	0.198690)
(160.714286	-0.373590	0.167335)
(162.857143	-0.332080	0.138786)
(165.000000	-0.290570	0.113205)
(167.142857	-0.249060	0.090735)
(169.285714	-0.207550	0.071504)
(171.428571	-0.166040	0.055619)
(173.571429	-0.124530	0.043170)
(175.714286	-0.083020	0.034227)
(177.857143	-0.041510	0.028842)
(180.000000	0.000000	0.027043)
