// Re = 0.21
(-180.000000	0.000000	0.030678)
(-178.678571	0.065570	0.031362)
(-177.357143	0.131140	0.033410)
(-176.035714	0.196710	0.036819)
(-174.714286	0.262280	0.041580)
(-173.392857	0.327850	0.047685)
(-172.071429	0.393420	0.055120)
(-170.750000	0.458990	0.063869)
(-169.428571	0.524560	0.073913)
(-168.107143	0.590130	0.085231)
(-166.785714	0.655700	0.097798)
(-165.464286	0.721270	0.111587)
(-164.142857	0.786840	0.126569)
(-162.821429	0.852410	0.142712)
(-161.500000	0.917980	0.159980)
(-156.392857	0.810441	0.236593)
(-151.285714	0.747301	0.326978)
(-146.178571	0.702619	0.428241)
(-141.071429	0.663713	0.537138)
(-135.964286	0.623727	0.650180)
(-130.857143	0.578845	0.763740)
(-125.750000	0.527079	0.874172)
(-120.642857	0.467671	0.977924)
(-115.535714	0.400764	1.071653)
(-110.428571	0.327197	1.152331)
(-105.321429	0.248360	1.217341)
(-100.214286	0.166075	1.264560)
(-95.107143	0.082493	1.292429)
(-90.000000	0.000000	1.300000)
(-84.892857	-0.082493	1.292429)
(-79.785714	-0.166075	1.264560)
(-74.678571	-0.248360	1.217341)
(-69.571429	-0.327197	1.152331)
(-64.464286	-0.400764	1.071653)
(-59.357143	-0.467671	0.977924)
(-54.250000	-0.527079	0.874172)
(-49.142857	-0.578845	0.763740)
(-44.035714	-0.623727	0.650180)
(-38.928571	-0.663713	0.537138)
(-33.821429	-0.702619	0.428241)
(-28.714286	-0.747301	0.326978)
(-23.607143	-0.810441	0.236593)
(-18.500000	-0.917980	0.159980)
(-17.535714	-0.849260	0.149876)
(-16.571429	-0.780540	0.139773)
(-15.607143	-0.711820	0.129669)
(-14.642857	-0.643100	0.119566)
(-13.678571	-0.574380	0.109462)
(-12.714286	-0.505660	0.099359)
(-11.750000	-0.436940	0.089255)
(-10.785714	-0.368220	0.079151)
(-9.821429	-0.299500	0.069048)
(-8.857143	-0.230780	0.058944)
(-7.892857	-0.162060	0.048841)
(-6.928571	-0.093340	0.038737)
(-5.000000	0.044100	0.018530)
(-4.750000	0.076100	0.017670)
(-4.500000	0.107200	0.016720)
(-4.250000	0.139100	0.016060)
(-4.000000	0.168200	0.015350)
(-3.750000	0.198100	0.014780)
(-3.500000	0.228500	0.014250)
(-3.250000	0.259700	0.013730)
(-3.000000	0.296400	0.012250)
(-2.750000	0.329700	0.011570)
(-2.500000	0.358700	0.011610)
(-2.250000	0.387300	0.011670)
(-2.000000	0.415400	0.011760)
(-1.750000	0.441600	0.011940)
(-1.500000	0.466200	0.012150)
(-1.250000	0.491800	0.012290)
(-1.000000	0.518800	0.012360)
(-0.750000	0.545400	0.012410)
(-0.500000	0.573100	0.012440)
(-0.250000	0.600700	0.012460)
(0.000000	0.627900	0.012490)
(0.250000	0.655600	0.012520)
(0.500000	0.683300	0.012560)
(0.750000	0.710600	0.012590)
(1.000000	0.737400	0.012640)
(1.250000	0.763800	0.012700)
(1.500000	0.789700	0.012760)
(1.750000	0.816300	0.012830)
(2.000000	0.841400	0.012900)
(2.250000	0.867300	0.012970)
(2.500000	0.891600	0.013040)
(2.750000	0.916200	0.013110)
(3.000000	0.940500	0.013180)
(3.250000	0.963300	0.013230)
(3.500000	0.985600	0.013270)
(3.750000	1.005900	0.013270)
(4.000000	1.024100	0.013220)
(4.250000	1.044100	0.013080)
(4.500000	1.078600	0.013130)
(4.750000	1.112400	0.013280)
(5.000000	1.143200	0.013420)
(5.250000	1.174300	0.013510)
(5.500000	1.202500	0.013580)
(5.750000	1.229200	0.013630)
(6.000000	1.254400	0.013710)
(6.250000	1.279300	0.013840)
(6.500000	1.302900	0.014030)
(6.750000	1.326300	0.014270)
(7.000000	1.348200	0.014560)
(7.250000	1.368400	0.014930)
(7.500000	1.385900	0.015410)
(7.750000	1.398900	0.016110)
(8.000000	1.404100	0.017200)
(8.250000	1.398000	0.018840)
(8.500000	1.388700	0.020900)
(8.750000	1.377200	0.023300)
(9.000000	1.370000	0.025630)
(9.250000	1.369700	0.027620)
(9.500000	1.371900	0.029500)
(9.750000	1.375000	0.031370)
(10.000000	1.378700	0.033270)
(10.250000	1.381800	0.035270)
(10.500000	1.384900	0.037310)
(10.750000	1.390000	0.039230)
(11.000000	1.392600	0.041380)
(11.250000	1.399500	0.043210)
(11.500000	1.404200	0.045220)
(11.750000	1.411300	0.047080)
(12.000000	1.418700	0.048910)
(12.250000	1.426600	0.050730)
(12.500000	1.436300	0.052460)
(12.750000	1.446200	0.054160)
(13.000000	1.456200	0.055990)
(13.250000	1.469100	0.057540)
(13.500000	1.476500	0.059750)
(13.750000	1.488700	0.061440)
(14.000000	1.496300	0.063800)
(14.250000	1.498900	0.066490)
(14.500000	1.521800	0.067620)
(14.750000	1.510700	0.071540)
(15.000000	1.503800	0.075330)
(15.250000	1.499800	0.078840)
(15.500000	1.508100	0.080990)
(15.750000	1.507800	0.084370)
(16.000000	1.490500	0.089510)
(16.250000	1.473600	0.094900)
(16.500000	1.455800	0.100680)
(16.750000	1.437300	0.106830)
(17.000000	1.418400	0.113370)
(17.250000	1.399300	0.120320)
(17.500000	1.380000	0.127710)
(17.750000	1.361000	0.135480)
(18.000000	1.342800	0.143560)
(18.250000	1.326000	0.151790)
(18.500000	1.311400	0.159980)
(23.607143	1.157772	0.236593)
(28.714286	1.067572	0.326978)
(33.821429	1.003741	0.428241)
(38.928571	0.948161	0.537138)
(44.035714	0.891038	0.650180)
(49.142857	0.826922	0.763740)
(54.250000	0.752970	0.874172)
(59.357143	0.668101	0.977924)
(64.464286	0.572519	1.071653)
(69.571429	0.467424	1.152331)
(74.678571	0.354800	1.217341)
(79.785714	0.237250	1.264560)
(84.892857	0.117848	1.292429)
(90.000000	0.000000	1.300000)
(95.107143	-0.082493	1.292429)
(100.214286	-0.166075	1.264560)
(105.321429	-0.248360	1.217341)
(110.428571	-0.327197	1.152331)
(115.535714	-0.400764	1.071653)
(120.642857	-0.467671	0.977924)
(125.750000	-0.527079	0.874172)
(130.857143	-0.578845	0.763740)
(135.964286	-0.623727	0.650180)
(141.071429	-0.663713	0.537138)
(146.178571	-0.702619	0.428241)
(151.285714	-0.747301	0.326978)
(156.392857	-0.810441	0.236593)
(161.500000	-0.917980	0.159980)
(162.821429	-0.852410	0.142712)
(164.142857	-0.786840	0.126569)
(165.464286	-0.721270	0.111587)
(166.785714	-0.655700	0.097798)
(168.107143	-0.590130	0.085231)
(169.428571	-0.524560	0.073913)
(170.750000	-0.458990	0.063869)
(172.071429	-0.393420	0.055120)
(173.392857	-0.327850	0.047685)
(174.714286	-0.262280	0.041580)
(176.035714	-0.196710	0.036819)
(177.357143	-0.131140	0.033410)
(178.678571	-0.065570	0.031362)
(180.000000	0.000000	0.030678)
