// Re = 0.2
(-180.000000	0.000000	0.001000)
(-178.464286	0.064450	0.001000)
(-176.928571	0.128900	0.003517)
(-175.392857	0.193350	0.008173)
(-173.857143	0.257800	0.014672)
(-172.321429	0.322250	0.022996)
(-170.785714	0.386700	0.033121)
(-169.250000	0.451150	0.045017)
(-167.714286	0.515600	0.058652)
(-166.178571	0.580050	0.073984)
(-164.642857	0.644500	0.090971)
(-163.107143	0.708950	0.109564)
(-161.571429	0.773400	0.129709)
(-160.035714	0.837850	0.151348)
(-158.500000	0.902300	0.174420)
(-153.607143	0.814760	0.256689)
(-148.714286	0.756324	0.350399)
(-143.821429	0.710230	0.452823)
(-138.928571	0.667542	0.560981)
(-134.035714	0.623190	0.671725)
(-129.142857	0.574296	0.781835)
(-124.250000	0.519382	0.888105)
(-119.357143	0.457952	0.987444)
(-114.464286	0.390243	1.076961)
(-109.571429	0.317070	1.154051)
(-104.678571	0.239701	1.216473)
(-99.785714	0.159764	1.262409)
(-94.892857	0.079163	1.290524)
(-90.000000	0.000000	1.300000)
(-85.107143	-0.079163	1.290524)
(-80.214286	-0.159764	1.262409)
(-75.321429	-0.239701	1.216473)
(-70.428571	-0.317070	1.154051)
(-65.535714	-0.390243	1.076961)
(-60.642857	-0.457952	0.987444)
(-55.750000	-0.519382	0.888105)
(-50.857143	-0.574296	0.781835)
(-45.964286	-0.623190	0.671725)
(-41.071429	-0.667542	0.560981)
(-36.178571	-0.710230	0.452823)
(-31.285714	-0.756324	0.350399)
(-26.392857	-0.814760	0.256689)
(-21.500000	-0.902300	0.174420)
(-20.321429	-0.836936	0.163182)
(-19.142857	-0.771571	0.151944)
(-17.964286	-0.706207	0.140706)
(-16.785714	-0.640843	0.129469)
(-15.607143	-0.575479	0.118231)
(-14.428571	-0.510114	0.106993)
(-13.250000	-0.444750	0.095755)
(-12.071429	-0.379386	0.084517)
(-10.892857	-0.314021	0.073279)
(-9.714286	-0.248657	0.062041)
(-8.535714	-0.183293	0.050804)
(-7.357143	-0.117929	0.039566)
(-5.000000	0.012800	0.017090)
(-4.750000	0.038300	0.016540)
(-4.500000	0.066500	0.015960)
(-4.250000	0.094100	0.015350)
(-4.000000	0.119800	0.014480)
(-3.750000	0.146900	0.013010)
(-3.500000	0.176400	0.012900)
(-3.250000	0.202700	0.012990)
(-3.000000	0.230900	0.013080)
(-2.750000	0.259500	0.013180)
(-2.500000	0.285200	0.013350)
(-2.250000	0.312700	0.013550)
(-2.000000	0.338700	0.013730)
(-1.750000	0.364400	0.013840)
(-1.500000	0.394000	0.013910)
(-1.250000	0.418100	0.014060)
(-1.000000	0.444400	0.014150)
(-0.750000	0.472600	0.014170)
(-0.500000	0.497500	0.014230)
(-0.250000	0.526100	0.014240)
(0.000000	0.553200	0.014280)
(0.250000	0.579100	0.014340)
(0.500000	0.608000	0.014340)
(0.750000	0.632700	0.014420)
(1.000000	0.660600	0.014460)
(1.250000	0.687900	0.014510)
(1.500000	0.712600	0.014600)
(1.750000	0.741700	0.014620)
(2.000000	0.765600	0.014730)
(2.250000	0.792700	0.014800)
(2.500000	0.819400	0.014860)
(2.750000	0.844100	0.014980)
(3.000000	0.873000	0.015010)
(3.250000	0.895700	0.015140)
(3.500000	0.921200	0.015230)
(3.750000	0.946900	0.015300)
(4.000000	0.969600	0.015430)
(4.250000	0.996900	0.015480)
(4.500000	1.018800	0.015590)
(4.750000	1.040400	0.015680)
(5.000000	1.065300	0.015670)
(5.250000	1.085300	0.015700)
(5.500000	1.103100	0.015720)
(5.750000	1.121200	0.015700)
(6.250000	1.174700	0.015620)
(6.500000	1.206700	0.015670)
(6.750000	1.234200	0.015790)
(7.000000	1.262400	0.015950)
(7.250000	1.287300	0.016080)
(7.500000	1.311300	0.016150)
(7.750000	1.333500	0.016280)
(8.000000	1.353900	0.016470)
(8.250000	1.375000	0.016650)
(8.500000	1.391400	0.016900)
(8.750000	1.407200	0.017160)
(9.000000	1.419600	0.017460)
(9.250000	1.430200	0.017870)
(9.500000	1.438700	0.018390)
(9.750000	1.443500	0.019100)
(10.000000	1.444300	0.020090)
(10.250000	1.441200	0.021440)
(10.500000	1.434400	0.023190)
(10.750000	1.425500	0.025310)
(11.000000	1.416700	0.027660)
(11.250000	1.408400	0.030170)
(11.500000	1.400600	0.032790)
(11.750000	1.393400	0.035510)
(12.000000	1.386900	0.038280)
(12.250000	1.381000	0.041110)
(12.500000	1.376300	0.043950)
(12.750000	1.372500	0.046790)
(13.000000	1.369300	0.049660)
(13.250000	1.365900	0.052630)
(13.500000	1.362000	0.055730)
(13.750000	1.358300	0.058880)
(14.000000	1.354000	0.062140)
(14.250000	1.350100	0.065420)
(14.500000	1.347200	0.068610)
(14.750000	1.345500	0.071690)
(15.000000	1.344700	0.074670)
(15.250000	1.345300	0.077520)
(15.500000	1.346800	0.080220)
(15.750000	1.349400	0.082760)
(16.000000	1.353000	0.085180)
(16.250000	1.357400	0.087510)
(16.500000	1.362500	0.089710)
(16.750000	1.368900	0.091700)
(17.000000	1.377600	0.093290)
(17.250000	1.382400	0.095650)
(17.500000	1.388900	0.097680)
(17.750000	1.397600	0.099340)
(18.000000	1.402200	0.101770)
(18.250000	1.407600	0.103990)
(18.500000	1.414700	0.105990)
(18.750000	1.411300	0.109760)
(19.000000	1.414700	0.112360)
(19.250000	1.417600	0.115090)
(19.500000	1.408000	0.120020)
(19.750000	1.399600	0.124840)
(20.000000	1.391200	0.129730)
(20.250000	1.381400	0.135030)
(20.500000	1.368600	0.141050)
(20.750000	1.351500	0.148210)
(21.000000	1.331100	0.156370)
(21.250000	1.309600	0.165230)
(21.500000	1.289000	0.174420)
(26.392857	1.163943	0.256689)
(31.285714	1.080463	0.350399)
(36.178571	1.014614	0.452823)
(41.071429	0.953632	0.560981)
(45.964286	0.890271	0.671725)
(50.857143	0.820422	0.781835)
(55.750000	0.741974	0.888105)
(60.642857	0.654217	0.987444)
(65.535714	0.557491	1.076961)
(70.428571	0.452957	1.154051)
(75.321429	0.342429	1.216473)
(80.214286	0.228234	1.262409)
(85.107143	0.113091	1.290524)
(90.000000	0.000000	1.300000)
(94.892857	-0.079163	1.290524)
(99.785714	-0.159764	1.262409)
(104.678571	-0.239701	1.216473)
(109.571429	-0.317070	1.154051)
(114.464286	-0.390243	1.076961)
(119.357143	-0.457952	0.987444)
(124.250000	-0.519382	0.888105)
(129.142857	-0.574296	0.781835)
(134.035714	-0.623190	0.671725)
(138.928571	-0.667542	0.560981)
(143.821429	-0.710230	0.452823)
(148.714286	-0.756324	0.350399)
(153.607143	-0.814760	0.256689)
(158.500000	-0.902300	0.174420)
(160.035714	-0.837850	0.151348)
(161.571429	-0.773400	0.129709)
(163.107143	-0.708950	0.109564)
(164.642857	-0.644500	0.090971)
(166.178571	-0.580050	0.073984)
(167.714286	-0.515600	0.058652)
(169.250000	-0.451150	0.045017)
(170.785714	-0.386700	0.033121)
(172.321429	-0.322250	0.022996)
(173.857143	-0.257800	0.014672)
(175.392857	-0.193350	0.008173)
(176.928571	-0.128900	0.003517)
(178.464286	-0.064450	0.001000)
(180.000000	0.000000	0.001000)
