// Re = 0.05
(-180.000000	0.000000	0.014916)
(-177.875000	0.065410	0.016693)
(-175.750000	0.130820	0.022015)
(-173.625000	0.196230	0.030851)
(-171.500000	0.261640	0.043154)
(-169.375000	0.327050	0.058855)
(-167.250000	0.392460	0.077868)
(-165.125000	0.457870	0.100087)
(-163.000000	0.523280	0.125390)
(-160.875000	0.588690	0.153637)
(-158.750000	0.654100	0.184671)
(-156.625000	0.719510	0.218323)
(-154.500000	0.784920	0.254405)
(-152.375000	0.850330	0.292718)
(-150.250000	0.915740	0.333050)
(-145.946429	0.844808	0.419991)
(-141.642857	0.784437	0.512322)
(-137.339286	0.728608	0.607951)
(-133.035714	0.673609	0.704713)
(-128.732143	0.617167	0.800414)
(-124.428571	0.557978	0.892885)
(-120.125000	0.495433	0.980027)
(-115.821429	0.429454	1.059862)
(-111.517857	0.360374	1.130574)
(-107.214286	0.288859	1.190555)
(-102.910714	0.215841	1.238434)
(-98.607143	0.142465	1.273115)
(-94.303571	0.070042	1.293799)
(-90.000000	0.000000	1.300000)
(-85.696429	-0.070042	1.293799)
(-81.392857	-0.142465	1.273115)
(-77.089286	-0.215841	1.238434)
(-72.785714	-0.288859	1.190555)
(-68.482143	-0.360374	1.130574)
(-64.178571	-0.429454	1.059862)
(-59.875000	-0.495433	0.980027)
(-55.571429	-0.557978	0.892885)
(-51.267857	-0.617167	0.800414)
(-46.964286	-0.673609	0.704713)
(-42.660714	-0.728608	0.607951)
(-38.357143	-0.784437	0.512322)
(-34.053571	-0.844808	0.419991)
(-29.750000	-0.915740	0.333050)
(-27.982143	-0.896559	0.312281)
(-26.214286	-0.877377	0.291513)
(-24.446429	-0.858196	0.270744)
(-22.678571	-0.839014	0.249976)
(-20.910714	-0.819833	0.229207)
(-19.142857	-0.800651	0.208439)
(-17.375000	-0.781470	0.187670)
(-15.607143	-0.762289	0.166901)
(-13.839286	-0.743107	0.146133)
(-12.071429	-0.723926	0.125364)
(-10.303571	-0.704744	0.104596)
(-8.535714	-0.685563	0.083827)
(-5.000000	-0.647200	0.042290)
(-4.750000	-0.632900	0.043460)
(-4.500000	-0.621800	0.045220)
(-4.250000	-0.613100	0.047250)
(-3.750000	-0.596900	0.051270)
(-3.500000	-0.592700	0.053420)
(-3.250000	-0.585500	0.055130)
(-3.000000	-0.577100	0.056480)
(-2.750000	-0.567200	0.057500)
(-2.500000	-0.560300	0.058580)
(-2.250000	-0.549800	0.059190)
(-2.000000	-0.540100	0.059760)
(-1.750000	-0.530200	0.060190)
(-1.500000	-0.508400	0.061380)
(-1.250000	-0.487000	0.062530)
(-1.000000	-0.468900	0.063510)
(-0.750000	-0.449400	0.064200)
(-0.500000	-0.425000	0.064660)
(-0.250000	-0.403900	0.065120)
(0.000000	-0.380100	0.065620)
(0.250000	-0.357900	0.065940)
(0.500000	-0.333300	0.066520)
(0.750000	-0.312100	0.067010)
(1.000000	-0.292800	0.067310)
(1.250000	-0.270700	0.067830)
(1.500000	-0.247600	0.068430)
(1.750000	-0.224500	0.069080)
(2.000000	-0.202100	0.069740)
(2.250000	-0.180100	0.070420)
(2.500000	-0.158100	0.071180)
(2.750000	-0.134600	0.072110)
(3.000000	-0.106700	0.073440)
(3.250000	-0.087200	0.074070)
(3.500000	-0.068800	0.074740)
(3.750000	-0.049100	0.075610)
(4.000000	-0.026600	0.076780)
(4.250000	0.000900	0.078300)
(4.500000	0.015800	0.078840)
(4.750000	0.032900	0.079700)
(5.000000	0.054700	0.080980)
(5.250000	0.087400	0.083030)
(5.500000	0.107800	0.084010)
(5.750000	0.128500	0.085010)
(6.000000	0.147500	0.086230)
(6.250000	0.172700	0.088280)
(6.500000	0.208300	0.091270)
(6.750000	0.235100	0.093440)
(7.000000	0.256100	0.095320)
(7.250000	0.278800	0.097520)
(7.500000	0.303900	0.100020)
(7.750000	0.334500	0.103040)
(8.000000	0.365500	0.106070)
(8.250000	0.384900	0.108210)
(8.500000	0.404700	0.110530)
(8.750000	0.425000	0.112980)
(9.000000	0.445500	0.115540)
(9.250000	0.466200	0.118170)
(9.500000	0.486700	0.120840)
(9.750000	0.507000	0.123540)
(10.000000	0.526600	0.126240)
(10.250000	0.545500	0.128920)
(10.500000	0.563500	0.131570)
(10.750000	0.580700	0.134180)
(11.000000	0.597200	0.136780)
(11.250000	0.613100	0.139370)
(11.500000	0.628800	0.141970)
(11.750000	0.644500	0.144590)
(12.000000	0.660100	0.147250)
(12.500000	0.691700	0.152740)
(12.750000	0.707900	0.155610)
(13.250000	0.732900	0.160890)
(13.500000	0.741800	0.163190)
(13.750000	0.751900	0.165570)
(14.000000	0.763100	0.168130)
(14.250000	0.775000	0.170750)
(14.500000	0.787300	0.173420)
(14.750000	0.799900	0.176160)
(15.000000	0.812700	0.178960)
(15.250000	0.825600	0.181830)
(15.500000	0.838600	0.184770)
(15.750000	0.849600	0.187560)
(16.000000	0.858000	0.190110)
(16.250000	0.866600	0.192660)
(16.500000	0.875300	0.195220)
(16.750000	0.884100	0.197810)
(17.000000	0.893200	0.200420)
(17.250000	0.902500	0.203060)
(17.500000	0.912100	0.205770)
(17.750000	0.921800	0.208480)
(18.000000	0.931700	0.211220)
(18.250000	0.941900	0.214010)
(18.500000	0.952300	0.216840)
(18.750000	0.963300	0.219770)
(19.000000	0.975100	0.222850)
(19.250000	0.984400	0.225760)
(19.500000	0.990400	0.228180)
(19.750000	0.997000	0.230610)
(20.000000	1.005800	0.233260)
(20.250000	1.018400	0.236350)
(20.500000	1.027500	0.239330)
(20.750000	1.032600	0.241600)
(21.000000	1.043500	0.244510)
(21.250000	1.054800	0.247740)
(21.500000	1.059600	0.250130)
(21.750000	1.067000	0.252700)
(22.000000	1.075600	0.255550)
(22.250000	1.084100	0.258380)
(22.500000	1.092200	0.261170)
(22.750000	1.099900	0.263960)
(23.000000	1.108100	0.266740)
(23.250000	1.117300	0.269630)
(23.500000	1.128300	0.272890)
(23.750000	1.134700	0.275200)
(24.000000	1.140000	0.277560)
(24.250000	1.147800	0.280200)
(24.500000	1.159300	0.283530)
(24.750000	1.164500	0.285510)
(25.000000	1.170700	0.287930)
(25.250000	1.180800	0.291000)
(25.500000	1.187700	0.293220)
(25.750000	1.193500	0.295500)
(26.000000	1.203600	0.298620)
(26.250000	1.209500	0.300610)
(26.500000	1.216000	0.302920)
(26.750000	1.226900	0.306130)
(27.000000	1.230700	0.307730)
(27.250000	1.238700	0.310220)
(27.500000	1.246300	0.312640)
(27.750000	1.252000	0.314750)
(28.000000	1.262100	0.317790)
(28.250000	1.266000	0.319330)
(28.500000	1.274300	0.321910)
(28.750000	1.280300	0.323990)
(29.000000	1.286900	0.326150)
(29.250000	1.294400	0.328560)
(29.500000	1.299900	0.330490)
(29.750000	1.308200	0.333050)
(34.053571	1.206868	0.419991)
(38.357143	1.120625	0.512322)
(42.660714	1.040868	0.607951)
(46.964286	0.962298	0.704713)
(51.267857	0.881667	0.800414)
(55.571429	0.797111	0.892885)
(59.875000	0.707762	0.980027)
(64.178571	0.613506	1.059862)
(68.482143	0.514820	1.130574)
(72.785714	0.412655	1.190555)
(77.089286	0.308344	1.238434)
(81.392857	0.203522	1.273115)
(85.696429	0.100059	1.293799)
(90.000000	0.000000	1.300000)
(94.303571	-0.070042	1.293799)
(98.607143	-0.142465	1.273115)
(102.910714	-0.215841	1.238434)
(107.214286	-0.288859	1.190555)
(111.517857	-0.360374	1.130574)
(115.821429	-0.429454	1.059862)
(120.125000	-0.495433	0.980027)
(124.428571	-0.557978	0.892885)
(128.732143	-0.617167	0.800414)
(133.035714	-0.673609	0.704713)
(137.339286	-0.728608	0.607951)
(141.642857	-0.784437	0.512322)
(145.946429	-0.844808	0.419991)
(150.250000	-0.915740	0.333050)
(152.375000	-0.850330	0.292718)
(154.500000	-0.784920	0.254405)
(156.625000	-0.719510	0.218323)
(158.750000	-0.654100	0.184671)
(160.875000	-0.588690	0.153637)
(163.000000	-0.523280	0.125390)
(165.125000	-0.457870	0.100087)
(167.250000	-0.392460	0.077868)
(169.375000	-0.327050	0.058855)
(171.500000	-0.261640	0.043154)
(173.625000	-0.196230	0.030851)
(175.750000	-0.130820	0.022015)
(177.875000	-0.065410	0.016693)
(180.000000	0.000000	0.014916)
