// Re = 0.14
(-180.000000	0.000000	0.010767)
(-178.750000	0.064195	0.011383)
(-177.500000	0.128390	0.013230)
(-176.250000	0.192585	0.016305)
(-175.000000	0.256780	0.020601)
(-173.750000	0.320975	0.026111)
(-172.500000	0.385170	0.032823)
(-171.250000	0.449365	0.040726)
(-170.000000	0.513560	0.049803)
(-168.750000	0.577755	0.060039)
(-167.500000	0.641950	0.071412)
(-166.250000	0.706145	0.083902)
(-165.000000	0.770340	0.097484)
(-163.750000	0.834535	0.112133)
(-162.500000	0.898730	0.127820)
(-157.321429	0.789283	0.203189)
(-152.142857	0.728639	0.293361)
(-146.964286	0.687701	0.395388)
(-141.785714	0.652702	0.505932)
(-136.607143	0.616339	0.621378)
(-131.428571	0.574588	0.737948)
(-126.250000	0.525355	0.851825)
(-121.071429	0.467841	0.959282)
(-115.892857	0.402188	1.056795)
(-110.714286	0.329268	1.141166)
(-105.535714	0.250527	1.209625)
(-100.357143	0.167865	1.259917)
(-95.178571	0.083526	1.290381)
(-90.000000	0.000000	1.300000)
(-84.821429	-0.083526	1.290381)
(-79.642857	-0.167865	1.259917)
(-74.464286	-0.250527	1.209625)
(-69.285714	-0.329268	1.141166)
(-64.107143	-0.402188	1.056795)
(-58.928571	-0.467841	0.959282)
(-53.750000	-0.525355	0.851825)
(-48.571429	-0.574588	0.737948)
(-43.392857	-0.616339	0.621378)
(-38.214286	-0.652702	0.505932)
(-33.035714	-0.687701	0.395388)
(-27.857143	-0.728639	0.293361)
(-22.678571	-0.789283	0.203189)
(-17.500000	-0.898730	0.127820)
(-16.607143	-0.840671	0.120560)
(-15.714286	-0.782611	0.113300)
(-14.821429	-0.724552	0.106040)
(-13.928571	-0.666493	0.098780)
(-13.035714	-0.608434	0.091520)
(-12.142857	-0.550374	0.084260)
(-11.250000	-0.492315	0.077000)
(-10.357143	-0.434256	0.069740)
(-9.464286	-0.376196	0.062480)
(-8.571429	-0.318137	0.055220)
(-7.678571	-0.260078	0.047960)
(-6.785714	-0.202019	0.040700)
(-5.000000	-0.085900	0.026180)
(-4.750000	-0.054200	0.024930)
(-4.500000	-0.011100	0.023520)
(-4.250000	0.019000	0.022620)
(-3.750000	0.089300	0.020790)
(-3.500000	0.118800	0.020110)
(-3.250000	0.159300	0.019130)
(-3.000000	0.190300	0.018210)
(-2.750000	0.225300	0.016720)
(-2.500000	0.256900	0.016790)
(-2.250000	0.281700	0.017010)
(-2.000000	0.307700	0.017210)
(-1.750000	0.335700	0.017350)
(-1.500000	0.353500	0.017720)
(-1.250000	0.373400	0.017960)
(-1.000000	0.403500	0.017840)
(-0.750000	0.425700	0.017930)
(-0.500000	0.448700	0.017990)
(-0.250000	0.477700	0.017890)
(0.000000	0.504800	0.017840)
(0.250000	0.527000	0.017900)
(0.500000	0.553600	0.017840)
(0.750000	0.580500	0.017770)
(1.000000	0.601300	0.017840)
(1.250000	0.625800	0.017820)
(1.500000	0.651300	0.017720)
(1.750000	0.669600	0.017800)
(2.000000	0.690300	0.017800)
(2.250000	0.714500	0.017620)
(2.500000	0.730400	0.017680)
(2.750000	0.751300	0.017640)
(3.000000	0.791700	0.017400)
(3.250000	0.828000	0.017580)
(3.500000	0.861400	0.017810)
(3.750000	0.902200	0.017750)
(4.000000	0.932600	0.018050)
(4.250000	0.963300	0.018310)
(4.500000	0.994900	0.018490)
(4.750000	1.027600	0.018570)
(5.000000	1.062100	0.018530)
(5.250000	1.091600	0.018640)
(5.500000	1.119700	0.018800)
(5.750000	1.149100	0.018820)
(6.000000	1.175000	0.018790)
(6.250000	1.201400	0.018740)
(6.500000	1.229900	0.018640)
(6.750000	1.253500	0.018560)
(7.000000	1.276800	0.018350)
(7.250000	1.297600	0.018210)
(7.500000	1.317500	0.018230)
(7.750000	1.336600	0.018340)
(8.000000	1.353200	0.018520)
(8.250000	1.367600	0.018770)
(8.500000	1.378000	0.019140)
(8.750000	1.383300	0.019660)
(9.000000	1.383900	0.020510)
(9.250000	1.377000	0.021900)
(9.500000	1.363500	0.023940)
(9.750000	1.347100	0.026530)
(10.000000	1.330500	0.029490)
(10.250000	1.317100	0.032500)
(10.500000	1.309100	0.035280)
(10.750000	1.305300	0.037810)
(11.000000	1.304100	0.040210)
(11.250000	1.304500	0.042510)
(11.500000	1.306500	0.044720)
(11.750000	1.309900	0.046840)
(12.000000	1.314600	0.048880)
(12.250000	1.320700	0.050830)
(12.500000	1.328600	0.052670)
(12.750000	1.338500	0.054400)
(13.000000	1.351300	0.055990)
(13.250000	1.367300	0.057450)
(13.500000	1.386200	0.058870)
(13.750000	1.403300	0.060680)
(14.250000	1.429600	0.065110)
(14.750000	1.440200	0.070970)
(15.000000	1.450000	0.073600)
(15.250000	1.436100	0.077760)
(15.500000	1.423600	0.081970)
(15.750000	1.412100	0.086200)
(16.000000	1.401800	0.090460)
(16.250000	1.387300	0.095280)
(16.500000	1.364500	0.101280)
(16.750000	1.342000	0.107630)
(17.000000	1.320400	0.114290)
(17.250000	1.300900	0.121050)
(17.500000	1.283900	0.127820)
(22.678571	1.127547	0.203189)
(27.857143	1.040913	0.293361)
(33.035714	0.982429	0.395388)
(38.214286	0.932431	0.505932)
(43.392857	0.880485	0.621378)
(48.571429	0.820839	0.737948)
(53.750000	0.750507	0.851825)
(58.928571	0.668344	0.959282)
(64.107143	0.574555	1.056795)
(69.285714	0.470383	1.141166)
(74.464286	0.357896	1.209625)
(79.642857	0.239807	1.259917)
(84.821429	0.119323	1.290381)
(90.000000	0.000000	1.300000)
(95.178571	-0.083526	1.290381)
(100.357143	-0.167865	1.259917)
(105.535714	-0.250527	1.209625)
(110.714286	-0.329268	1.141166)
(115.892857	-0.402188	1.056795)
(121.071429	-0.467841	0.959282)
(126.250000	-0.525355	0.851825)
(131.428571	-0.574588	0.737948)
(136.607143	-0.616339	0.621378)
(141.785714	-0.652702	0.505932)
(146.964286	-0.687701	0.395388)
(152.142857	-0.728639	0.293361)
(157.321429	-0.789283	0.203189)
(162.500000	-0.898730	0.127820)
(163.750000	-0.834535	0.112133)
(165.000000	-0.770340	0.097484)
(166.250000	-0.706145	0.083902)
(167.500000	-0.641950	0.071412)
(168.750000	-0.577755	0.060039)
(170.000000	-0.513560	0.049803)
(171.250000	-0.449365	0.040726)
(172.500000	-0.385170	0.032823)
(173.750000	-0.320975	0.026111)
(175.000000	-0.256780	0.020601)
(176.250000	-0.192585	0.016305)
(177.500000	-0.128390	0.013230)
(178.750000	-0.064195	0.011383)
(180.000000	0.000000	0.010767)
