// Re = 0.08
(-180.000000	0.000000	0.051459)
(-178.000000	0.040215	0.053011)
(-176.000000	0.080430	0.057659)
(-174.000000	0.120645	0.065381)
(-172.000000	0.160860	0.076138)
(-170.000000	0.201075	0.089877)
(-168.000000	0.241290	0.106530)
(-166.000000	0.281505	0.126014)
(-164.000000	0.321720	0.148234)
(-162.000000	0.361935	0.173079)
(-160.000000	0.402150	0.200427)
(-158.000000	0.442365	0.230141)
(-156.000000	0.482580	0.262075)
(-154.000000	0.522795	0.296071)
(-152.000000	0.563010	0.331960)
(-147.571429	0.560538	0.417264)
(-143.142857	0.556165	0.508896)
(-138.714286	0.546930	0.604629)
(-134.285714	0.531058	0.702135)
(-129.857143	0.507552	0.799041)
(-125.428571	0.475982	0.892981)
(-121.000000	0.436366	0.981660)
(-116.571429	0.389092	1.062902)
(-112.142857	0.334859	1.134709)
(-107.714286	0.274632	1.195303)
(-103.285714	0.209599	1.243171)
(-98.857143	0.141128	1.277104)
(-94.428571	0.070726	1.296222)
(-90.000000	0.000000	1.300000)
(-85.571429	-0.070726	1.296222)
(-81.142857	-0.141128	1.277104)
(-76.714286	-0.209599	1.243171)
(-72.285714	-0.274632	1.195303)
(-67.857143	-0.334859	1.134709)
(-63.428571	-0.389092	1.062902)
(-59.000000	-0.436366	0.981660)
(-54.571429	-0.475982	0.892981)
(-50.142857	-0.507552	0.799041)
(-45.714286	-0.531058	0.702135)
(-41.285714	-0.546930	0.604629)
(-36.857143	-0.556165	0.508896)
(-32.428571	-0.560538	0.417264)
(-28.000000	-0.563010	0.331960)
(-26.339286	-0.540124	0.313611)
(-24.678571	-0.517237	0.295261)
(-23.017857	-0.494351	0.276912)
(-21.357143	-0.471464	0.258563)
(-19.696429	-0.448578	0.240214)
(-18.035714	-0.425691	0.221864)
(-16.375000	-0.402805	0.203515)
(-14.714286	-0.379919	0.185166)
(-13.053571	-0.357032	0.166816)
(-11.392857	-0.334146	0.148467)
(-9.732143	-0.311259	0.130118)
(-8.071429	-0.288373	0.111769)
(-4.750000	-0.242600	0.075070)
(-4.000000	-0.328100	0.075800)
(-3.750000	-0.354800	0.075730)
(-3.500000	-0.367600	0.075850)
(-3.250000	-0.370900	0.076160)
(-2.250000	-0.460600	0.077390)
(-2.000000	-0.440800	0.077830)
(-1.750000	-0.433000	0.077520)
(-1.500000	-0.405900	0.078200)
(-1.250000	-0.403700	0.078540)
(-1.000000	-0.384000	0.078920)
(-0.750000	-0.367600	0.078690)
(-0.500000	-0.355500	0.078740)
(-0.250000	-0.332100	0.079470)
(0.000000	-0.319900	0.079140)
(0.250000	-0.288800	0.080090)
(0.750000	-0.258100	0.080140)
(1.000000	-0.240200	0.080860)
(1.250000	-0.220500	0.081010)
(1.500000	-0.195200	0.082130)
(1.750000	-0.177700	0.082260)
(2.000000	-0.160500	0.083180)
(2.250000	-0.132000	0.083850)
(2.500000	-0.123100	0.084450)
(2.750000	-0.084400	0.085800)
(3.000000	-0.078900	0.086230)
(3.250000	-0.053300	0.087460)
(3.500000	-0.032700	0.088380)
(3.750000	-0.017900	0.089290)
(4.000000	0.015000	0.090900)
(4.250000	0.025300	0.091640)
(4.500000	0.045000	0.092930)
(4.750000	0.071100	0.094360)
(5.000000	0.085900	0.095490)
(5.250000	0.106200	0.097000)
(5.500000	0.130300	0.098430)
(5.750000	0.139900	0.099560)
(6.000000	0.170000	0.101570)
(6.250000	0.183500	0.102710)
(6.500000	0.198100	0.104200)
(6.750000	0.220700	0.106020)
(7.000000	0.239500	0.107500)
(7.250000	0.250800	0.108960)
(7.500000	0.267900	0.110710)
(7.750000	0.296100	0.112730)
(8.000000	0.302600	0.113970)
(8.250000	0.318000	0.115840)
(8.500000	0.347500	0.117990)
(8.750000	0.354700	0.119320)
(9.000000	0.367500	0.121140)
(9.250000	0.381400	0.122950)
(9.500000	0.406100	0.124930)
(9.750000	0.415500	0.126580)
(10.000000	0.427600	0.128490)
(10.250000	0.442900	0.130410)
(10.500000	0.464600	0.132330)
(10.750000	0.472500	0.133980)
(11.000000	0.482800	0.135870)
(11.250000	0.497600	0.137870)
(11.500000	0.519900	0.139840)
(11.750000	0.526900	0.141490)
(12.000000	0.535500	0.143300)
(12.250000	0.546000	0.145180)
(12.500000	0.563100	0.147030)
(12.750000	0.575600	0.148520)
(13.000000	0.580100	0.149900)
(13.250000	0.585200	0.151120)
(13.500000	0.599900	0.152200)
(13.750000	0.621400	0.155020)
(14.000000	0.642600	0.157840)
(14.250000	0.663400	0.160650)
(14.500000	0.683600	0.163450)
(14.750000	0.703200	0.166230)
(15.000000	0.722100	0.169010)
(15.250000	0.740200	0.171770)
(15.500000	0.757500	0.174520)
(15.750000	0.774000	0.177280)
(16.000000	0.790600	0.180050)
(16.250000	0.808300	0.182750)
(16.500000	0.826900	0.185420)
(16.750000	0.845000	0.187940)
(17.000000	0.852500	0.190530)
(17.250000	0.859900	0.193270)
(17.500000	0.870700	0.195990)
(17.750000	0.885800	0.198630)
(18.000000	0.903700	0.201130)
(18.250000	0.914100	0.203530)
(18.500000	0.919100	0.206130)
(18.750000	0.927500	0.208780)
(19.000000	0.939500	0.211390)
(19.250000	0.955800	0.213930)
(19.750000	0.972600	0.218770)
(20.000000	0.979100	0.221410)
(20.250000	0.988600	0.224030)
(20.500000	1.003000	0.226590)
(20.750000	1.018300	0.229070)
(21.000000	1.021100	0.231430)
(21.250000	1.026700	0.234020)
(21.500000	1.034600	0.236640)
(21.750000	1.045600	0.239190)
(22.000000	1.059400	0.241690)
(22.250000	1.072100	0.244120)
(22.500000	1.077500	0.246450)
(22.750000	1.084500	0.248850)
(23.000000	1.093300	0.251250)
(23.250000	1.104000	0.253670)
(23.500000	1.113400	0.256180)
(23.750000	1.118300	0.258580)
(24.000000	1.123800	0.261060)
(24.250000	1.130400	0.263600)
(24.500000	1.138100	0.266130)
(24.750000	1.147000	0.268720)
(25.000000	1.157700	0.271210)
(25.250000	1.163100	0.273750)
(25.500000	1.165800	0.276640)
(25.750000	1.173200	0.279340)
(26.000000	1.185700	0.281680)
(26.250000	1.186400	0.284440)
(26.500000	1.195300	0.287000)
(26.750000	1.202100	0.289350)
(27.000000	1.206500	0.292050)
(27.250000	1.217600	0.294290)
(27.500000	1.219800	0.296980)
(27.750000	1.232300	0.299200)
(28.000000	0.804300	0.331960)
(32.428571	0.800769	0.417264)
(36.857143	0.794521	0.508896)
(41.285714	0.781329	0.604629)
(45.714286	0.758655	0.702135)
(50.142857	0.725075	0.799041)
(54.571429	0.679975	0.892981)
(59.000000	0.623381	0.981660)
(63.428571	0.555846	1.062902)
(67.857143	0.478370	1.134709)
(72.285714	0.392331	1.195303)
(76.714286	0.299427	1.243171)
(81.142857	0.201611	1.277104)
(85.571429	0.101037	1.296222)
(90.000000	0.000000	1.300000)
(94.428571	-0.070726	1.296222)
(98.857143	-0.141128	1.277104)
(103.285714	-0.209599	1.243171)
(107.714286	-0.274632	1.195303)
(112.142857	-0.334859	1.134709)
(116.571429	-0.389092	1.062902)
(121.000000	-0.436366	0.981660)
(125.428571	-0.475982	0.892981)
(129.857143	-0.507552	0.799041)
(134.285714	-0.531058	0.702135)
(138.714286	-0.546930	0.604629)
(143.142857	-0.556165	0.508896)
(147.571429	-0.560538	0.417264)
(152.000000	-0.563010	0.331960)
(154.000000	-0.522795	0.296071)
(156.000000	-0.482580	0.262075)
(158.000000	-0.442365	0.230141)
(160.000000	-0.402150	0.200427)
(162.000000	-0.361935	0.173079)
(164.000000	-0.321720	0.148234)
(166.000000	-0.281505	0.126014)
(168.000000	-0.241290	0.106530)
(170.000000	-0.201075	0.089877)
(172.000000	-0.160860	0.076138)
(174.000000	-0.120645	0.065381)
(176.000000	-0.080430	0.057659)
(178.000000	-0.040215	0.053011)
(180.000000	0.000000	0.051459)
