// Re = 0.17
(-180.000000	0.000000	0.001000)
(-178.464286	0.065450	0.001000)
(-176.928571	0.130900	0.001000)
(-175.392857	0.196350	0.001000)
(-173.857143	0.261800	0.001000)
(-172.321429	0.327250	0.006710)
(-170.785714	0.392700	0.016899)
(-169.250000	0.458150	0.028872)
(-167.714286	0.523600	0.042594)
(-166.178571	0.589050	0.058027)
(-164.642857	0.654500	0.075125)
(-163.107143	0.719950	0.093840)
(-161.571429	0.785400	0.114118)
(-160.035714	0.850850	0.135903)
(-158.500000	0.916300	0.159130)
(-153.607143	0.825459	0.241968)
(-148.714286	0.764660	0.336355)
(-143.821429	0.716772	0.439558)
(-138.928571	0.672670	0.548591)
(-134.035714	0.627174	0.660302)
(-129.142857	0.577341	0.771461)
(-124.250000	0.521653	0.878856)
(-119.357143	0.459586	0.979387)
(-114.464286	0.391360	1.070155)
(-109.571429	0.317776	1.148546)
(-104.678571	0.240094	1.212309)
(-99.785714	0.159937	1.259616)
(-94.892857	0.079207	1.289123)
(-90.000000	0.000000	1.300000)
(-85.107143	-0.079207	1.289123)
(-80.214286	-0.159937	1.259616)
(-75.321429	-0.240094	1.212309)
(-70.428571	-0.317776	1.148546)
(-65.535714	-0.391360	1.070155)
(-60.642857	-0.459586	0.979387)
(-55.750000	-0.521653	0.878856)
(-50.857143	-0.577341	0.771461)
(-45.964286	-0.627174	0.660302)
(-41.071429	-0.672670	0.548591)
(-36.178571	-0.716772	0.439558)
(-31.285714	-0.764660	0.336355)
(-26.392857	-0.825459	0.241968)
(-21.500000	-0.916300	0.159130)
(-20.321429	-0.851207	0.149086)
(-19.142857	-0.786114	0.139041)
(-17.964286	-0.721021	0.128997)
(-16.785714	-0.655929	0.118953)
(-15.607143	-0.590836	0.108909)
(-14.428571	-0.525743	0.098864)
(-13.250000	-0.460650	0.088820)
(-12.071429	-0.395557	0.078776)
(-10.892857	-0.330464	0.068731)
(-9.714286	-0.265371	0.058687)
(-8.535714	-0.200279	0.048643)
(-7.357143	-0.135186	0.038599)
(-5.000000	-0.005000	0.018510)
(-4.750000	0.018600	0.017950)
(-4.500000	0.046100	0.017150)
(-4.250000	0.071900	0.015630)
(-4.000000	0.095300	0.014910)
(-3.750000	0.126000	0.014900)
(-3.500000	0.153200	0.015040)
(-3.250000	0.179200	0.015230)
(-3.000000	0.210800	0.015340)
(-2.750000	0.233600	0.015630)
(-2.500000	0.259400	0.015910)
(-2.250000	0.287100	0.016060)
(-2.000000	0.310700	0.016220)
(-1.750000	0.342000	0.016260)
(-1.500000	0.363600	0.016470)
(-1.250000	0.388900	0.016600)
(-1.000000	0.417200	0.016630)
(-0.750000	0.440000	0.016730)
(-0.500000	0.471700	0.016660)
(-0.250000	0.494400	0.016750)
(0.000000	0.521900	0.016780)
(0.250000	0.548700	0.016790)
(0.500000	0.572600	0.016880)
(0.750000	0.603800	0.016830)
(1.000000	0.626900	0.016950)
(1.250000	0.654300	0.016970)
(1.500000	0.679000	0.017050)
(1.750000	0.703800	0.017140)
(2.000000	0.733100	0.017140)
(2.250000	0.755700	0.017300)
(2.500000	0.786500	0.017260)
(2.750000	0.806500	0.017450)
(3.000000	0.832000	0.017530)
(3.250000	0.857800	0.017590)
(3.500000	0.879900	0.017750)
(3.750000	0.909400	0.017740)
(4.000000	0.928700	0.017950)
(4.250000	0.953600	0.018000)
(4.500000	0.976100	0.018090)
(4.750000	0.995800	0.018240)
(5.000000	1.023200	0.018180)
(5.250000	1.038200	0.018340)
(5.500000	1.057200	0.018380)
(5.750000	1.082000	0.018190)
(6.000000	1.096400	0.018200)
(6.250000	1.130600	0.018240)
(6.500000	1.164400	0.018410)
(6.750000	1.198700	0.018480)
(7.000000	1.227900	0.018500)
(7.250000	1.255400	0.018530)
(7.500000	1.282200	0.018620)
(7.750000	1.307300	0.018690)
(8.000000	1.332100	0.018650)
(8.250000	1.351600	0.018740)
(8.500000	1.369500	0.018890)
(8.750000	1.389100	0.019020)
(9.000000	1.402700	0.019250)
(9.250000	1.415400	0.019460)
(9.500000	1.424900	0.019800)
(9.750000	1.434200	0.020190)
(10.000000	1.440600	0.020710)
(10.250000	1.444800	0.021360)
(10.500000	1.444700	0.022300)
(10.750000	1.441800	0.023530)
(11.000000	1.436200	0.025120)
(11.250000	1.427500	0.027120)
(11.500000	1.417200	0.029460)
(11.750000	1.406200	0.032080)
(12.000000	1.395500	0.034860)
(12.250000	1.385500	0.037770)
(12.500000	1.376500	0.040750)
(12.750000	1.368100	0.043830)
(13.000000	1.360800	0.046930)
(13.250000	1.354600	0.050030)
(13.500000	1.349100	0.053150)
(13.750000	1.344200	0.056290)
(14.000000	1.339900	0.059460)
(14.250000	1.335200	0.062750)
(14.500000	1.329700	0.066180)
(14.750000	1.324200	0.069690)
(15.000000	1.318800	0.073230)
(15.250000	1.314300	0.076670)
(15.500000	1.311900	0.079860)
(15.750000	1.311500	0.082800)
(16.000000	1.313000	0.085480)
(16.250000	1.316200	0.087940)
(16.500000	1.320800	0.090180)
(16.750000	1.326800	0.092220)
(17.000000	1.333800	0.094120)
(17.250000	1.341100	0.095970)
(17.500000	1.348900	0.097790)
(17.750000	1.358300	0.099320)
(18.000000	1.367800	0.100880)
(18.250000	1.373800	0.103060)
(18.500000	1.387800	0.103890)
(18.750000	1.385500	0.107460)
(19.000000	1.394400	0.109130)
(19.250000	1.393900	0.112400)
(19.500000	1.390100	0.116250)
(19.750000	1.388700	0.119700)
(20.000000	1.399300	0.121110)
(20.250000	1.386600	0.126530)
(20.500000	1.373100	0.132240)
(20.750000	1.358600	0.138310)
(21.000000	1.343000	0.144800)
(21.250000	1.326400	0.151740)
(21.500000	1.309000	0.159130)
(26.392857	1.179228	0.241968)
(31.285714	1.092371	0.336355)
(36.178571	1.023960	0.439558)
(41.071429	0.960957	0.548591)
(45.964286	0.895962	0.660302)
(50.857143	0.824773	0.771461)
(55.750000	0.745219	0.878856)
(60.642857	0.656552	0.979387)
(65.535714	0.559086	1.070155)
(70.428571	0.453966	1.148546)
(75.321429	0.342991	1.212309)
(80.214286	0.228482	1.259616)
(85.107143	0.113153	1.289123)
(90.000000	0.000000	1.300000)
(94.892857	-0.079207	1.289123)
(99.785714	-0.159937	1.259616)
(104.678571	-0.240094	1.212309)
(109.571429	-0.317776	1.148546)
(114.464286	-0.391360	1.070155)
(119.357143	-0.459586	0.979387)
(124.250000	-0.521653	0.878856)
(129.142857	-0.577341	0.771461)
(134.035714	-0.627174	0.660302)
(138.928571	-0.672670	0.548591)
(143.821429	-0.716772	0.439558)
(148.714286	-0.764660	0.336355)
(153.607143	-0.825459	0.241968)
(158.500000	-0.916300	0.159130)
(160.035714	-0.850850	0.135903)
(161.571429	-0.785400	0.114118)
(163.107143	-0.719950	0.093840)
(164.642857	-0.654500	0.075125)
(166.178571	-0.589050	0.058027)
(167.714286	-0.523600	0.042594)
(169.250000	-0.458150	0.028872)
(170.785714	-0.392700	0.016899)
(172.321429	-0.327250	0.006710)
(173.857143	-0.261800	0.001000)
(175.392857	-0.196350	0.001000)
(176.928571	-0.130900	0.001000)
(178.464286	-0.065450	0.001000)
(180.000000	0.000000	0.001000)
