// Re = 0.09
(-180.000000	0.000000	0.051946)
(-178.000000	0.040475	0.053497)
(-176.000000	0.080950	0.058145)
(-174.000000	0.121425	0.065865)
(-172.000000	0.161900	0.076620)
(-170.000000	0.202375	0.090356)
(-168.000000	0.242850	0.107006)
(-166.000000	0.283325	0.126487)
(-164.000000	0.323800	0.148702)
(-162.000000	0.364275	0.173542)
(-160.000000	0.404750	0.200884)
(-158.000000	0.445225	0.230592)
(-156.000000	0.485700	0.262520)
(-154.000000	0.526175	0.296509)
(-152.000000	0.566650	0.332390)
(-147.571429	0.563451	0.417676)
(-143.142857	0.558504	0.509286)
(-138.714286	0.548806	0.604995)
(-134.285714	0.532551	0.702475)
(-129.857143	0.508725	0.799353)
(-125.428571	0.476886	0.893263)
(-121.000000	0.437045	0.981911)
(-116.571429	0.389582	1.063120)
(-112.142857	0.335195	1.134893)
(-107.714286	0.274845	1.195451)
(-103.285714	0.209718	1.243283)
(-98.857143	0.141180	1.277179)
(-94.428571	0.070739	1.296260)
(-90.000000	0.000000	1.300000)
(-85.571429	-0.070739	1.296260)
(-81.142857	-0.141180	1.277179)
(-76.714286	-0.209718	1.243283)
(-72.285714	-0.274845	1.195451)
(-67.857143	-0.335195	1.134893)
(-63.428571	-0.389582	1.063120)
(-59.000000	-0.437045	0.981911)
(-54.571429	-0.476886	0.893263)
(-50.142857	-0.508725	0.799353)
(-45.714286	-0.532551	0.702475)
(-41.285714	-0.548806	0.604995)
(-36.857143	-0.558504	0.509286)
(-32.428571	-0.563451	0.417676)
(-28.000000	-0.566650	0.332390)
(-26.339286	-0.532311	0.313329)
(-24.678571	-0.497971	0.294269)
(-23.017857	-0.463632	0.275208)
(-21.357143	-0.429293	0.256147)
(-19.696429	-0.394954	0.237086)
(-18.035714	-0.360614	0.218026)
(-16.375000	-0.326275	0.198965)
(-14.714286	-0.291936	0.179904)
(-13.053571	-0.257596	0.160844)
(-11.392857	-0.223257	0.141783)
(-9.732143	-0.188918	0.122722)
(-8.071429	-0.154579	0.103661)
(-4.750000	-0.085900	0.065540)
(-4.500000	-0.147300	0.067190)
(-4.000000	-0.310400	0.066560)
(-3.500000	-0.318800	0.066990)
(-3.250000	-0.298500	0.068210)
(-3.000000	-0.298500	0.068900)
(-2.750000	-0.311400	0.069160)
(-2.500000	-0.311000	0.069320)
(-2.250000	-0.365700	0.071690)
(-2.000000	-0.338700	0.072190)
(-1.750000	-0.305000	0.071450)
(-0.750000	-0.328200	0.074750)
(-0.250000	-0.289000	0.075450)
(0.000000	-0.269600	0.076370)
(0.250000	-0.250800	0.076490)
(0.750000	-0.209000	0.077650)
(1.000000	-0.195800	0.078040)
(1.250000	-0.164700	0.079020)
(1.500000	-0.153600	0.079390)
(2.000000	-0.110100	0.080990)
(2.250000	-0.090200	0.081870)
(2.500000	-0.065300	0.082860)
(2.750000	-0.047800	0.083680)
(3.000000	-0.019100	0.085020)
(3.250000	-0.002600	0.085830)
(3.500000	0.013000	0.087010)
(3.750000	0.040500	0.088190)
(4.000000	0.050700	0.089210)
(4.250000	0.084400	0.090830)
(4.500000	0.094300	0.091800)
(4.750000	0.109400	0.093140)
(5.000000	0.139700	0.094680)
(5.250000	0.148100	0.095830)
(5.500000	0.176200	0.097680)
(5.750000	0.191500	0.098860)
(6.000000	0.207500	0.100460)
(6.250000	0.237400	0.102280)
(6.500000	0.249500	0.103660)
(6.750000	0.257100	0.105030)
(7.000000	0.283100	0.107060)
(7.250000	0.299300	0.108430)
(7.500000	0.312600	0.110170)
(7.750000	0.325600	0.111840)
(8.000000	0.353800	0.113710)
(8.250000	0.362400	0.115280)
(8.500000	0.374200	0.117080)
(8.750000	0.406700	0.119290)
(9.000000	0.413300	0.120690)
(9.250000	0.424000	0.122540)
(9.500000	0.436400	0.124440)
(9.750000	0.465300	0.126400)
(10.000000	0.473400	0.128130)
(10.250000	0.483600	0.130050)
(10.500000	0.494300	0.131930)
(11.000000	0.531300	0.135690)
(11.250000	0.540600	0.137650)
(11.500000	0.551300	0.139650)
(11.750000	0.565000	0.141630)
(12.000000	0.591400	0.143430)
(12.250000	0.598500	0.145190)
(12.500000	0.606100	0.147000)
(12.750000	0.614600	0.148830)
(13.000000	0.624500	0.150670)
(13.250000	0.634400	0.152400)
(13.500000	0.645300	0.153960)
(13.750000	0.657200	0.155200)
(14.250000	0.683000	0.157830)
(14.500000	0.700700	0.160430)
(14.750000	0.782600	0.153980)
(15.000000	0.801100	0.156280)
(15.250000	0.822500	0.158300)
(15.500000	0.844000	0.160230)
(15.750000	0.864400	0.162200)
(16.000000	0.560600	0.179830)
(16.250000	0.558300	0.180100)
(16.500000	0.563000	0.180980)
(16.750000	0.572100	0.183420)
(17.000000	0.585100	0.186030)
(17.250000	0.603300	0.188780)
(17.500000	0.609100	0.191030)
(17.750000	0.613500	0.193450)
(18.000000	0.619000	0.196020)
(18.250000	0.625600	0.198710)
(18.500000	0.633500	0.201480)
(18.750000	0.643900	0.204310)
(19.000000	0.659800	0.207280)
(19.250000	0.665800	0.209970)
(19.500000	0.669000	0.212740)
(19.750000	0.673100	0.215690)
(20.000000	0.678300	0.218740)
(20.250000	0.685300	0.221790)
(20.500000	0.697800	0.224830)
(20.750000	0.705500	0.227760)
(21.000000	0.707200	0.230820)
(21.250000	0.710100	0.234040)
(21.500000	0.714500	0.237320)
(21.750000	0.720400	0.240540)
(22.000000	0.729100	0.243630)
(22.250000	0.739000	0.246760)
(23.000000	0.750800	0.256540)
(23.250000	0.755900	0.259880)
(23.500000	0.760100	0.263370)
(23.750000	0.762500	0.266900)
(24.000000	0.765900	0.270480)
(24.250000	0.770600	0.274140)
(24.500000	0.772000	0.277830)
(24.750000	0.772600	0.281820)
(25.000000	0.773800	0.285940)
(25.250000	0.776600	0.289900)
(25.500000	0.784300	0.293030)
(25.750000	0.784500	0.297170)
(26.000000	0.785600	0.301400)
(26.250000	0.792900	0.304570)
(26.500000	0.792700	0.308890)
(26.750000	0.794800	0.313050)
(27.000000	0.800500	0.316320)
(27.250000	0.800200	0.320770)
(27.500000	0.806500	0.324050)
(27.750000	0.806300	0.328480)
(28.000000	0.809500	0.332390)
(32.428571	0.804929	0.417676)
(36.857143	0.797863	0.509286)
(41.285714	0.784008	0.604995)
(45.714286	0.760787	0.702475)
(50.142857	0.726750	0.799353)
(54.571429	0.681266	0.893263)
(59.000000	0.624350	0.981911)
(63.428571	0.556546	1.063120)
(67.857143	0.478850	1.134893)
(72.285714	0.392636	1.195451)
(76.714286	0.299597	1.243283)
(81.142857	0.201686	1.277179)
(85.571429	0.101056	1.296260)
(90.000000	0.000000	1.300000)
(94.428571	-0.070739	1.296260)
(98.857143	-0.141180	1.277179)
(103.285714	-0.209718	1.243283)
(107.714286	-0.274845	1.195451)
(112.142857	-0.335195	1.134893)
(116.571429	-0.389582	1.063120)
(121.000000	-0.437045	0.981911)
(125.428571	-0.476886	0.893263)
(129.857143	-0.508725	0.799353)
(134.285714	-0.532551	0.702475)
(138.714286	-0.548806	0.604995)
(143.142857	-0.558504	0.509286)
(147.571429	-0.563451	0.417676)
(152.000000	-0.566650	0.332390)
(154.000000	-0.526175	0.296509)
(156.000000	-0.485700	0.262520)
(158.000000	-0.445225	0.230592)
(160.000000	-0.404750	0.200884)
(162.000000	-0.364275	0.173542)
(164.000000	-0.323800	0.148702)
(166.000000	-0.283325	0.126487)
(168.000000	-0.242850	0.107006)
(170.000000	-0.202375	0.090356)
(172.000000	-0.161900	0.076620)
(174.000000	-0.121425	0.065865)
(176.000000	-0.080950	0.058145)
(178.000000	-0.040475	0.053497)
(180.000000	0.000000	0.051946)
