// Re = 0.1
(-180.000000	0.000000	0.001000)
(-178.160714	0.067560	0.001000)
(-176.321429	0.135120	0.001000)
(-174.482143	0.202680	0.001000)
(-172.642857	0.270240	0.001000)
(-170.803571	0.337800	0.001000)
(-168.964286	0.405360	0.001000)
(-167.125000	0.472920	0.001000)
(-165.285714	0.540480	0.020358)
(-163.446429	0.608040	0.042582)
(-161.607143	0.675600	0.067116)
(-159.767857	0.743160	0.093858)
(-157.928571	0.810720	0.122702)
(-156.089286	0.878280	0.153531)
(-154.250000	0.945840	0.186220)
(-149.660714	0.862427	0.275016)
(-145.071429	0.797951	0.372327)
(-140.482143	0.742061	0.475715)
(-135.892857	0.688734	0.582594)
(-131.303571	0.634377	0.690294)
(-126.714286	0.576908	0.796130)
(-122.125000	0.515272	0.897470)
(-117.535714	0.449161	0.991803)
(-112.946429	0.378838	1.076800)
(-108.357143	0.305016	1.150376)
(-103.767857	0.228764	1.210742)
(-99.178571	0.151437	1.256448)
(-94.589286	0.074606	1.286423)
(-90.000000	0.000000	1.300000)
(-85.410714	-0.074606	1.286423)
(-80.821429	-0.151437	1.256448)
(-76.232143	-0.228764	1.210742)
(-71.642857	-0.305016	1.150376)
(-67.053571	-0.378838	1.076800)
(-62.464286	-0.449161	0.991803)
(-57.875000	-0.515272	0.897470)
(-53.285714	-0.576908	0.796130)
(-48.696429	-0.634377	0.690294)
(-44.107143	-0.688734	0.582594)
(-39.517857	-0.742061	0.475715)
(-34.928571	-0.797951	0.372327)
(-30.339286	-0.862427	0.275016)
(-25.750000	-0.945840	0.186220)
(-24.250000	-0.897594	0.175962)
(-22.750000	-0.849349	0.165704)
(-21.250000	-0.801103	0.155446)
(-19.750000	-0.752857	0.145189)
(-18.250000	-0.704611	0.134931)
(-16.750000	-0.656366	0.124673)
(-15.250000	-0.608120	0.114415)
(-13.750000	-0.559874	0.104157)
(-12.250000	-0.511629	0.093899)
(-10.750000	-0.463383	0.083641)
(-9.250000	-0.415137	0.073384)
(-7.750000	-0.366891	0.063126)
(-4.750000	-0.270400	0.042610)
(-4.500000	-0.222200	0.043460)
(-3.750000	-0.218500	0.046580)
(-3.250000	-0.198100	0.047960)
(-3.000000	-0.210400	0.049570)
(-2.750000	-0.179600	0.049850)
(-2.500000	-0.189200	0.050660)
(-2.250000	-0.158300	0.050510)
(-2.000000	-0.169300	0.052230)
(-1.750000	-0.141500	0.052150)
(-1.500000	-0.145500	0.053520)
(-1.250000	-0.124800	0.053760)
(-1.000000	-0.105000	0.054030)
(-0.750000	-0.106000	0.055360)
(-0.500000	-0.069000	0.055080)
(-0.250000	-0.080500	0.056830)
(0.000000	-0.053200	0.057040)
(0.250000	-0.040000	0.057860)
(0.500000	-0.029600	0.058940)
(0.750000	-0.010100	0.059520)
(1.000000	0.004800	0.060530)
(1.250000	0.008500	0.061990)
(1.500000	0.021800	0.063110)
(1.750000	0.054500	0.063490)
(2.000000	0.056700	0.065230)
(2.250000	0.073500	0.066840)
(3.250000	0.084000	0.076310)
(3.500000	0.088000	0.077120)
(3.750000	0.109700	0.078500)
(4.000000	0.127100	0.079480)
(4.250000	0.138300	0.080740)
(4.500000	0.168500	0.082060)
(4.750000	0.175700	0.083250)
(5.000000	0.209900	0.084870)
(5.250000	0.215100	0.085930)
(5.500000	0.223100	0.087290)
(5.750000	0.256600	0.088820)
(6.000000	0.260800	0.090090)
(6.250000	0.272600	0.091640)
(6.500000	0.304900	0.093210)
(6.750000	0.307200	0.094490)
(7.000000	0.319600	0.096190)
(7.250000	0.350700	0.097680)
(7.500000	0.354500	0.099090)
(7.750000	0.364200	0.100810)
(8.000000	0.382500	0.102510)
(8.250000	0.403400	0.103860)
(8.500000	0.409200	0.105490)
(8.750000	0.418600	0.107260)
(9.000000	0.433300	0.109020)
(9.250000	0.461500	0.110330)
(9.500000	0.467300	0.111960)
(9.750000	0.474100	0.113660)
(10.000000	0.482500	0.115360)
(10.250000	0.492900	0.117020)
(10.500000	0.506100	0.118620)
(10.750000	0.521200	0.119940)
(11.000000	0.533200	0.121120)
(11.250000	0.540300	0.122140)
(11.500000	0.545900	0.122690)
(11.750000	0.625900	0.116190)
(12.000000	0.651700	0.117720)
(12.500000	0.703100	0.120460)
(12.750000	0.727600	0.121710)
(13.000000	0.751200	0.122910)
(13.250000	0.773300	0.124040)
(13.500000	0.794000	0.125130)
(13.750000	0.813700	0.126210)
(14.500000	0.844100	0.132170)
(15.250000	0.890300	0.135800)
(15.750000	0.919900	0.138100)
(16.250000	0.947900	0.140440)
(16.750000	0.974000	0.142950)
(17.250000	0.997900	0.145740)
(17.750000	0.996800	0.152920)
(18.000000	1.017500	0.152700)
(19.000000	1.322400	0.112810)
(19.250000	1.376400	0.107780)
(19.500000	1.354900	0.113620)
(19.750000	1.410300	0.108300)
(20.000000	1.395900	0.113020)
(20.250000	1.418200	0.112430)
(20.500000	1.405900	0.116900)
(20.750000	1.422600	0.117090)
(21.000000	1.409900	0.121690)
(21.250000	1.412700	0.124020)
(21.500000	1.416500	0.126180)
(21.750000	1.409300	0.130040)
(22.000000	1.423100	0.130650)
(22.250000	1.410500	0.135390)
(22.500000	1.410200	0.138230)
(22.750000	1.408700	0.141230)
(23.000000	1.406100	0.144430)
(23.250000	1.402500	0.147840)
(23.500000	1.409200	0.149460)
(23.750000	1.394300	0.154830)
(24.250000	1.387100	0.161760)
(24.500000	1.395300	0.163170)
(24.750000	1.383900	0.168100)
(25.000000	1.374900	0.172690)
(25.250000	1.365500	0.177390)
(25.500000	1.356000	0.182230)
(25.750000	1.351200	0.186220)
(30.339286	1.232039	0.275016)
(34.928571	1.139929	0.372327)
(39.517857	1.060087	0.475715)
(44.107143	0.983906	0.582594)
(48.696429	0.906253	0.690294)
(53.285714	0.824154	0.796130)
(57.875000	0.736103	0.897470)
(62.464286	0.641659	0.991803)
(67.053571	0.541197	1.076800)
(71.642857	0.435737	1.150376)
(76.232143	0.326806	1.210742)
(80.821429	0.216339	1.256448)
(85.410714	0.106581	1.286423)
(90.000000	0.000000	1.300000)
(94.589286	-0.074606	1.286423)
(99.178571	-0.151437	1.256448)
(103.767857	-0.228764	1.210742)
(108.357143	-0.305016	1.150376)
(112.946429	-0.378838	1.076800)
(117.535714	-0.449161	0.991803)
(122.125000	-0.515272	0.897470)
(126.714286	-0.576908	0.796130)
(131.303571	-0.634377	0.690294)
(135.892857	-0.688734	0.582594)
(140.482143	-0.742061	0.475715)
(145.071429	-0.797951	0.372327)
(149.660714	-0.862427	0.275016)
(154.250000	-0.945840	0.186220)
(156.089286	-0.878280	0.153531)
(157.928571	-0.810720	0.122702)
(159.767857	-0.743160	0.093858)
(161.607143	-0.675600	0.067116)
(163.446429	-0.608040	0.042582)
(165.285714	-0.540480	0.020358)
(167.125000	-0.472920	0.001000)
(168.964286	-0.405360	0.001000)
(170.803571	-0.337800	0.001000)
(172.642857	-0.270240	0.001000)
(174.482143	-0.202680	0.001000)
(176.321429	-0.135120	0.001000)
(178.160714	-0.067560	0.001000)
(180.000000	0.000000	0.001000)
