// Re = 0.06
(-180.000000	0.000000	0.022352)
(-178.000000	0.062045	0.023921)
(-176.000000	0.124090	0.028623)
(-174.000000	0.186135	0.036433)
(-172.000000	0.248180	0.047314)
(-170.000000	0.310225	0.061212)
(-168.000000	0.372270	0.078059)
(-166.000000	0.434315	0.097772)
(-164.000000	0.496360	0.120255)
(-162.000000	0.558405	0.145397)
(-160.000000	0.620450	0.173075)
(-158.000000	0.682495	0.203153)
(-156.000000	0.744540	0.235484)
(-154.000000	0.806585	0.269910)
(-152.000000	0.868630	0.306260)
(-147.571429	0.805052	0.392696)
(-143.142857	0.752602	0.485607)
(-138.714286	0.704428	0.582757)
(-134.285714	0.656400	0.681812)
(-129.857143	0.606023	0.780387)
(-125.428571	0.551882	0.876108)
(-121.000000	0.493322	0.966668)
(-116.571429	0.430266	1.049882)
(-112.142857	0.363087	1.123738)
(-107.714286	0.292519	1.186446)
(-103.285714	0.219586	1.236482)
(-98.857143	0.145543	1.272622)
(-94.428571	0.071827	1.293975)
(-90.000000	0.000000	1.300000)
(-85.571429	-0.071827	1.293975)
(-81.142857	-0.145543	1.272622)
(-76.714286	-0.219586	1.236482)
(-72.285714	-0.292519	1.186446)
(-67.857143	-0.363087	1.123738)
(-63.428571	-0.430266	1.049882)
(-59.000000	-0.493322	0.966668)
(-54.571429	-0.551882	0.876108)
(-50.142857	-0.606023	0.780387)
(-45.714286	-0.656400	0.681812)
(-41.285714	-0.704428	0.582757)
(-36.857143	-0.752602	0.485607)
(-32.428571	-0.805052	0.392696)
(-28.000000	-0.868630	0.306260)
(-26.357143	-0.858264	0.289466)
(-24.714286	-0.847897	0.272671)
(-23.071429	-0.837531	0.255877)
(-21.428571	-0.827164	0.239083)
(-19.785714	-0.816798	0.222289)
(-18.142857	-0.806431	0.205494)
(-16.500000	-0.796065	0.188700)
(-14.857143	-0.785699	0.171906)
(-13.214286	-0.775332	0.155111)
(-11.571429	-0.764966	0.138317)
(-9.928571	-0.754599	0.121523)
(-8.285714	-0.744233	0.104729)
(-5.000000	-0.723500	0.071140)
(-4.750000	-0.695000	0.074760)
(-4.500000	-0.675300	0.075840)
(-4.000000	-0.635000	0.078730)
(-3.750000	-0.613000	0.080670)
(-3.500000	-0.601100	0.080400)
(-3.250000	-0.580800	0.082000)
(-3.000000	-0.561300	0.083180)
(-2.750000	-0.545100	0.083350)
(-2.500000	-0.527300	0.084240)
(-2.250000	-0.517300	0.084100)
(-2.000000	-0.508400	0.083670)
(-1.750000	-0.492700	0.084150)
(-1.500000	-0.471600	0.084750)
(-1.250000	-0.464000	0.084200)
(-1.000000	-0.454600	0.083810)
(-0.750000	-0.440400	0.083720)
(-0.500000	-0.421900	0.083790)
(-0.250000	-0.413000	0.083220)
(0.000000	-0.400200	0.082890)
(0.500000	-0.364500	0.082780)
(0.750000	-0.351800	0.082670)
(1.000000	-0.326800	0.083140)
(1.250000	-0.309500	0.083080)
(1.500000	-0.296300	0.083080)
(1.750000	-0.270300	0.083700)
(2.000000	-0.251500	0.084080)
(2.250000	-0.235000	0.084260)
(2.500000	-0.212500	0.085020)
(2.750000	-0.189100	0.085780)
(3.000000	-0.170600	0.086220)
(3.250000	-0.152600	0.086990)
(3.500000	-0.122600	0.088270)
(3.750000	-0.110200	0.088660)
(4.000000	-0.089400	0.089650)
(4.250000	-0.059500	0.091260)
(4.500000	-0.046600	0.091790)
(4.750000	-0.026800	0.092890)
(5.000000	-0.001300	0.094510)
(5.250000	0.017400	0.095510)
(5.500000	0.032000	0.096480)
(5.750000	0.051000	0.097830)
(6.000000	0.078900	0.099680)
(6.250000	0.091100	0.100580)
(6.500000	0.106100	0.101830)
(6.750000	0.130600	0.103740)
(7.000000	0.151500	0.105310)
(7.250000	0.162200	0.106360)
(7.500000	0.177800	0.107850)
(7.750000	0.203300	0.109990)
(8.000000	0.218900	0.111390)
(8.250000	0.231700	0.112790)
(8.500000	0.246100	0.114380)
(8.750000	0.267400	0.116370)
(9.000000	0.282600	0.117860)
(9.250000	0.292700	0.119160)
(9.500000	0.304900	0.120690)
(9.750000	0.321900	0.122520)
(10.000000	0.339400	0.124190)
(10.250000	0.347600	0.125330)
(10.500000	0.358600	0.126630)
(10.750000	0.375600	0.127930)
(11.000000	0.399300	0.130000)
(11.250000	0.431200	0.133350)
(11.500000	0.455400	0.136090)
(11.750000	0.475500	0.138600)
(12.000000	0.496000	0.141220)
(12.250000	0.516900	0.143930)
(12.500000	0.537900	0.146700)
(12.750000	0.559000	0.149510)
(13.000000	0.579900	0.152330)
(13.250000	0.600400	0.155160)
(13.500000	0.620500	0.157970)
(13.750000	0.639900	0.160780)
(14.000000	0.658600	0.163570)
(14.250000	0.676700	0.166340)
(14.500000	0.694100	0.169100)
(14.750000	0.711000	0.171850)
(15.000000	0.727300	0.174560)
(15.250000	0.743400	0.177320)
(15.500000	0.759600	0.180110)
(15.750000	0.776300	0.182960)
(16.000000	0.793300	0.185800)
(16.250000	0.806700	0.188330)
(16.500000	0.816800	0.190670)
(16.750000	0.827000	0.193080)
(17.000000	0.837500	0.195570)
(17.250000	0.848700	0.198110)
(17.500000	0.860600	0.200710)
(17.750000	0.873600	0.203330)
(18.000000	0.887900	0.206140)
(18.250000	0.902700	0.208910)
(18.500000	0.914600	0.211420)
(18.750000	0.923100	0.213670)
(19.000000	0.932000	0.216020)
(19.250000	0.941000	0.218430)
(19.500000	0.950300	0.220910)
(19.750000	0.959900	0.223430)
(20.000000	0.969900	0.225980)
(20.250000	0.980500	0.228590)
(20.500000	0.992400	0.231320)
(20.750000	1.005400	0.234140)
(21.000000	1.017100	0.236810)
(21.250000	1.023500	0.238950)
(21.500000	1.030600	0.241280)
(21.750000	1.038300	0.243710)
(22.000000	1.046700	0.246220)
(22.250000	1.055500	0.248750)
(22.500000	1.064400	0.251260)
(22.750000	1.073400	0.253760)
(23.000000	1.082400	0.256230)
(23.250000	1.091900	0.258690)
(23.500000	1.102100	0.261240)
(23.750000	1.112900	0.263890)
(24.000000	1.123100	0.266620)
(24.250000	1.131600	0.269220)
(24.500000	1.138000	0.271600)
(24.750000	1.143500	0.273960)
(25.000000	1.149300	0.276470)
(25.250000	1.156700	0.279080)
(25.500000	1.168500	0.281990)
(25.750000	1.174600	0.284190)
(26.000000	1.179100	0.286590)
(26.250000	1.190500	0.289530)
(26.500000	1.195500	0.291540)
(26.750000	1.201500	0.293950)
(27.000000	1.212400	0.296580)
(27.250000	1.215500	0.298690)
(27.750000	1.229800	0.303360)
(28.000000	1.240900	0.306260)
(32.428571	1.150074	0.392696)
(36.857143	1.075146	0.485607)
(41.285714	1.006326	0.582757)
(45.714286	0.937714	0.681812)
(50.142857	0.865747	0.780387)
(54.571429	0.788402	0.876108)
(59.000000	0.704745	0.966668)
(63.428571	0.614666	1.049882)
(67.857143	0.518696	1.123738)
(72.285714	0.417884	1.186446)
(76.714286	0.313694	1.236482)
(81.142857	0.207919	1.272622)
(85.571429	0.102610	1.293975)
(90.000000	0.000000	1.300000)
(94.428571	-0.071827	1.293975)
(98.857143	-0.145543	1.272622)
(103.285714	-0.219586	1.236482)
(107.714286	-0.292519	1.186446)
(112.142857	-0.363087	1.123738)
(116.571429	-0.430266	1.049882)
(121.000000	-0.493322	0.966668)
(125.428571	-0.551882	0.876108)
(129.857143	-0.606023	0.780387)
(134.285714	-0.656400	0.681812)
(138.714286	-0.704428	0.582757)
(143.142857	-0.752602	0.485607)
(147.571429	-0.805052	0.392696)
(152.000000	-0.868630	0.306260)
(154.000000	-0.806585	0.269910)
(156.000000	-0.744540	0.235484)
(158.000000	-0.682495	0.203153)
(160.000000	-0.620450	0.173075)
(162.000000	-0.558405	0.145397)
(164.000000	-0.496360	0.120255)
(166.000000	-0.434315	0.097772)
(168.000000	-0.372270	0.078059)
(170.000000	-0.310225	0.061212)
(172.000000	-0.248180	0.047314)
(174.000000	-0.186135	0.036433)
(176.000000	-0.124090	0.028623)
(178.000000	-0.062045	0.023921)
(180.000000	0.000000	0.022352)
