// Re = 0.17
(-180.000000	0.000000	0.020077)
(-178.535714	0.075504	0.020919)
(-177.071429	0.151009	0.023444)
(-175.607143	0.226513	0.027644)
(-174.142857	0.302017	0.033510)
(-172.678571	0.377522	0.041025)
(-171.214286	0.453026	0.050169)
(-169.750000	0.528530	0.060919)
(-168.285714	0.604035	0.073247)
(-166.821429	0.679539	0.087119)
(-165.357143	0.755043	0.102500)
(-163.892857	0.830548	0.119349)
(-162.428571	0.906052	0.137622)
(-160.964286	0.981557	0.157271)
(-159.500000	1.057061	0.178244)
(-154.535714	0.927301	0.258439)
(-149.571429	0.841895	0.350769)
(-144.607143	0.777071	0.452450)
(-139.642857	0.720556	0.560416)
(-134.678571	0.665494	0.671409)
(-129.714286	0.607979	0.782078)
(-124.750000	0.545914	0.889078)
(-119.785714	0.478421	0.989175)
(-114.821429	0.405510	1.079336)
(-109.857143	0.327871	1.156826)
(-104.892857	0.246721	1.219288)
(-99.928571	0.163691	1.264814)
(-94.964286	0.080727	1.292003)
(-90.000000	0.000000	1.300000)
(-85.035714	-0.080727	1.292003)
(-80.071429	-0.163691	1.264814)
(-75.107143	-0.246721	1.219288)
(-70.142857	-0.327871	1.156826)
(-65.178571	-0.405510	1.079336)
(-60.214286	-0.478421	0.989175)
(-55.250000	-0.545914	0.889078)
(-50.285714	-0.607979	0.782078)
(-45.321429	-0.665494	0.671409)
(-40.357143	-0.720556	0.560416)
(-35.392857	-0.777071	0.452450)
(-30.428571	-0.841895	0.350769)
(-25.464286	-0.927301	0.258439)
(-20.500000	-1.057061	0.178244)
(-19.392857	-0.998822	0.166687)
(-18.285714	-0.940583	0.155131)
(-17.178571	-0.882344	0.143574)
(-16.071429	-0.824105	0.132018)
(-14.964286	-0.765867	0.120461)
(-13.857143	-0.707628	0.108905)
(-12.750000	-0.649389	0.097348)
(-11.642857	-0.591150	0.085791)
(-10.535714	-0.532911	0.074235)
(-9.428571	-0.474672	0.062678)
(-8.321429	-0.416434	0.051122)
(-7.214286	-0.358195	0.039565)
(-5.000000	-0.241717	0.016452)
(-4.750000	-0.214769	0.016667)
(-4.500000	-0.187586	0.016905)
(-4.250000	-0.160168	0.017143)
(-4.000000	-0.132907	0.017324)
(-3.750000	-0.105959	0.017527)
(-3.500000	-0.078776	0.017708)
(-3.250000	-0.050888	0.017765)
(-3.000000	-0.023627	0.017810)
(-2.750000	0.003400	0.017946)
(-2.500000	0.030974	0.017969)
(-2.250000	0.058862	0.017935)
(-1.750000	0.113697	0.017969)
(-1.500000	0.141820	0.017935)
(-1.250000	0.169159	0.017935)
(-1.000000	0.196890	0.017935)
(-0.750000	0.225013	0.017935)
(-0.500000	0.252274	0.017969)
(-0.250000	0.280318	0.017957)
(0.000000	0.308127	0.017980)
(0.250000	0.335310	0.018048)
(0.500000	0.363746	0.018048)
(0.750000	0.391007	0.018116)
(1.000000	0.418033	0.018218)
(1.250000	0.447095	0.018195)
(1.500000	0.473652	0.018319)
(1.750000	0.500600	0.018444)
(2.000000	0.529740	0.018421)
(2.250000	0.556453	0.018580)
(2.500000	0.582853	0.018716)
(2.750000	0.611367	0.018727)
(3.000000	0.637611	0.018908)
(3.250000	0.665029	0.019010)
(3.500000	0.693229	0.019032)
(3.750000	0.718612	0.019225)
(4.000000	0.745168	0.019349)
(4.250000	0.774230	0.019315)
(4.500000	0.799691	0.019496)
(4.750000	0.825621	0.019632)
(5.000000	0.852413	0.019700)
(5.250000	0.880692	0.019632)
(5.500000	0.907014	0.019621)
(5.750000	0.932709	0.019610)
(6.000000	0.958326	0.019564)
(6.250000	0.983630	0.019519)
(6.500000	1.008934	0.019406)
(6.750000	1.032438	0.019293)
(7.000000	1.055315	0.019100)
(7.250000	1.080228	0.018806)
(7.500000	1.099895	0.018738)
(7.750000	1.122068	0.018580)
(8.000000	1.140561	0.018523)
(8.250000	1.160228	0.018387)
(8.500000	1.176843	0.018286)
(8.750000	1.197293	0.018195)
(9.000000	1.223537	0.018410)
(9.250000	1.245474	0.018863)
(9.500000	1.262402	0.019485)
(9.750000	1.275180	0.020436)
(10.000000	1.283261	0.021828)
(10.250000	1.287741	0.023684)
(10.500000	1.289559	0.025992)
(10.750000	1.289968	0.028674)
(11.000000	1.289594	0.031650)
(11.250000	1.289141	0.034842)
(11.500000	1.289629	0.038101)
(11.750000	1.291525	0.041315)
(12.000000	1.294674	0.044472)
(12.250000	1.299389	0.047516)
(12.500000	1.305278	0.050470)
(12.750000	1.312576	0.053310)
(13.000000	1.321596	0.055970)
(13.250000	1.331478	0.058516)
(13.500000	1.342534	0.060937)
(13.750000	1.354764	0.063178)
(14.000000	1.368403	0.065192)
(14.250000	1.381494	0.067422)
(14.500000	1.395838	0.069436)
(14.750000	1.411983	0.071145)
(15.000000	1.427971	0.072933)
(15.250000	1.442706	0.075004)
(15.500000	1.462609	0.076192)
(15.750000	1.474917	0.078738)
(16.000000	1.494037	0.080164)
(16.250000	1.505875	0.082846)
(16.500000	1.525856	0.084193)
(16.750000	1.533154	0.087690)
(17.000000	1.555718	0.088629)
(17.250000	1.558867	0.092850)
(17.500000	1.565539	0.096517)
(17.750000	1.591078	0.096992)
(18.000000	1.585850	0.102695)
(18.250000	1.584458	0.107924)
(18.500000	1.587607	0.112348)
(18.750000	1.612833	0.112620)
(19.000000	1.602830	0.119580)
(19.250000	1.592748	0.126879)
(19.500000	1.581884	0.134665)
(19.750000	1.569141	0.143288)
(20.000000	1.553031	0.153212)
(20.250000	1.532694	0.164936)
(20.500000	1.510087	0.178244)
(25.464286	1.324715	0.258439)
(30.428571	1.202707	0.350769)
(35.392857	1.110102	0.452450)
(40.357143	1.029366	0.560416)
(45.321429	0.950706	0.671409)
(50.285714	0.868542	0.782078)
(55.250000	0.779877	0.889078)
(60.214286	0.683458	0.989175)
(65.178571	0.579300	1.079336)
(70.142857	0.468387	1.156826)
(75.107143	0.352458	1.219288)
(80.071429	0.233844	1.264814)
(85.035714	0.115324	1.292003)
(90.000000	0.000000	1.300000)
(94.964286	-0.080727	1.292003)
(99.928571	-0.163691	1.264814)
(104.892857	-0.246721	1.219288)
(109.857143	-0.327871	1.156826)
(114.821429	-0.405510	1.079336)
(119.785714	-0.478421	0.989175)
(124.750000	-0.545914	0.889078)
(129.714286	-0.607979	0.782078)
(134.678571	-0.665494	0.671409)
(139.642857	-0.720556	0.560416)
(144.607143	-0.777071	0.452450)
(149.571429	-0.841895	0.350769)
(154.535714	-0.927301	0.258439)
(159.500000	-1.057061	0.178244)
(160.964286	-0.981557	0.157271)
(162.428571	-0.906052	0.137622)
(163.892857	-0.830548	0.119349)
(165.357143	-0.755043	0.102500)
(166.821429	-0.679539	0.087119)
(168.285714	-0.604035	0.073247)
(169.750000	-0.528530	0.060919)
(171.214286	-0.453026	0.050169)
(172.678571	-0.377522	0.041025)
(174.142857	-0.302017	0.033510)
(175.607143	-0.226513	0.027644)
(177.071429	-0.151009	0.023444)
(178.535714	-0.075504	0.020919)
(180.000000	0.000000	0.020077)
