// Re = 0.19
(-180.000000	0.000000	0.001000)
(-178.500000	0.073175	0.001000)
(-177.000000	0.146351	0.001000)
(-175.500000	0.219526	0.001812)
(-174.000000	0.292701	0.008029)
(-172.500000	0.365877	0.015992)
(-171.000000	0.439052	0.025680)
(-169.500000	0.512227	0.037067)
(-168.000000	0.585403	0.050122)
(-166.500000	0.658578	0.064808)
(-165.000000	0.731753	0.081086)
(-163.500000	0.804929	0.098911)
(-162.000000	0.878104	0.118234)
(-160.500000	0.951280	0.139002)
(-159.000000	1.024455	0.161159)
(-154.071429	0.905461	0.242960)
(-149.142857	0.826030	0.336655)
(-144.214286	0.764825	0.439484)
(-139.285714	0.710669	0.548416)
(-134.357143	0.657266	0.660244)
(-129.428571	0.601024	0.771673)
(-124.500000	0.540024	0.879422)
(-119.571429	0.473495	0.980320)
(-114.642857	0.401504	1.071398)
(-109.714286	0.324763	1.149976)
(-104.785714	0.244488	1.213747)
(-99.857143	0.162291	1.260838)
(-94.928571	0.080086	1.289871)
(-90.000000	0.000000	1.300000)
(-85.071429	-0.080086	1.289871)
(-80.142857	-0.162291	1.260838)
(-75.214286	-0.244488	1.213747)
(-70.285714	-0.324763	1.149976)
(-65.357143	-0.401504	1.071398)
(-60.428571	-0.473495	0.980320)
(-55.500000	-0.540024	0.879422)
(-50.571429	-0.601024	0.771673)
(-45.642857	-0.657266	0.660244)
(-40.714286	-0.710669	0.548416)
(-35.785714	-0.764825	0.439484)
(-30.857143	-0.826030	0.336655)
(-25.928571	-0.905461	0.242960)
(-21.000000	-1.024455	0.161159)
(-19.857143	-0.968581	0.150733)
(-18.714286	-0.912707	0.140307)
(-17.571429	-0.856833	0.129881)
(-16.428571	-0.800959	0.119456)
(-15.285714	-0.745085	0.109030)
(-14.142857	-0.689211	0.098604)
(-13.000000	-0.633337	0.088178)
(-11.857143	-0.577463	0.077752)
(-10.714286	-0.521589	0.067326)
(-9.571429	-0.465715	0.056900)
(-8.428571	-0.409841	0.046475)
(-7.285714	-0.353967	0.036049)
(-5.000000	-0.242219	0.015197)
(-4.750000	-0.214752	0.015354)
(-4.500000	-0.187284	0.015501)
(-4.250000	-0.159816	0.015679)
(-4.000000	-0.131829	0.015826)
(-3.750000	-0.104188	0.015941)
(-3.500000	-0.076720	0.016088)
(-3.250000	-0.048906	0.016172)
(-3.000000	-0.020658	0.016203)
(-2.750000	0.006809	0.016287)
(-2.500000	0.034537	0.016319)
(-2.250000	0.063218	0.016277)
(-2.000000	0.091119	0.016266)
(-1.750000	0.118673	0.016329)
(-1.500000	0.147354	0.016298)
(-1.250000	0.175516	0.016277)
(-1.000000	0.203156	0.016329)
(-0.750000	0.231924	0.016308)
(-0.500000	0.259912	0.016319)
(-0.250000	0.287553	0.016371)
(0.000000	0.316581	0.016350)
(0.250000	0.344308	0.016402)
(0.500000	0.372036	0.016465)
(0.750000	0.400717	0.016476)
(1.000000	0.428358	0.016549)
(1.250000	0.456432	0.016612)
(1.500000	0.484507	0.016665)
(1.750000	0.512061	0.016759)
(2.000000	0.541176	0.016790)
(2.250000	0.567863	0.016906)
(2.500000	0.595331	0.017011)
(2.750000	0.624792	0.017021)
(3.000000	0.651133	0.017168)
(3.250000	0.677993	0.017283)
(3.500000	0.707108	0.017304)
(3.750000	0.733535	0.017451)
(4.000000	0.760656	0.017566)
(4.250000	0.788817	0.017598)
(4.500000	0.815158	0.017703)
(4.750000	0.841325	0.017818)
(5.000000	0.868013	0.017902)
(5.250000	0.895220	0.017912)
(5.500000	0.922428	0.017891)
(5.750000	0.949202	0.017860)
(6.000000	0.975369	0.017849)
(6.250000	1.000496	0.017849)
(6.500000	1.024323	0.017829)
(6.750000	1.048150	0.017703)
(7.000000	1.072583	0.017535)
(7.250000	1.093983	0.017514)
(7.500000	1.117203	0.017451)
(7.750000	1.136522	0.017472)
(8.000000	1.156882	0.017451)
(8.250000	1.174034	0.017482)
(8.500000	1.190059	0.017514)
(8.750000	1.204438	0.017556)
(9.000000	1.217949	0.017608)
(9.250000	1.239956	0.017965)
(9.500000	1.255721	0.018646)
(9.750000	1.266372	0.019695)
(10.000000	1.271908	0.021163)
(10.250000	1.273718	0.023019)
(10.500000	1.273360	0.025221)
(10.750000	1.271615	0.027727)
(11.000000	1.269523	0.030443)
(11.250000	1.267692	0.033306)
(11.500000	1.266293	0.036252)
(11.750000	1.266802	0.039115)
(12.000000	1.268091	0.041977)
(12.250000	1.270681	0.044777)
(12.500000	1.274484	0.047503)
(12.750000	1.279934	0.050125)
(13.000000	1.286250	0.052694)
(13.250000	1.293520	0.055158)
(13.500000	1.301918	0.057538)
(13.750000	1.311182	0.059793)
(14.000000	1.321832	0.061890)
(14.250000	1.332570	0.064050)
(14.500000	1.344435	0.066042)
(14.750000	1.358379	0.067689)
(15.000000	1.370071	0.069807)
(15.250000	1.384015	0.071558)
(15.500000	1.399174	0.073120)
(15.750000	1.411472	0.075217)
(16.000000	1.430011	0.076308)
(16.250000	1.438928	0.078961)
(16.500000	1.456861	0.080219)
(16.750000	1.465258	0.082977)
(17.000000	1.477642	0.085116)
(17.250000	1.492454	0.086930)
(17.500000	1.495823	0.090506)
(17.750000	1.511069	0.092194)
(18.000000	1.518425	0.095203)
(18.250000	1.516594	0.099660)
(18.500000	1.522564	0.102868)
(18.750000	1.542490	0.103791)
(19.000000	1.532163	0.109747)
(19.250000	1.523744	0.115556)
(19.500000	1.516798	0.121240)
(19.750000	1.512366	0.126556)
(20.000000	1.540440	0.125570)
(20.250000	1.523092	0.133414)
(20.500000	1.504877	0.141823)
(20.750000	1.485102	0.151009)
(21.000000	1.463507	0.161159)
(25.928571	1.293516	0.242960)
(30.857143	1.180042	0.336655)
(35.785714	1.092607	0.439484)
(40.714286	1.015241	0.548416)
(45.642857	0.938952	0.660244)
(50.571429	0.858605	0.771673)
(55.500000	0.771463	0.879422)
(60.428571	0.676421	0.980320)
(65.357143	0.573577	1.071398)
(70.285714	0.463947	1.149976)
(75.214286	0.349268	1.213747)
(80.142857	0.231845	1.260838)
(85.071429	0.114408	1.289871)
(90.000000	0.000000	1.300000)
(94.928571	-0.080086	1.289871)
(99.857143	-0.162291	1.260838)
(104.785714	-0.244488	1.213747)
(109.714286	-0.324763	1.149976)
(114.642857	-0.401504	1.071398)
(119.571429	-0.473495	0.980320)
(124.500000	-0.540024	0.879422)
(129.428571	-0.601024	0.771673)
(134.357143	-0.657266	0.660244)
(139.285714	-0.710669	0.548416)
(144.214286	-0.764825	0.439484)
(149.142857	-0.826030	0.336655)
(154.071429	-0.905461	0.242960)
(159.000000	-1.024455	0.161159)
(160.500000	-0.951280	0.139002)
(162.000000	-0.878104	0.118234)
(163.500000	-0.804929	0.098911)
(165.000000	-0.731753	0.081086)
(166.500000	-0.658578	0.064808)
(168.000000	-0.585403	0.050122)
(169.500000	-0.512227	0.037067)
(171.000000	-0.439052	0.025680)
(172.500000	-0.365877	0.015992)
(174.000000	-0.292701	0.008029)
(175.500000	-0.219526	0.001812)
(177.000000	-0.146351	0.001000)
(178.500000	-0.073175	0.001000)
(180.000000	0.000000	0.001000)
