// Re = 0.19
(-180.000000	0.000000	0.001000)
(-178.500000	0.074379	0.001000)
(-177.000000	0.148758	0.001000)
(-175.500000	0.223137	0.004254)
(-174.000000	0.297516	0.010464)
(-172.500000	0.371894	0.018420)
(-171.000000	0.446273	0.028099)
(-169.500000	0.520652	0.039475)
(-168.000000	0.595031	0.052517)
(-166.500000	0.669410	0.067189)
(-165.000000	0.743789	0.083451)
(-163.500000	0.818168	0.101258)
(-162.000000	0.892547	0.120562)
(-160.500000	0.966926	0.141310)
(-159.000000	1.041305	0.163445)
(-154.071429	0.918277	0.245162)
(-149.142857	0.835984	0.338757)
(-144.214286	0.772622	0.441470)
(-139.285714	0.716771	0.550272)
(-134.357143	0.662002	0.661956)
(-129.428571	0.604642	0.773228)
(-124.500000	0.542721	0.880809)
(-119.571429	0.475435	0.981529)
(-114.642857	0.402829	1.072419)
(-109.714286	0.325600	1.150802)
(-104.785714	0.244955	1.214372)
(-99.857143	0.162497	1.261257)
(-94.928571	0.080137	1.290081)
(-90.000000	0.000000	1.300000)
(-85.071429	-0.080137	1.290081)
(-80.142857	-0.162497	1.261257)
(-75.214286	-0.244955	1.214372)
(-70.285714	-0.325600	1.150802)
(-65.357143	-0.402829	1.072419)
(-60.428571	-0.475435	0.981529)
(-55.500000	-0.542721	0.880809)
(-50.571429	-0.604642	0.773228)
(-45.642857	-0.662002	0.661956)
(-40.714286	-0.716771	0.550272)
(-35.785714	-0.772622	0.441470)
(-30.857143	-0.835984	0.338757)
(-25.928571	-0.918277	0.245162)
(-21.000000	-1.041305	0.163445)
(-19.857143	-0.984228	0.152855)
(-18.714286	-0.927152	0.142264)
(-17.571429	-0.870075	0.131674)
(-16.428571	-0.812999	0.121083)
(-15.285714	-0.755923	0.110492)
(-14.142857	-0.698846	0.099902)
(-13.000000	-0.641770	0.089312)
(-11.857143	-0.584693	0.078721)
(-10.714286	-0.527617	0.068130)
(-9.571429	-0.470541	0.057540)
(-8.428571	-0.413464	0.046950)
(-7.285714	-0.356388	0.036359)
(-5.000000	-0.242235	0.015178)
(-4.750000	-0.214758	0.015338)
(-4.500000	-0.187282	0.015487)
(-4.250000	-0.159805	0.015668)
(-4.000000	-0.131819	0.015817)
(-3.750000	-0.104173	0.015935)
(-3.500000	-0.076697	0.016084)
(-3.250000	-0.048881	0.016169)
(-3.000000	-0.020640	0.016201)
(-2.750000	0.006837	0.016286)
(-2.500000	0.034568	0.016318)
(-2.250000	0.063234	0.016275)
(-2.000000	0.091135	0.016265)
(-1.750000	0.118696	0.016329)
(-1.500000	0.147362	0.016297)
(-1.250000	0.175518	0.016275)
(-1.000000	0.203164	0.016329)
(-0.750000	0.231914	0.016307)
(-0.500000	0.259900	0.016318)
(-0.250000	0.287547	0.016371)
(0.000000	0.316552	0.016350)
(0.250000	0.344283	0.016403)
(0.500000	0.372015	0.016467)
(0.750000	0.400680	0.016478)
(1.000000	0.428326	0.016552)
(1.250000	0.456397	0.016616)
(1.500000	0.484468	0.016670)
(1.750000	0.512030	0.016765)
(2.000000	0.541120	0.016797)
(2.250000	0.567832	0.016915)
(2.500000	0.595308	0.017021)
(2.750000	0.624738	0.017032)
(3.000000	0.651111	0.017181)
(3.250000	0.677992	0.017298)
(3.500000	0.707083	0.017319)
(3.750000	0.733540	0.017468)
(4.000000	0.760677	0.017586)
(4.250000	0.788833	0.017618)
(4.500000	0.815205	0.017724)
(4.750000	0.841407	0.017841)
(5.000000	0.868119	0.017926)
(5.250000	0.895341	0.017937)
(5.500000	0.922562	0.017916)
(5.750000	0.949359	0.017884)
(6.000000	0.975561	0.017873)
(6.250000	1.000745	0.017873)
(6.500000	1.024654	0.017852)
(6.750000	1.048563	0.017724)
(7.000000	1.073066	0.017554)
(7.250000	1.094597	0.017532)
(7.500000	1.117911	0.017468)
(7.750000	1.137403	0.017490)
(8.000000	1.157915	0.017468)
(8.250000	1.175283	0.017500)
(8.500000	1.191548	0.017532)
(8.750000	1.206199	0.017575)
(9.000000	1.220000	0.017628)
(9.250000	1.242125	0.017990)
(9.500000	1.258135	0.018683)
(9.750000	1.269133	0.019748)
(10.000000	1.275120	0.021239)
(10.250000	1.277454	0.023124)
(10.500000	1.277665	0.025361)
(10.750000	1.276517	0.027907)
(11.000000	1.275030	0.030665)
(11.250000	1.273797	0.033573)
(11.500000	1.272988	0.036566)
(11.750000	1.274049	0.039474)
(12.000000	1.275874	0.042382)
(12.250000	1.278972	0.045226)
(12.500000	1.283261	0.047995)
(12.750000	1.289162	0.050658)
(13.000000	1.295914	0.053268)
(13.250000	1.303599	0.055771)
(13.500000	1.312389	0.058189)
(13.750000	1.322029	0.060479)
(14.000000	1.333027	0.062609)
(14.250000	1.344110	0.064803)
(14.500000	1.356297	0.066827)
(14.750000	1.370523	0.068499)
(15.000000	1.382541	0.070651)
(15.250000	1.396767	0.072429)
(15.500000	1.412182	0.074017)
(15.750000	1.424794	0.076147)
(16.000000	1.443522	0.077255)
(16.250000	1.452821	0.079949)
(16.500000	1.470954	0.081227)
(16.750000	1.479744	0.084029)
(17.000000	1.492441	0.086202)
(17.250000	1.507516	0.088044)
(17.500000	1.511380	0.091676)
(17.750000	1.526880	0.093391)
(18.000000	1.534650	0.096448)
(18.250000	1.533418	0.100975)
(18.500000	1.539829	0.104234)
(18.750000	1.559916	0.105172)
(19.000000	1.550359	0.111222)
(19.250000	1.542670	0.117123)
(19.500000	1.536426	0.122896)
(19.750000	1.532645	0.128296)
(20.000000	1.560716	0.127295)
(20.250000	1.544279	0.135262)
(20.500000	1.526993	0.143804)
(20.750000	1.508177	0.153135)
(21.000000	1.487578	0.163445)
(25.928571	1.311824	0.245162)
(30.857143	1.194263	0.338757)
(35.785714	1.103745	0.441470)
(40.714286	1.023958	0.550272)
(45.642857	0.945718	0.661956)
(50.571429	0.863774	0.773228)
(55.500000	0.775315	0.880809)
(60.428571	0.679193	0.981529)
(65.357143	0.575470	1.072419)
(70.285714	0.465143	1.150802)
(75.214286	0.349935	1.214372)
(80.142857	0.232139	1.261257)
(85.071429	0.114481	1.290081)
(90.000000	0.000000	1.300000)
(94.928571	-0.080137	1.290081)
(99.857143	-0.162497	1.261257)
(104.785714	-0.244955	1.214372)
(109.714286	-0.325600	1.150802)
(114.642857	-0.402829	1.072419)
(119.571429	-0.475435	0.981529)
(124.500000	-0.542721	0.880809)
(129.428571	-0.604642	0.773228)
(134.357143	-0.662002	0.661956)
(139.285714	-0.716771	0.550272)
(144.214286	-0.772622	0.441470)
(149.142857	-0.835984	0.338757)
(154.071429	-0.918277	0.245162)
(159.000000	-1.041305	0.163445)
(160.500000	-0.966926	0.141310)
(162.000000	-0.892547	0.120562)
(163.500000	-0.818168	0.101258)
(165.000000	-0.743789	0.083451)
(166.500000	-0.669410	0.067189)
(168.000000	-0.595031	0.052517)
(169.500000	-0.520652	0.039475)
(171.000000	-0.446273	0.028099)
(172.500000	-0.371894	0.018420)
(174.000000	-0.297516	0.010464)
(175.500000	-0.223137	0.004254)
(177.000000	-0.148758	0.001000)
(178.500000	-0.074379	0.001000)
(180.000000	0.000000	0.001000)
