// Re = 0.22
(-180.000000	0.000000	0.001000)
(-178.446429	0.066828	0.001000)
(-176.892857	0.133657	0.001000)
(-175.339286	0.200485	0.001000)
(-173.785714	0.267313	0.001000)
(-172.232143	0.334142	0.001595)
(-170.678571	0.400970	0.012043)
(-169.125000	0.467798	0.024317)
(-167.571429	0.534627	0.038382)
(-166.017857	0.601455	0.054198)
(-164.464286	0.668284	0.071718)
(-162.910714	0.735112	0.090890)
(-161.357143	0.801940	0.111659)
(-159.803571	0.868769	0.133964)
(-158.250000	0.935597	0.157740)
(-153.375000	0.841310	0.241102)
(-148.500000	0.777384	0.335843)
(-143.625000	0.726761	0.439246)
(-138.750000	0.680303	0.548348)
(-133.875000	0.632804	0.660023)
(-129.000000	0.581299	0.771072)
(-124.125000	0.524248	0.878319)
(-119.250000	0.461107	0.978699)
(-114.375000	0.392079	1.069347)
(-109.500000	0.317943	1.147682)
(-104.625000	0.239937	1.211477)
(-99.750000	0.159662	1.258931)
(-94.875000	0.078992	1.288711)
(-90.000000	0.000000	1.300000)
(-85.125000	-0.078992	1.288711)
(-80.250000	-0.159662	1.258931)
(-75.375000	-0.239937	1.211477)
(-70.500000	-0.317943	1.147682)
(-65.625000	-0.392079	1.069347)
(-60.750000	-0.461107	0.978699)
(-55.875000	-0.524248	0.878319)
(-51.000000	-0.581299	0.771072)
(-46.125000	-0.632804	0.660023)
(-41.250000	-0.680303	0.548348)
(-36.375000	-0.726761	0.439246)
(-31.500000	-0.777384	0.335843)
(-26.625000	-0.841310	0.241102)
(-21.750000	-0.935597	0.157740)
(-20.553571	-0.886141	0.147459)
(-19.357143	-0.836684	0.137179)
(-18.160714	-0.787228	0.126899)
(-16.964286	-0.737772	0.116618)
(-15.767857	-0.688316	0.106338)
(-14.571429	-0.638860	0.096057)
(-13.375000	-0.589403	0.085777)
(-12.178571	-0.539947	0.075496)
(-10.982143	-0.490491	0.065216)
(-9.785714	-0.441035	0.054935)
(-8.589286	-0.391579	0.044655)
(-7.392857	-0.342122	0.034374)
(-5.000000	-0.243210	0.013813)
(-4.750000	-0.215299	0.013890)
(-4.500000	-0.187193	0.013986)
(-4.250000	-0.158990	0.014063)
(-4.000000	-0.131175	0.014169)
(-3.750000	-0.103166	0.014284)
(-3.500000	-0.074769	0.014370)
(-3.250000	-0.046760	0.014447)
(-3.000000	-0.018654	0.014495)
(-2.750000	0.009938	0.014505)
(-2.500000	0.038529	0.014505)
(-2.250000	0.066829	0.014514)
(-2.000000	0.095129	0.014543)
(-1.750000	0.124012	0.014524)
(-1.500000	0.152409	0.014524)
(-1.250000	0.180709	0.014553)
(-1.000000	0.209592	0.014543)
(-0.750000	0.238184	0.014553)
(-0.500000	0.266484	0.014591)
(-0.250000	0.295269	0.014601)
(0.000000	0.323861	0.014620)
(0.250000	0.352355	0.014658)
(0.500000	0.380752	0.014697)
(0.750000	0.409247	0.014745)
(1.000000	0.438032	0.014774)
(1.250000	0.465944	0.014841)
(1.500000	0.494535	0.014899)
(1.750000	0.522836	0.014956)
(2.000000	0.550650	0.015033)
(2.250000	0.579727	0.015091)
(2.500000	0.607251	0.015168)
(2.750000	0.634871	0.015264)
(3.000000	0.664045	0.015312)
(3.250000	0.691374	0.015408)
(3.500000	0.718412	0.015504)
(3.750000	0.747101	0.015561)
(4.000000	0.774527	0.015657)
(4.250000	0.801759	0.015754)
(4.500000	0.828894	0.015830)
(4.750000	0.857097	0.015878)
(5.000000	0.883359	0.015955)
(5.250000	0.909814	0.015994)
(5.500000	0.936269	0.016022)
(5.750000	0.962628	0.016051)
(6.000000	0.988597	0.016080)
(6.250000	1.014276	0.016071)
(6.500000	1.039372	0.016003)
(6.750000	1.061944	0.015984)
(7.000000	1.085778	0.015955)
(7.250000	1.107573	0.016003)
(7.500000	1.129368	0.016042)
(7.750000	1.149706	0.016109)
(8.000000	1.169365	0.016186)
(8.250000	1.187082	0.016301)
(8.500000	1.202566	0.016445)
(8.750000	1.215331	0.016628)
(9.000000	1.225183	0.016868)
(9.250000	1.229696	0.017118)
(9.500000	1.239063	0.017665)
(9.750000	1.246973	0.018837)
(10.000000	1.249641	0.020355)
(10.250000	1.249007	0.022151)
(10.500000	1.246626	0.024207)
(10.750000	1.243080	0.026464)
(11.000000	1.239436	0.028856)
(11.250000	1.235987	0.031363)
(11.500000	1.233606	0.033870)
(11.750000	1.232098	0.036397)
(12.000000	1.231270	0.038923)
(12.250000	1.231899	0.041382)
(12.500000	1.232819	0.043899)
(12.750000	1.234807	0.046358)
(13.000000	1.238154	0.048750)
(13.250000	1.242763	0.051075)
(13.500000	1.248052	0.053342)
(13.750000	1.254021	0.055571)
(14.000000	1.260572	0.057741)
(14.250000	1.268095	0.059797)
(14.500000	1.276102	0.061891)
(14.750000	1.285178	0.063813)
(15.000000	1.294739	0.065695)
(15.250000	1.304300	0.067626)
(15.500000	1.316969	0.069086)
(15.750000	1.325267	0.071267)
(16.000000	1.340751	0.072371)
(16.250000	1.346914	0.074879)
(16.500000	1.361718	0.076127)
(16.750000	1.368270	0.078587)
(17.000000	1.379676	0.080344)
(17.250000	1.390596	0.082179)
(17.500000	1.395497	0.084898)
(17.750000	1.412631	0.085858)
(18.000000	1.413066	0.089211)
(18.250000	1.415927	0.092218)
(18.500000	1.431703	0.093351)
(18.750000	1.430875	0.096896)
(19.000000	1.425872	0.101103)
(19.250000	1.428151	0.104215)
(19.500000	1.450334	0.104292)
(19.750000	1.434748	0.110133)
(20.000000	1.421590	0.115772)
(20.250000	1.409985	0.121276)
(20.500000	1.399933	0.126598)
(20.750000	1.394833	0.131141)
(21.000000	1.415172	0.131093)
(21.250000	1.391139	0.139133)
(21.500000	1.365261	0.147913)
(21.750000	1.336567	0.157740)
(26.625000	1.201871	0.241102)
(31.500000	1.110549	0.335843)
(36.375000	1.038231	0.439246)
(41.250000	0.971861	0.548348)
(46.125000	0.904006	0.660023)
(51.000000	0.830427	0.771072)
(55.875000	0.748925	0.878319)
(60.750000	0.658725	0.978699)
(65.625000	0.560113	1.069347)
(70.500000	0.454204	1.147682)
(75.375000	0.342767	1.211477)
(80.250000	0.228088	1.258931)
(85.125000	0.112845	1.288711)
(90.000000	0.000000	1.300000)
(94.875000	-0.078992	1.288711)
(99.750000	-0.159662	1.258931)
(104.625000	-0.239937	1.211477)
(109.500000	-0.317943	1.147682)
(114.375000	-0.392079	1.069347)
(119.250000	-0.461107	0.978699)
(124.125000	-0.524248	0.878319)
(129.000000	-0.581299	0.771072)
(133.875000	-0.632804	0.660023)
(138.750000	-0.680303	0.548348)
(143.625000	-0.726761	0.439246)
(148.500000	-0.777384	0.335843)
(153.375000	-0.841310	0.241102)
(158.250000	-0.935597	0.157740)
(159.803571	-0.868769	0.133964)
(161.357143	-0.801940	0.111659)
(162.910714	-0.735112	0.090890)
(164.464286	-0.668284	0.071718)
(166.017857	-0.601455	0.054198)
(167.571429	-0.534627	0.038382)
(169.125000	-0.467798	0.024317)
(170.678571	-0.400970	0.012043)
(172.232143	-0.334142	0.001595)
(173.785714	-0.267313	0.001000)
(175.339286	-0.200485	0.001000)
(176.892857	-0.133657	0.001000)
(178.446429	-0.066828	0.001000)
(180.000000	0.000000	0.001000)
