// Re = 0.18
(-180.000000	0.000000	0.009836)
(-178.517857	0.075461	0.010703)
(-177.035714	0.150922	0.013300)
(-175.553571	0.226383	0.017620)
(-174.071429	0.301844	0.023653)
(-172.589286	0.377305	0.031381)
(-171.107143	0.452767	0.040784)
(-169.625000	0.528228	0.051838)
(-168.142857	0.603689	0.064511)
(-166.660714	0.679150	0.078770)
(-165.178571	0.754611	0.094578)
(-163.696429	0.830072	0.111890)
(-162.214286	0.905533	0.130662)
(-160.732143	0.980994	0.150842)
(-159.250000	1.056455	0.172377)
(-154.303571	0.928346	0.253278)
(-149.357143	0.843266	0.346175)
(-144.410714	0.778239	0.448296)
(-139.464286	0.721321	0.556594)
(-134.517857	0.665812	0.667835)
(-129.571429	0.607887	0.778701)
(-124.625000	0.545493	0.885878)
(-119.678571	0.477773	0.986166)
(-114.732143	0.404747	1.076564)
(-109.785714	0.327100	1.154370)
(-104.839286	0.246041	1.217250)
(-99.892857	0.163184	1.263317)
(-94.946429	0.080454	1.291183)
(-90.000000	0.000000	1.300000)
(-85.053571	-0.080454	1.291183)
(-80.107143	-0.163184	1.263317)
(-75.160714	-0.246041	1.217250)
(-70.214286	-0.327100	1.154370)
(-65.267857	-0.404747	1.076564)
(-60.321429	-0.477773	0.986166)
(-55.375000	-0.545493	0.885878)
(-50.428571	-0.607887	0.778701)
(-45.482143	-0.665812	0.667835)
(-40.535714	-0.721321	0.556594)
(-35.589286	-0.778239	0.448296)
(-30.642857	-0.843266	0.346175)
(-25.696429	-0.928346	0.253278)
(-20.750000	-1.056455	0.172377)
(-19.625000	-0.998298	0.161192)
(-18.500000	-0.940141	0.150006)
(-17.375000	-0.881983	0.138821)
(-16.250000	-0.823826	0.127636)
(-15.125000	-0.765669	0.116450)
(-14.000000	-0.707512	0.105265)
(-12.875000	-0.649354	0.094080)
(-11.750000	-0.591197	0.082894)
(-10.625000	-0.533040	0.071709)
(-9.500000	-0.474882	0.060523)
(-8.375000	-0.416725	0.049338)
(-7.250000	-0.358568	0.038153)
(-5.000000	-0.242253	0.015782)
(-4.750000	-0.214790	0.015948)
(-4.500000	-0.187005	0.016136)
(-4.250000	-0.159866	0.016302)
(-4.000000	-0.132646	0.016534)
(-3.750000	-0.105103	0.016733)
(-3.500000	-0.077237	0.016855)
(-3.250000	-0.050018	0.016965)
(-3.000000	-0.022555	0.017020)
(-2.750000	0.005634	0.017020)
(-2.500000	0.033419	0.017009)
(-2.250000	0.060800	0.017076)
(-2.000000	0.088747	0.017087)
(-1.750000	0.116936	0.017043)
(-1.500000	0.144722	0.017032)
(-1.250000	0.172426	0.017087)
(-1.000000	0.200777	0.017043)
(-0.750000	0.228562	0.017054)
(-0.500000	0.256347	0.017098)
(-0.250000	0.284537	0.017087)
(0.000000	0.312403	0.017120)
(0.250000	0.340511	0.017153)
(0.500000	0.368216	0.017197)
(0.750000	0.396082	0.017253)
(1.000000	0.424675	0.017264)
(1.250000	0.451571	0.017385)
(1.500000	0.479518	0.017452)
(1.750000	0.507950	0.017485)
(2.000000	0.534523	0.017629)
(2.250000	0.562632	0.017695)
(2.500000	0.591063	0.017750)
(2.750000	0.617233	0.017905)
(3.000000	0.645260	0.017972)
(3.250000	0.672884	0.018049)
(3.500000	0.699619	0.018204)
(3.750000	0.727404	0.018270)
(4.000000	0.754624	0.018348)
(4.250000	0.780632	0.018503)
(4.500000	0.807529	0.018602)
(4.750000	0.836526	0.018569)
(5.000000	0.862211	0.018702)
(5.250000	0.888219	0.018779)
(5.500000	0.914470	0.018790)
(5.750000	0.940639	0.018768)
(6.000000	0.966486	0.018746)
(6.250000	0.992009	0.018713)
(6.500000	1.017290	0.018624)
(6.750000	1.042652	0.018425)
(7.000000	1.065025	0.018303)
(7.250000	1.088367	0.018138)
(7.500000	1.110336	0.018082)
(7.750000	1.130690	0.018027)
(8.000000	1.150720	0.017994)
(8.250000	1.169700	0.017938)
(8.500000	1.185692	0.017916)
(8.750000	1.201118	0.017872)
(9.000000	1.223733	0.017950)
(9.250000	1.245621	0.018414)
(9.500000	1.262178	0.019089)
(9.750000	1.274292	0.020095)
(10.000000	1.281559	0.021555)
(10.250000	1.284949	0.023458)
(10.500000	1.286399	0.025747)
(10.750000	1.286235	0.028380)
(11.000000	1.285585	0.031277)
(11.250000	1.285016	0.034341)
(11.500000	1.285175	0.037482)
(11.750000	1.286868	0.040568)
(12.000000	1.289692	0.043610)
(12.250000	1.293405	0.046618)
(12.500000	1.299379	0.049450)
(12.750000	1.305919	0.052248)
(13.000000	1.313671	0.054936)
(13.250000	1.322715	0.057480)
(13.500000	1.332971	0.059902)
(13.750000	1.344035	0.062225)
(14.000000	1.355906	0.064448)
(14.250000	1.368990	0.066483)
(14.500000	1.383688	0.068253)
(14.750000	1.396368	0.070487)
(15.000000	1.411632	0.072268)
(15.250000	1.428189	0.073838)
(15.500000	1.441434	0.076062)
(15.750000	1.461302	0.077146)
(16.000000	1.471881	0.079866)
(16.250000	1.492316	0.080928)
(16.500000	1.500552	0.084069)
(16.750000	1.523733	0.084744)
(17.000000	1.527203	0.088715)
(17.250000	1.539479	0.091203)
(17.500000	1.556197	0.093006)
(17.750000	1.556355	0.097608)
(18.000000	1.564834	0.100782)
(18.250000	1.585107	0.101954)
(18.500000	1.578560	0.107816)
(18.750000	1.574922	0.113325)
(19.000000	1.574838	0.118224)
(19.250000	1.604481	0.117384)
(19.500000	1.592119	0.124673)
(19.750000	1.579110	0.132437)
(20.000000	1.565132	0.140788)
(20.250000	1.549215	0.150034)
(20.500000	1.530470	0.160520)
(20.750000	1.509222	0.172377)
(25.696429	1.326208	0.253278)
(30.642857	1.204665	0.346175)
(35.589286	1.111771	0.448296)
(40.535714	1.030458	0.556594)
(45.482143	0.951159	0.667835)
(50.428571	0.868410	0.778701)
(55.375000	0.779275	0.885878)
(60.321429	0.682533	0.986166)
(65.267857	0.578209	1.076564)
(70.214286	0.467286	1.154370)
(75.160714	0.351487	1.217250)
(80.107143	0.233120	1.263317)
(85.053571	0.114935	1.291183)
(90.000000	0.000000	1.300000)
(94.946429	-0.080454	1.291183)
(99.892857	-0.163184	1.263317)
(104.839286	-0.246041	1.217250)
(109.785714	-0.327100	1.154370)
(114.732143	-0.404747	1.076564)
(119.678571	-0.477773	0.986166)
(124.625000	-0.545493	0.885878)
(129.571429	-0.607887	0.778701)
(134.517857	-0.665812	0.667835)
(139.464286	-0.721321	0.556594)
(144.410714	-0.778239	0.448296)
(149.357143	-0.843266	0.346175)
(154.303571	-0.928346	0.253278)
(159.250000	-1.056455	0.172377)
(160.732143	-0.980994	0.150842)
(162.214286	-0.905533	0.130662)
(163.696429	-0.830072	0.111890)
(165.178571	-0.754611	0.094578)
(166.660714	-0.679150	0.078770)
(168.142857	-0.603689	0.064511)
(169.625000	-0.528228	0.051838)
(171.107143	-0.452767	0.040784)
(172.589286	-0.377305	0.031381)
(174.071429	-0.301844	0.023653)
(175.553571	-0.226383	0.017620)
(177.035714	-0.150922	0.013300)
(178.517857	-0.075461	0.010703)
(180.000000	0.000000	0.009836)
