// Re = 0.17
(-180.000000	0.000000	0.024305)
(-178.535714	0.077180	0.025146)
(-177.071429	0.154359	0.027667)
(-175.607143	0.231539	0.031861)
(-174.142857	0.308718	0.037717)
(-172.678571	0.385898	0.045219)
(-171.214286	0.463077	0.054348)
(-169.750000	0.540257	0.065081)
(-168.285714	0.617436	0.077388)
(-166.821429	0.694616	0.091237)
(-165.357143	0.771795	0.106592)
(-163.892857	0.848975	0.123412)
(-162.428571	0.926155	0.141654)
(-160.964286	1.003334	0.161269)
(-159.500000	1.080514	0.182205)
(-154.535714	0.945049	0.262257)
(-149.571429	0.855637	0.354415)
(-144.607143	0.787813	0.455897)
(-139.642857	0.728951	0.563639)
(-134.678571	0.672003	0.674383)
(-129.714286	0.612948	0.784780)
(-124.750000	0.549616	0.891489)
(-119.785714	0.481082	0.991275)
(-114.821429	0.407328	1.081111)
(-109.857143	0.329019	1.158262)
(-104.892857	0.247360	1.220375)
(-99.928571	0.163974	1.265543)
(-94.964286	0.080797	1.292369)
(-90.000000	0.000000	1.300000)
(-85.035714	-0.080797	1.292369)
(-80.071429	-0.163974	1.265543)
(-75.107143	-0.247360	1.220375)
(-70.142857	-0.329019	1.158262)
(-65.178571	-0.407328	1.081111)
(-60.214286	-0.481082	0.991275)
(-55.250000	-0.549616	0.891489)
(-50.285714	-0.612948	0.784780)
(-45.321429	-0.672003	0.674383)
(-40.357143	-0.728951	0.563639)
(-35.392857	-0.787813	0.455897)
(-30.428571	-0.855637	0.354415)
(-25.464286	-0.945049	0.262257)
(-20.500000	-1.080514	0.182205)
(-19.392857	-1.020601	0.170363)
(-18.285714	-0.960689	0.158521)
(-17.178571	-0.900777	0.146679)
(-16.071429	-0.840865	0.134836)
(-14.964286	-0.780952	0.122994)
(-13.857143	-0.721040	0.111152)
(-12.750000	-0.661128	0.099310)
(-11.642857	-0.601216	0.087468)
(-10.535714	-0.541303	0.075626)
(-9.428571	-0.481391	0.063784)
(-8.321429	-0.421479	0.051941)
(-7.214286	-0.361567	0.040099)
(-5.000000	-0.241742	0.016415)
(-4.750000	-0.214777	0.016635)
(-4.500000	-0.187584	0.016878)
(-4.250000	-0.160164	0.017122)
(-4.000000	-0.132896	0.017307)
(-3.750000	-0.105931	0.017516)
(-3.500000	-0.078738	0.017702)
(-3.250000	-0.050864	0.017760)
(-3.000000	-0.023595	0.017806)
(-2.750000	0.003446	0.017945)
(-2.500000	0.031017	0.017968)
(-2.250000	0.058892	0.017934)
(-1.750000	0.113731	0.017968)
(-1.500000	0.141833	0.017934)
(-1.250000	0.169177	0.017934)
(-1.000000	0.196901	0.017934)
(-0.750000	0.225003	0.017934)
(-0.500000	0.252271	0.017968)
(-0.250000	0.280297	0.017957)
(0.000000	0.308096	0.017980)
(0.250000	0.335288	0.018050)
(0.500000	0.363693	0.018050)
(0.750000	0.390962	0.018119)
(1.000000	0.418003	0.018224)
(1.250000	0.447014	0.018200)
(1.500000	0.473600	0.018328)
(1.750000	0.500565	0.018455)
(2.000000	0.529653	0.018432)
(2.250000	0.556390	0.018595)
(2.500000	0.582825	0.018734)
(2.750000	0.611306	0.018745)
(3.000000	0.637589	0.018931)
(3.250000	0.665009	0.019035)
(3.500000	0.693187	0.019058)
(3.750000	0.718636	0.019256)
(4.000000	0.745222	0.019383)
(4.250000	0.774234	0.019348)
(4.500000	0.799759	0.019534)
(4.750000	0.825739	0.019673)
(5.000000	0.852552	0.019743)
(5.250000	0.880806	0.019673)
(5.500000	0.907165	0.019661)
(5.750000	0.932917	0.019650)
(6.000000	0.958594	0.019603)
(6.250000	0.983967	0.019557)
(6.500000	1.009341	0.019441)
(6.750000	1.032971	0.019325)
(7.000000	1.055995	0.019128)
(7.250000	1.080990	0.018827)
(7.500000	1.100907	0.018757)
(7.750000	1.123248	0.018595)
(8.000000	1.142028	0.018537)
(8.250000	1.161945	0.018397)
(8.500000	1.178906	0.018293)
(8.750000	1.199580	0.018200)
(9.000000	1.225863	0.018421)
(9.250000	1.247978	0.018885)
(9.500000	1.265242	0.019522)
(9.750000	1.278489	0.020496)
(10.000000	1.287189	0.021923)
(10.250000	1.292402	0.023824)
(10.500000	1.295039	0.026190)
(10.750000	1.296311	0.028938)
(11.000000	1.296825	0.031988)
(11.250000	1.297264	0.035258)
(11.500000	1.298612	0.038598)
(11.750000	1.301324	0.041891)
(12.000000	1.305249	0.045127)
(12.250000	1.310690	0.048246)
(12.500000	1.317268	0.051273)
(12.750000	1.325209	0.054183)
(13.000000	1.334819	0.056908)
(13.250000	1.345262	0.059517)
(13.500000	1.356841	0.061999)
(13.750000	1.369558	0.064295)
(14.000000	1.383639	0.066359)
(14.250000	1.397189	0.068644)
(14.500000	1.411952	0.070708)
(14.750000	1.428458	0.072459)
(15.000000	1.444813	0.074291)
(15.250000	1.459954	0.076413)
(15.500000	1.480098	0.077631)
(15.750000	1.492891	0.080240)
(16.000000	1.512277	0.081701)
(16.250000	1.524615	0.084449)
(16.500000	1.544834	0.085829)
(16.750000	1.552776	0.089412)
(17.000000	1.575497	0.090375)
(17.250000	1.579422	0.094700)
(17.500000	1.586758	0.098457)
(17.750000	1.612359	0.098944)
(18.000000	1.608174	0.104789)
(18.250000	1.607703	0.110146)
(18.500000	1.611628	0.114681)
(18.750000	1.636926	0.114959)
(19.000000	1.628118	0.122090)
(19.250000	1.619234	0.129570)
(19.500000	1.609593	0.137548)
(19.750000	1.598132	0.146384)
(20.000000	1.583413	0.156554)
(20.250000	1.564601	0.168568)
(20.500000	1.543591	0.182205)
(25.464286	1.350071	0.262257)
(30.428571	1.222339	0.354415)
(35.392857	1.125447	0.455897)
(40.357143	1.041358	0.563639)
(45.321429	0.960004	0.674383)
(50.285714	0.875640	0.784780)
(55.250000	0.785165	0.891489)
(60.214286	0.687260	0.991275)
(65.178571	0.581896	1.081111)
(70.142857	0.470027	1.158262)
(75.107143	0.353372	1.220375)
(80.071429	0.234248	1.265543)
(85.035714	0.115425	1.292369)
(90.000000	0.000000	1.300000)
(94.964286	-0.080797	1.292369)
(99.928571	-0.163974	1.265543)
(104.892857	-0.247360	1.220375)
(109.857143	-0.329019	1.158262)
(114.821429	-0.407328	1.081111)
(119.785714	-0.481082	0.991275)
(124.750000	-0.549616	0.891489)
(129.714286	-0.612948	0.784780)
(134.678571	-0.672003	0.674383)
(139.642857	-0.728951	0.563639)
(144.607143	-0.787813	0.455897)
(149.571429	-0.855637	0.354415)
(154.535714	-0.945049	0.262257)
(159.500000	-1.080514	0.182205)
(160.964286	-1.003334	0.161269)
(162.428571	-0.926155	0.141654)
(163.892857	-0.848975	0.123412)
(165.357143	-0.771795	0.106592)
(166.821429	-0.694616	0.091237)
(168.285714	-0.617436	0.077388)
(169.750000	-0.540257	0.065081)
(171.214286	-0.463077	0.054348)
(172.678571	-0.385898	0.045219)
(174.142857	-0.308718	0.037717)
(175.607143	-0.231539	0.031861)
(177.071429	-0.154359	0.027667)
(178.535714	-0.077180	0.025146)
(180.000000	0.000000	0.024305)
