// Re = 0.07
(-180.000000	0.000000	0.182176)
(-177.857143	0.065993	0.183866)
(-175.714286	0.131987	0.188927)
(-173.571429	0.197980	0.197327)
(-171.428571	0.263973	0.209019)
(-169.285714	0.329967	0.223932)
(-167.142857	0.395960	0.241979)
(-165.000000	0.461953	0.263052)
(-162.857143	0.527947	0.287027)
(-160.714286	0.593940	0.313762)
(-158.571429	0.659933	0.343099)
(-156.428571	0.725927	0.374863)
(-154.285714	0.791920	0.408866)
(-152.142857	0.857914	0.444907)
(-150.000000	0.923907	0.482769)
(-145.714286	0.851633	0.563049)
(-141.428571	0.789907	0.647792)
(-137.142857	0.732805	0.734970)
(-132.857143	0.676663	0.822486)
(-128.571429	0.619231	0.908223)
(-124.285714	0.559216	0.990095)
(-120.000000	0.496014	1.066088)
(-115.714286	0.429543	1.134312)
(-111.428571	0.360129	1.193040)
(-107.142857	0.288428	1.240753)
(-102.857143	0.215358	1.276168)
(-98.571429	0.142049	1.298274)
(-94.285714	0.069792	1.306354)
(-90.000000	0.000000	1.300000)
(-85.714286	-0.069792	1.306354)
(-81.428571	-0.142049	1.298274)
(-77.142857	-0.215358	1.276168)
(-72.857143	-0.288428	1.240753)
(-68.571429	-0.360129	1.193040)
(-64.285714	-0.429543	1.134312)
(-60.000000	-0.496014	1.066088)
(-55.714286	-0.559216	0.990095)
(-51.428571	-0.619231	0.908223)
(-47.142857	-0.676663	0.822486)
(-42.857143	-0.732805	0.734970)
(-38.571429	-0.789907	0.647792)
(-34.285714	-0.851633	0.563049)
(-30.000000	-0.923907	0.482769)
(-28.214286	-0.888533	0.450867)
(-26.428571	-0.853160	0.418966)
(-24.642857	-0.817786	0.387064)
(-22.857143	-0.782413	0.355162)
(-21.071429	-0.747039	0.323261)
(-19.285714	-0.711666	0.291359)
(-17.500000	-0.676292	0.259458)
(-15.714286	-0.640918	0.227556)
(-13.928571	-0.605545	0.195654)
(-12.142857	-0.570171	0.163753)
(-10.357143	-0.534798	0.131851)
(-8.571429	-0.499424	0.099949)
(-5.000000	-0.428677	0.036146)
(-4.750000	-0.405963	0.038132)
(-4.500000	-0.382290	0.039931)
(-4.250000	-0.359745	0.041318)
(-4.000000	-0.342107	0.042064)
(-3.750000	-0.323792	0.042984)
(-3.500000	-0.306888	0.043437)
(-3.250000	-0.291506	0.043437)
(-3.000000	-0.272684	0.043864)
(-2.750000	-0.252056	0.043957)
(-2.500000	-0.237070	0.043757)
(-2.250000	-0.223888	0.043850)
(-2.000000	-0.209409	0.043877)
(-1.750000	-0.191997	0.043824)
(-1.500000	-0.172723	0.043704)
(-1.250000	-0.160839	0.043690)
(-1.000000	-0.145288	0.043824)
(-0.750000	-0.123815	0.043930)
(-0.500000	-0.110915	0.044157)
(-0.250000	-0.095702	0.044423)
(0.000000	-0.074116	0.044650)
(0.250000	-0.061160	0.045077)
(0.500000	-0.044932	0.045503)
(0.750000	-0.022613	0.045876)
(1.000000	-0.011462	0.046516)
(1.250000	0.006796	0.047076)
(1.500000	0.024829	0.047689)
(1.750000	0.038744	0.048476)
(2.000000	0.059033	0.049129)
(2.250000	0.072328	0.049969)
(2.500000	0.087991	0.050808)
(2.750000	0.109013	0.051568)
(3.000000	0.120277	0.052608)
(3.250000	0.137238	0.053541)
(3.500000	0.156963	0.054407)
(3.750000	0.178493	0.055287)
(4.000000	0.195397	0.056660)
(4.250000	0.226177	0.057873)
(4.500000	0.252953	0.059792)
(4.750000	0.280405	0.061619)
(5.000000	0.297197	0.062912)
(5.250000	0.320983	0.064245)
(5.500000	0.345107	0.065711)
(5.750000	0.364437	0.067670)
(6.000000	0.393074	0.068897)
(6.250000	0.412122	0.070963)
(6.500000	0.439123	0.072256)
(6.750000	0.458735	0.074242)
(7.000000	0.487315	0.075148)
(7.250000	0.504671	0.077294)
(7.500000	0.532970	0.077907)
(7.750000	0.551905	0.079680)
(8.000000	0.571178	0.081320)
(8.250000	0.601225	0.081000)
(8.500000	0.618130	0.082773)
(8.750000	0.637403	0.083986)
(9.000000	0.670665	0.082053)
(9.500000	0.711920	0.082493)
(9.750000	0.737285	0.081053)
(10.000000	0.781490	0.073562)
(10.250000	0.850005	0.057167)
(10.500000	0.928335	0.040265)
(10.750000	0.952967	0.037572)
(11.000000	0.964175	0.038012)
(11.250000	0.974141	0.039065)
(11.500000	0.981062	0.041291)
(11.750000	0.986291	0.044423)
(12.000000	0.993606	0.047543)
(12.250000	1.003912	0.050382)
(12.500000	1.016191	0.053101)
(12.750000	1.032870	0.055260)
(13.000000	1.050282	0.057540)
(13.250000	1.071925	0.059406)
(13.500000	1.086742	0.062405)
(13.750000	1.104662	0.065124)
(14.000000	1.122412	0.068030)
(14.250000	1.137174	0.071443)
(14.500000	1.153119	0.074855)
(14.750000	1.173182	0.077947)
(15.000000	1.170796	0.083599)
(15.250000	1.173769	0.088878)
(15.500000	1.185935	0.093103)
(15.750000	1.178980	0.100181)
(16.000000	1.170672	0.108046)
(16.250000	1.160445	0.116937)
(16.500000	1.148583	0.127081)
(16.750000	1.136157	0.138517)
(17.750000	0.866641	0.263003)
(18.000000	0.875987	0.266882)
(18.250000	0.889338	0.271374)
(18.500000	0.895638	0.274466)
(18.750000	0.903123	0.278252)
(19.000000	0.914274	0.282437)
(19.250000	0.924354	0.286276)
(19.500000	0.931162	0.290022)
(19.750000	0.942200	0.294288)
(20.000000	0.951828	0.298126)
(20.250000	0.959257	0.302139)
(20.500000	0.972213	0.306817)
(20.750000	0.978682	0.310283)
(21.000000	0.988367	0.314629)
(21.250000	0.998728	0.318721)
(21.500000	1.006552	0.322973)
(21.750000	1.018831	0.327452)
(22.000000	1.025357	0.331464)
(22.250000	1.038257	0.336356)
(22.500000	1.044331	0.340128)
(22.750000	1.056329	0.344927)
(23.000000	1.063193	0.348939)
(23.250000	1.074965	0.353804)
(23.500000	1.081998	0.357843)
(23.750000	1.093996	0.362749)
(24.000000	1.100691	0.366934)
(24.250000	1.112237	0.371666)
(24.500000	1.119440	0.376132)
(24.750000	1.129970	0.380744)
(25.000000	1.138301	0.385529)
(25.250000	1.147873	0.390021)
(25.500000	1.157445	0.394873)
(25.750000	1.165945	0.399512)
(26.250000	1.184355	0.409109)
(26.500000	1.194209	0.413788)
(26.750000	1.203104	0.418813)
(27.000000	1.211886	0.423532)
(27.500000	1.230015	0.433369)
(27.750000	1.239417	0.438141)
(28.000000	1.248764	0.443166)
(28.250000	1.257038	0.448112)
(28.500000	1.266610	0.452910)
(28.750000	1.275336	0.458082)
(29.000000	1.283892	0.462987)
(29.250000	1.293464	0.467826)
(29.500000	1.301851	0.473038)
(29.750000	1.310464	0.477983)
(30.000000	1.319867	0.482769)
(34.285714	1.216618	0.563049)
(38.571429	1.128439	0.647792)
(42.857143	1.046864	0.734970)
(47.142857	0.966661	0.822486)
(51.428571	0.884615	0.908223)
(55.714286	0.798880	0.990095)
(60.000000	0.708592	1.066088)
(64.285714	0.613632	1.134312)
(68.571429	0.514470	1.193040)
(72.857143	0.412039	1.240753)
(77.142857	0.307654	1.276168)
(81.428571	0.202927	1.298274)
(85.714286	0.099704	1.306354)
(90.000000	0.000000	1.300000)
(94.285714	-0.069792	1.306354)
(98.571429	-0.142049	1.298274)
(102.857143	-0.215358	1.276168)
(107.142857	-0.288428	1.240753)
(111.428571	-0.360129	1.193040)
(115.714286	-0.429543	1.134312)
(120.000000	-0.496014	1.066088)
(124.285714	-0.559216	0.990095)
(128.571429	-0.619231	0.908223)
(132.857143	-0.676663	0.822486)
(137.142857	-0.732805	0.734970)
(141.428571	-0.789907	0.647792)
(145.714286	-0.851633	0.563049)
(150.000000	-0.923907	0.482769)
(152.142857	-0.857914	0.444907)
(154.285714	-0.791920	0.408866)
(156.428571	-0.725927	0.374863)
(158.571429	-0.659933	0.343099)
(160.714286	-0.593940	0.313762)
(162.857143	-0.527947	0.287027)
(165.000000	-0.461953	0.263052)
(167.142857	-0.395960	0.241979)
(169.285714	-0.329967	0.223932)
(171.428571	-0.263973	0.209019)
(173.571429	-0.197980	0.197327)
(175.714286	-0.131987	0.188927)
(177.857143	-0.065993	0.183866)
(180.000000	0.000000	0.182176)
