// Re = 0.07
(-180.000000	0.000000	0.085230)
(-177.857143	0.052245	0.086988)
(-175.714286	0.104489	0.092251)
(-173.571429	0.156734	0.100991)
(-171.428571	0.208979	0.113155)
(-169.285714	0.261223	0.128676)
(-167.142857	0.313468	0.147463)
(-165.000000	0.365713	0.169409)
(-162.857143	0.417958	0.194388)
(-160.714286	0.470202	0.222256)
(-158.571429	0.522447	0.252854)
(-156.428571	0.574692	0.286006)
(-154.285714	0.626936	0.321521)
(-152.142857	0.679181	0.359195)
(-150.000000	0.731426	0.398811)
(-145.714286	0.696125	0.482948)
(-141.428571	0.664103	0.571997)
(-137.142857	0.631426	0.663903)
(-132.857143	0.595678	0.756545)
(-128.571429	0.555428	0.847778)
(-124.285714	0.509933	0.935483)
(-120.000000	0.458971	1.017615)
(-115.714286	0.402730	1.092248)
(-111.428571	0.341729	1.157622)
(-107.142857	0.276761	1.212177)
(-102.857143	0.208841	1.254595)
(-98.571429	0.139166	1.283825)
(-94.285714	0.069074	1.299109)
(-90.000000	0.000000	1.300000)
(-85.714286	-0.069074	1.299109)
(-81.428571	-0.139166	1.283825)
(-77.142857	-0.208841	1.254595)
(-72.857143	-0.276761	1.212177)
(-68.571429	-0.341729	1.157622)
(-64.285714	-0.402730	1.092248)
(-60.000000	-0.458971	1.017615)
(-55.714286	-0.509933	0.935483)
(-51.428571	-0.555428	0.847778)
(-47.142857	-0.595678	0.756545)
(-42.857143	-0.631426	0.663903)
(-38.571429	-0.664103	0.571997)
(-34.285714	-0.696125	0.482948)
(-30.000000	-0.731426	0.398811)
(-28.214286	-0.710152	0.373023)
(-26.428571	-0.688879	0.347234)
(-24.642857	-0.667605	0.321446)
(-22.857143	-0.646332	0.295658)
(-21.071429	-0.625058	0.269870)
(-19.285714	-0.603784	0.244081)
(-17.500000	-0.582511	0.218293)
(-15.714286	-0.561237	0.192505)
(-13.928571	-0.539964	0.166716)
(-12.142857	-0.518690	0.140928)
(-10.357143	-0.497417	0.115140)
(-8.571429	-0.476143	0.089352)
(-5.000000	-0.433596	0.037775)
(-4.750000	-0.408596	0.039381)
(-4.500000	-0.382242	0.040836)
(-4.250000	-0.357481	0.041956)
(-4.000000	-0.339650	0.042560)
(-3.750000	-0.320863	0.043303)
(-3.500000	-0.304068	0.043669)
(-3.250000	-0.289423	0.043669)
(-3.000000	-0.269919	0.044014)
(-2.750000	-0.247866	0.044090)
(-2.500000	-0.233779	0.043928)
(-2.250000	-0.222241	0.044003)
(-2.000000	-0.208871	0.044025)
(-1.750000	-0.191358	0.043982)
(-1.500000	-0.171217	0.043885)
(-1.250000	-0.161511	0.043874)
(-1.000000	-0.146628	0.043982)
(-0.750000	-0.123380	0.044068)
(-0.500000	-0.112240	0.044251)
(-0.250000	-0.097834	0.044467)
(0.000000	-0.074428	0.044650)
(0.250000	-0.063208	0.044995)
(0.500000	-0.047369	0.045340)
(0.750000	-0.022926	0.045641)
(1.000000	-0.014256	0.046159)
(1.250000	0.004452	0.046611)
(1.500000	0.022840	0.047107)
(1.750000	0.035414	0.047742)
(2.000000	0.056989	0.048270)
(2.250000	0.068686	0.048949)
(2.500000	0.083729	0.049628)
(2.750000	0.106339	0.050242)
(3.000000	0.115169	0.051083)
(3.250000	0.132044	0.051837)
(3.500000	0.152823	0.052537)
(3.750000	0.176150	0.053249)
(4.000000	0.192945	0.054358)
(4.250000	0.229336	0.055339)
(4.500000	0.260071	0.056891)
(4.750000	0.291763	0.058367)
(5.000000	0.308399	0.059412)
(5.250000	0.334912	0.060490)
(5.500000	0.361904	0.061675)
(5.750000	0.382124	0.063259)
(6.000000	0.415488	0.064250)
(6.250000	0.435311	0.065920)
(6.500000	0.466365	0.066966)
(6.750000	0.486983	0.068571)
(7.000000	0.520268	0.069304)
(7.250000	0.537700	0.071039)
(7.500000	0.570586	0.071534)
(7.750000	0.590249	0.072967)
(8.000000	0.610390	0.074293)
(8.250000	0.645746	0.074034)
(8.500000	0.662541	0.075467)
(8.750000	0.682682	0.076448)
(9.000000	0.722578	0.074885)
(9.500000	0.766683	0.075241)
(9.750000	0.795427	0.074077)
(10.000000	0.850776	0.068021)
(10.250000	0.940457	0.054768)
(10.500000	1.043998	0.041105)
(10.750000	1.071707	0.038928)
(11.000000	1.080457	0.039284)
(11.250000	1.087454	0.040135)
(11.500000	1.090151	0.041935)
(11.750000	1.090457	0.044467)
(12.000000	1.093711	0.046988)
(12.250000	1.101187	0.049283)
(12.500000	1.111451	0.051482)
(12.750000	1.127927	0.053227)
(13.000000	1.145440	0.055070)
(13.250000	1.168926	0.056578)
(13.500000	1.182774	0.059003)
(13.750000	1.201004	0.061201)
(14.000000	1.218994	0.063550)
(14.250000	1.232763	0.066308)
(14.500000	1.248204	0.069067)
(14.750000	1.269460	0.071567)
(15.000000	1.259013	0.076135)
(15.250000	1.256133	0.080402)
(15.500000	1.266238	0.083818)
(15.750000	1.249339	0.089540)
(16.000000	1.230528	0.095897)
(16.250000	1.209009	0.103084)
(16.500000	1.185179	0.111284)
(16.750000	1.160554	0.120529)
(17.750000	0.751630	0.221159)
(18.000000	0.757752	0.224295)
(18.250000	0.769529	0.227926)
(18.500000	0.771349	0.230426)
(18.750000	0.774842	0.233486)
(19.000000	0.783513	0.236869)
(19.250000	0.790670	0.239973)
(19.500000	0.793207	0.243001)
(19.750000	0.801718	0.246449)
(20.000000	0.808238	0.249552)
(20.250000	0.811651	0.252795)
(20.500000	0.822870	0.256577)
(20.750000	0.824929	0.259379)
(21.000000	0.831529	0.262892)
(21.250000	0.839084	0.266200)
(21.500000	0.843055	0.269637)
(21.750000	0.853319	0.273257)
(22.000000	0.855457	0.276501)
(22.250000	0.866597	0.280455)
(22.500000	0.868099	0.283505)
(22.750000	0.877964	0.287384)
(23.000000	0.880581	0.290627)
(23.250000	0.890127	0.294560)
(23.500000	0.892983	0.297825)
(23.750000	0.902848	0.301790)
(24.000000	0.905226	0.305174)
(24.250000	0.914454	0.308999)
(24.500000	0.917549	0.312609)
(24.750000	0.925343	0.316337)
(25.000000	0.930031	0.320205)
(25.250000	0.936471	0.323836)
(25.500000	0.942911	0.327759)
(25.750000	0.947838	0.331508)
(26.250000	0.959682	0.339267)
(26.500000	0.966521	0.343049)
(26.750000	0.972005	0.347111)
(27.000000	0.977330	0.350925)
(27.500000	0.988776	0.358877)
(27.750000	0.994978	0.362735)
(28.000000	1.001099	0.366797)
(28.250000	1.005707	0.370795)
(28.500000	1.012147	0.374674)
(28.750000	1.017393	0.378855)
(29.000000	1.022399	0.382820)
(29.250000	1.028839	0.386731)
(29.500000	1.033606	0.390945)
(29.750000	1.038692	0.394942)
(30.000000	1.044894	0.398811)
(34.285714	0.994464	0.482948)
(38.571429	0.948719	0.571997)
(42.857143	0.902037	0.663903)
(47.142857	0.850969	0.756545)
(51.428571	0.793468	0.847778)
(55.714286	0.728475	0.935483)
(60.000000	0.655673	1.017615)
(64.285714	0.575329	1.092248)
(68.571429	0.488185	1.157622)
(72.857143	0.395372	1.212177)
(77.142857	0.298344	1.254595)
(81.428571	0.198809	1.283825)
(85.714286	0.098677	1.299109)
(90.000000	0.000000	1.300000)
(94.285714	-0.069074	1.299109)
(98.571429	-0.139166	1.283825)
(102.857143	-0.208841	1.254595)
(107.142857	-0.276761	1.212177)
(111.428571	-0.341729	1.157622)
(115.714286	-0.402730	1.092248)
(120.000000	-0.458971	1.017615)
(124.285714	-0.509933	0.935483)
(128.571429	-0.555428	0.847778)
(132.857143	-0.595678	0.756545)
(137.142857	-0.631426	0.663903)
(141.428571	-0.664103	0.571997)
(145.714286	-0.696125	0.482948)
(150.000000	-0.731426	0.398811)
(152.142857	-0.679181	0.359195)
(154.285714	-0.626936	0.321521)
(156.428571	-0.574692	0.286006)
(158.571429	-0.522447	0.252854)
(160.714286	-0.470202	0.222256)
(162.857143	-0.417958	0.194388)
(165.000000	-0.365713	0.169409)
(167.142857	-0.313468	0.147463)
(169.285714	-0.261223	0.128676)
(171.428571	-0.208979	0.113155)
(173.571429	-0.156734	0.100991)
(175.714286	-0.104489	0.092251)
(177.857143	-0.052245	0.086988)
(180.000000	0.000000	0.085230)
