// Re = 0.07
(-180.000000	0.000000	0.076796)
(-177.857143	0.050861	0.078559)
(-175.714286	0.101722	0.083841)
(-173.571429	0.152584	0.092610)
(-171.428571	0.203445	0.104816)
(-169.285714	0.254306	0.120389)
(-167.142857	0.305168	0.139240)
(-165.000000	0.356029	0.161262)
(-162.857143	0.406890	0.186329)
(-160.714286	0.457751	0.214296)
(-158.571429	0.508612	0.245003)
(-156.428571	0.559474	0.278276)
(-154.285714	0.610335	0.313922)
(-152.142857	0.661196	0.351738)
(-150.000000	0.712057	0.391507)
(-145.714286	0.680477	0.475980)
(-141.428571	0.651444	0.565403)
(-137.142857	0.621225	0.657721)
(-132.857143	0.587529	0.750809)
(-128.571429	0.549007	0.842520)
(-124.285714	0.504973	0.930732)
(-120.000000	0.455244	1.013398)
(-115.714286	0.400032	1.088589)
(-111.428571	0.339878	1.154540)
(-107.142857	0.275587	1.209691)
(-102.857143	0.208185	1.252718)
(-98.571429	0.138876	1.282568)
(-94.285714	0.069002	1.298479)
(-90.000000	0.000000	1.300000)
(-85.714286	-0.069002	1.298479)
(-81.428571	-0.138876	1.282568)
(-77.142857	-0.208185	1.252718)
(-72.857143	-0.275587	1.209691)
(-68.571429	-0.339878	1.154540)
(-64.285714	-0.400032	1.088589)
(-60.000000	-0.455244	1.013398)
(-55.714286	-0.504973	0.930732)
(-51.428571	-0.549007	0.842520)
(-47.142857	-0.587529	0.750809)
(-42.857143	-0.621225	0.657721)
(-38.571429	-0.651444	0.565403)
(-34.285714	-0.680477	0.475980)
(-30.000000	-0.712058	0.391507)
(-28.214286	-0.692203	0.366251)
(-26.428571	-0.672348	0.340994)
(-24.642857	-0.652493	0.315738)
(-22.857143	-0.632638	0.290481)
(-21.071429	-0.612784	0.265225)
(-19.285714	-0.592929	0.239968)
(-17.500000	-0.573074	0.214712)
(-15.714286	-0.553219	0.189456)
(-13.928571	-0.533365	0.164199)
(-12.142857	-0.513510	0.138943)
(-10.357143	-0.493655	0.113686)
(-8.571429	-0.473801	0.088430)
(-5.000000	-0.434091	0.037917)
(-4.750000	-0.408861	0.039490)
(-4.500000	-0.382237	0.040914)
(-4.250000	-0.357253	0.042012)
(-4.000000	-0.339403	0.042603)
(-3.750000	-0.320568	0.043331)
(-3.500000	-0.303784	0.043690)
(-3.250000	-0.289213	0.043690)
(-3.000000	-0.269641	0.044027)
(-2.750000	-0.247445	0.044101)
(-2.500000	-0.233448	0.043943)
(-2.250000	-0.222075	0.044017)
(-2.000000	-0.208817	0.044038)
(-1.750000	-0.191294	0.043996)
(-1.500000	-0.171066	0.043901)
(-1.250000	-0.161579	0.043890)
(-1.000000	-0.146763	0.043996)
(-0.750000	-0.123336	0.044080)
(-0.500000	-0.112374	0.044260)
(-0.250000	-0.098049	0.044471)
(0.000000	-0.074459	0.044650)
(0.250000	-0.063414	0.044988)
(0.500000	-0.047614	0.045325)
(0.750000	-0.022958	0.045621)
(1.000000	-0.014537	0.046127)
(1.250000	0.004216	0.046571)
(1.500000	0.022640	0.047056)
(1.750000	0.035079	0.047679)
(2.000000	0.056783	0.048196)
(2.250000	0.068320	0.048861)
(2.500000	0.083300	0.049526)
(2.750000	0.106070	0.050127)
(3.000000	0.114655	0.050950)
(3.250000	0.131522	0.051689)
(3.500000	0.152406	0.052375)
(3.750000	0.175914	0.053071)
(4.000000	0.192699	0.054158)
(4.250000	0.229654	0.055119)
(4.500000	0.260788	0.056638)
(4.750000	0.292905	0.058084)
(5.000000	0.309526	0.059108)
(5.250000	0.336314	0.060163)
(5.500000	0.363594	0.061324)
(5.750000	0.383904	0.062875)
(6.000000	0.417744	0.063846)
(6.250000	0.437644	0.065482)
(6.500000	0.469106	0.066505)
(6.750000	0.489826	0.068078)
(7.000000	0.523583	0.068795)
(7.250000	0.541024	0.070494)
(7.500000	0.574371	0.070980)
(7.750000	0.594108	0.072383)
(8.000000	0.614336	0.073681)
(8.250000	0.650226	0.073428)
(8.500000	0.667010	0.074832)
(8.750000	0.687238	0.075792)
(9.000000	0.727802	0.074262)
(9.500000	0.772194	0.074610)
(9.750000	0.801278	0.073470)
(10.000000	0.857748	0.067540)
(10.250000	0.949559	0.054559)
(10.500000	1.055636	0.041178)
(10.750000	1.083654	0.039046)
(11.000000	1.092157	0.039395)
(11.250000	1.098856	0.040228)
(11.500000	1.101127	0.041991)
(11.750000	1.100939	0.044471)
(12.000000	1.103784	0.046940)
(12.250000	1.110975	0.049188)
(12.500000	1.121036	0.051341)
(12.750000	1.137492	0.053050)
(13.000000	1.155015	0.054855)
(13.250000	1.178687	0.056332)
(13.500000	1.192437	0.058707)
(13.750000	1.210698	0.060859)
(14.000000	1.228712	0.063160)
(14.250000	1.242381	0.065862)
(14.500000	1.257771	0.068563)
(14.750000	1.279148	0.071011)
(15.000000	1.267890	0.075486)
(15.250000	1.264421	0.079665)
(15.500000	1.274318	0.083010)
(15.750000	1.256418	0.088614)
(16.000000	1.236551	0.094840)
(16.250000	1.213895	0.101879)
(16.500000	1.188862	0.109910)
(16.750000	1.163008	0.118964)
(17.750000	0.740058	0.217519)
(18.000000	0.745855	0.220590)
(18.250000	0.757474	0.224147)
(18.500000	0.758843	0.226595)
(18.750000	0.761934	0.229592)
(19.000000	0.770355	0.232906)
(19.250000	0.777218	0.235945)
(19.500000	0.779325	0.238910)
(19.750000	0.787582	0.242287)
(20.000000	0.793789	0.245326)
(20.250000	0.796798	0.248503)
(20.500000	0.807843	0.252207)
(20.750000	0.809458	0.254951)
(21.000000	0.815747	0.258391)
(21.250000	0.823020	0.261631)
(21.500000	0.826603	0.264997)
(21.750000	0.836664	0.268543)
(22.000000	0.838362	0.271720)
(22.250000	0.849324	0.275593)
(22.500000	0.850366	0.278579)
(22.750000	0.860016	0.282378)
(23.000000	0.862206	0.285555)
(23.250000	0.871529	0.289407)
(23.500000	0.873964	0.292604)
(23.750000	0.883615	0.296488)
(24.000000	0.885558	0.299801)
(24.250000	0.894553	0.303548)
(24.500000	0.897234	0.307083)
(24.750000	0.904753	0.310734)
(25.000000	0.909074	0.314523)
(25.250000	0.915199	0.318079)
(25.500000	0.921324	0.321920)
(25.750000	0.925891	0.325593)
(26.250000	0.937075	0.333191)
(26.500000	0.943610	0.336895)
(26.750000	0.948751	0.340874)
(27.000000	0.953728	0.344609)
(27.500000	0.964503	0.352398)
(27.750000	0.970382	0.356176)
(28.000000	0.976179	0.360154)
(28.250000	0.980418	0.364069)
(28.500000	0.986543	0.367868)
(28.750000	0.991438	0.371963)
(29.000000	0.996087	0.375846)
(29.250000	1.002212	0.379677)
(29.500000	1.006615	0.383803)
(29.750000	1.011346	0.387719)
(30.000000	1.017225	0.391507)
(34.285714	0.972110	0.475980)
(38.571429	0.930635	0.565403)
(42.857143	0.887464	0.657721)
(47.142857	0.839328	0.750809)
(51.428571	0.784296	0.842520)
(55.714286	0.721391	0.930732)
(60.000000	0.650348	1.013398)
(64.285714	0.571475	1.088589)
(68.571429	0.485540	1.154540)
(72.857143	0.393695	1.209691)
(77.142857	0.297407	1.252718)
(81.428571	0.198395	1.282568)
(85.714286	0.098574	1.298479)
(90.000000	0.000000	1.300000)
(94.285714	-0.069002	1.298479)
(98.571429	-0.138876	1.282568)
(102.857143	-0.208185	1.252718)
(107.142857	-0.275587	1.209691)
(111.428571	-0.339878	1.154540)
(115.714286	-0.400032	1.088589)
(120.000000	-0.455244	1.013398)
(124.285714	-0.504973	0.930732)
(128.571429	-0.549007	0.842520)
(132.857143	-0.587529	0.750809)
(137.142857	-0.621225	0.657721)
(141.428571	-0.651444	0.565403)
(145.714286	-0.680477	0.475980)
(150.000000	-0.712058	0.391507)
(152.142857	-0.661196	0.351738)
(154.285714	-0.610335	0.313922)
(156.428571	-0.559474	0.278276)
(158.571429	-0.508612	0.245003)
(160.714286	-0.457751	0.214296)
(162.857143	-0.406890	0.186329)
(165.000000	-0.356029	0.161262)
(167.142857	-0.305168	0.139240)
(169.285714	-0.254306	0.120389)
(171.428571	-0.203445	0.104816)
(173.571429	-0.152584	0.092610)
(175.714286	-0.101722	0.083841)
(177.857143	-0.050861	0.078559)
(180.000000	0.000000	0.076796)
