// Re = 0.16
(-180.000000	0.000000	0.015707)
(-178.553571	0.069875	0.016530)
(-177.107143	0.139750	0.018998)
(-175.660714	0.209624	0.023104)
(-174.214286	0.279499	0.028838)
(-172.767857	0.349374	0.036184)
(-171.321429	0.419249	0.045125)
(-169.875000	0.489123	0.055638)
(-168.428571	0.558998	0.067694)
(-166.982143	0.628873	0.081265)
(-165.535714	0.698748	0.096314)
(-164.089286	0.768622	0.112803)
(-162.642857	0.838497	0.130690)
(-161.196429	0.908372	0.149930)
(-159.750000	0.978247	0.170472)
(-154.767857	0.866256	0.250445)
(-149.785714	0.794121	0.342793)
(-144.803571	0.739665	0.444715)
(-139.821429	0.691486	0.553121)
(-134.839286	0.643240	0.664722)
(-129.857143	0.591332	0.776128)
(-124.875000	0.533867	0.883957)
(-119.892857	0.470105	0.984931)
(-114.910714	0.400154	1.075978)
(-109.928571	0.324776	1.154323)
(-104.946429	0.245247	1.217574)
(-99.964286	0.163247	1.263795)
(-94.982143	0.080763	1.291559)
(-90.000000	0.000000	1.300000)
(-85.017857	-0.080763	1.291559)
(-80.035714	-0.163247	1.263795)
(-75.053571	-0.245247	1.217574)
(-70.071429	-0.324776	1.154323)
(-65.089286	-0.400154	1.075978)
(-60.107143	-0.470105	0.984931)
(-55.125000	-0.533867	0.883957)
(-50.142857	-0.591332	0.776128)
(-45.160714	-0.643240	0.664722)
(-40.178571	-0.691486	0.553121)
(-35.196429	-0.739665	0.444715)
(-30.214286	-0.794121	0.342793)
(-25.232143	-0.866256	0.250445)
(-20.250000	-0.978246	0.170472)
(-19.160714	-0.925607	0.159534)
(-18.071429	-0.872967	0.148597)
(-16.982143	-0.820327	0.137659)
(-15.892857	-0.767687	0.126721)
(-14.803571	-0.715047	0.115783)
(-13.714286	-0.662407	0.104846)
(-12.625000	-0.609767	0.093908)
(-11.535714	-0.557127	0.082970)
(-10.446429	-0.504487	0.072033)
(-9.357143	-0.451848	0.061095)
(-8.267857	-0.399208	0.050157)
(-7.178571	-0.346568	0.039219)
(-5.000000	-0.241288	0.017344)
(-4.750000	-0.214343	0.017632)
(-4.500000	-0.187735	0.017856)
(-4.250000	-0.161043	0.018144)
(-4.000000	-0.133929	0.018411)
(-3.750000	-0.106729	0.018603)
(-3.500000	-0.080206	0.018784)
(-3.250000	-0.053430	0.018902)
(-3.000000	-0.025893	0.018934)
(-2.750000	0.001306	0.018945)
(-2.500000	0.028167	0.018955)
(-2.250000	0.055705	0.018923)
(-2.000000	0.083242	0.018977)
(-1.750000	0.109934	0.018998)
(-1.500000	0.137471	0.018955)
(-1.250000	0.165684	0.018923)
(-1.000000	0.192123	0.018987)
(-0.750000	0.219660	0.018977)
(-0.500000	0.248380	0.018902)
(-0.250000	0.274396	0.019019)
(0.000000	0.301933	0.019030)
(0.250000	0.330907	0.018966)
(0.500000	0.356585	0.019115)
(0.750000	0.384207	0.019147)
(1.000000	0.412758	0.019137)
(1.250000	0.438605	0.019286)
(1.500000	0.466564	0.019318)
(1.750000	0.494017	0.019382)
(2.000000	0.520878	0.019521)
(2.250000	0.549430	0.019489)
(2.500000	0.574769	0.019681)
(2.750000	0.601292	0.019820)
(3.000000	0.630858	0.019777)
(3.250000	0.655775	0.019980)
(3.500000	0.681368	0.020140)
(3.750000	0.710765	0.020076)
(4.000000	0.735513	0.020279)
(4.250000	0.761106	0.020450)
(4.500000	0.788390	0.020492)
(4.750000	0.816181	0.020482)
(5.000000	0.840929	0.020631)
(5.250000	0.866269	0.020716)
(5.500000	0.892115	0.020716)
(5.750000	0.918047	0.020652)
(6.000000	0.943640	0.020556)
(6.250000	0.968726	0.020471)
(6.500000	0.993052	0.020375)
(6.750000	1.016786	0.020225)
(7.000000	1.041450	0.019948)
(7.250000	1.064085	0.019638)
(7.500000	1.084438	0.019446)
(7.750000	1.106059	0.019190)
(8.000000	1.123539	0.019094)
(8.250000	1.142541	0.018881)
(8.500000	1.162218	0.018699)
(8.750000	1.190685	0.018699)
(9.000000	1.215010	0.018934)
(9.250000	1.236293	0.019318)
(9.500000	1.252505	0.019863)
(9.750000	1.264069	0.020674)
(10.000000	1.271238	0.021880)
(10.250000	1.273844	0.023545)
(10.500000	1.273660	0.025669)
(10.750000	1.271364	0.028178)
(11.000000	1.268306	0.030995)
(11.250000	1.264911	0.034038)
(11.500000	1.262530	0.037165)
(11.750000	1.261924	0.040228)
(12.000000	1.262670	0.043249)
(12.250000	1.265444	0.046120)
(12.500000	1.269402	0.048917)
(12.750000	1.275810	0.051500)
(13.000000	1.283317	0.053998)
(13.250000	1.292261	0.056335)
(13.500000	1.302473	0.058534)
(13.750000	1.313952	0.060616)
(14.000000	1.326446	0.062569)
(14.250000	1.340376	0.064352)
(14.500000	1.356757	0.065771)
(14.750000	1.369420	0.067853)
(15.000000	1.384703	0.069571)
(15.250000	1.404887	0.070606)
(15.500000	1.415944	0.073008)
(15.750000	1.434353	0.074396)
(16.000000	1.446678	0.076680)
(16.250000	1.464073	0.078313)
(16.500000	1.473017	0.081110)
(16.750000	1.494047	0.082305)
(17.000000	1.494370	0.086340)
(17.250000	1.506864	0.088677)
(17.500000	1.519526	0.091079)
(17.750000	1.514863	0.095968)
(18.000000	1.515525	0.100131)
(18.250000	1.543315	0.100248)
(18.500000	1.531046	0.106386)
(18.750000	1.519368	0.112726)
(19.000000	1.507184	0.119408)
(19.250000	1.493816	0.126634)
(19.500000	1.477152	0.134853)
(19.750000	1.454825	0.144844)
(20.000000	1.426583	0.157001)
(20.250000	1.397495	0.170472)
(25.232143	1.237509	0.250445)
(30.214286	1.134458	0.342793)
(35.196429	1.056664	0.444715)
(40.178571	0.987837	0.553121)
(45.160714	0.918914	0.664722)
(50.142857	0.844760	0.776128)
(55.125000	0.762668	0.883957)
(60.107143	0.671579	0.984931)
(65.089286	0.571648	1.075978)
(70.071429	0.463965	1.154323)
(75.053571	0.350353	1.217574)
(80.035714	0.233211	1.263795)
(85.017857	0.115376	1.291559)
(90.000000	0.000000	1.300000)
(94.982143	-0.080763	1.291559)
(99.964286	-0.163247	1.263795)
(104.946429	-0.245247	1.217574)
(109.928571	-0.324776	1.154323)
(114.910714	-0.400154	1.075978)
(119.892857	-0.470105	0.984931)
(124.875000	-0.533867	0.883957)
(129.857143	-0.591332	0.776128)
(134.839286	-0.643240	0.664722)
(139.821429	-0.691486	0.553121)
(144.803571	-0.739665	0.444715)
(149.785714	-0.794121	0.342793)
(154.767857	-0.866256	0.250445)
(159.750000	-0.978246	0.170472)
(161.196429	-0.908372	0.149930)
(162.642857	-0.838497	0.130690)
(164.089286	-0.768622	0.112803)
(165.535714	-0.698748	0.096314)
(166.982143	-0.628873	0.081265)
(168.428571	-0.558998	0.067694)
(169.875000	-0.489123	0.055638)
(171.321429	-0.419249	0.045125)
(172.767857	-0.349374	0.036184)
(174.214286	-0.279499	0.028838)
(175.660714	-0.209624	0.023104)
(177.107143	-0.139749	0.018998)
(178.553571	-0.069875	0.016530)
(180.000000	0.000000	0.015707)
