// Re = 0.19
(-180.000000	0.000000	0.001000)
(-178.500000	0.066602	0.001000)
(-177.000000	0.133203	0.001000)
(-175.500000	0.199805	0.001000)
(-174.000000	0.266407	0.001000)
(-172.500000	0.333008	0.003984)
(-171.000000	0.399610	0.013718)
(-169.500000	0.466212	0.025159)
(-168.000000	0.532814	0.038275)
(-166.500000	0.599415	0.053031)
(-165.000000	0.666017	0.069387)
(-163.500000	0.732619	0.087298)
(-162.000000	0.799220	0.106715)
(-160.500000	0.865822	0.127585)
(-159.000000	0.932424	0.149852)
(-154.071429	0.835464	0.232068)
(-149.142857	0.771660	0.326258)
(-144.214286	0.722240	0.429659)
(-139.285714	0.677339	0.539236)
(-134.357143	0.631398	0.651776)
(-129.428571	0.581262	0.763981)
(-124.500000	0.525293	0.872562)
(-119.571429	0.462898	0.974343)
(-114.642857	0.394266	1.066348)
(-109.714286	0.320189	1.145891)
(-104.785714	0.241939	1.210656)
(-99.857143	0.161166	1.258765)
(-94.928571	0.079805	1.288830)
(-90.000000	0.000000	1.300000)
(-85.071429	-0.079805	1.288830)
(-80.142857	-0.161166	1.258765)
(-75.214286	-0.241939	1.210656)
(-70.285714	-0.320189	1.145891)
(-65.357143	-0.394266	1.066348)
(-60.428571	-0.462898	0.974343)
(-55.500000	-0.525293	0.872562)
(-50.571429	-0.581262	0.763981)
(-45.642857	-0.631398	0.651776)
(-40.714286	-0.677339	0.539236)
(-35.785714	-0.722240	0.429659)
(-30.857143	-0.771660	0.326258)
(-25.928571	-0.835464	0.232068)
(-21.000000	-0.932424	0.149852)
(-19.857143	-0.883117	0.140240)
(-18.714286	-0.833811	0.130628)
(-17.571429	-0.784505	0.121017)
(-16.428571	-0.735198	0.111405)
(-15.285714	-0.685892	0.101793)
(-14.142857	-0.636585	0.092181)
(-13.000000	-0.587279	0.082570)
(-11.857143	-0.537972	0.072958)
(-10.714286	-0.488666	0.063346)
(-9.571429	-0.439360	0.053734)
(-8.428571	-0.390053	0.044122)
(-7.285714	-0.340747	0.034511)
(-5.000000	-0.242134	0.015287)
(-4.750000	-0.214715	0.015432)
(-4.500000	-0.187295	0.015567)
(-4.250000	-0.159876	0.015731)
(-4.000000	-0.131880	0.015867)
(-3.750000	-0.104268	0.015973)
(-3.500000	-0.076849	0.016108)
(-3.250000	-0.049045	0.016186)
(-3.000000	-0.020760	0.016215)
(-2.750000	0.006660	0.016292)
(-2.500000	0.034367	0.016321)
(-2.250000	0.063134	0.016282)
(-2.000000	0.091034	0.016273)
(-1.750000	0.118549	0.016331)
(-1.500000	0.147315	0.016302)
(-1.250000	0.175504	0.016282)
(-1.000000	0.203116	0.016331)
(-0.750000	0.231978	0.016311)
(-0.500000	0.259975	0.016321)
(-0.250000	0.287587	0.016369)
(0.000000	0.316738	0.016350)
(0.250000	0.344446	0.016398)
(0.500000	0.372153	0.016456)
(0.750000	0.400920	0.016466)
(1.000000	0.428531	0.016534)
(1.250000	0.456624	0.016592)
(1.500000	0.484717	0.016640)
(1.750000	0.512232	0.016727)
(2.000000	0.541479	0.016756)
(2.250000	0.568033	0.016862)
(2.500000	0.595452	0.016959)
(2.750000	0.625084	0.016969)
(3.000000	0.651252	0.017104)
(3.250000	0.677998	0.017210)
(3.500000	0.707245	0.017230)
(3.750000	0.733510	0.017365)
(4.000000	0.760544	0.017471)
(4.250000	0.788733	0.017500)
(4.500000	0.814902	0.017597)
(4.750000	0.840878	0.017703)
(5.000000	0.867431	0.017781)
(5.250000	0.894562	0.017790)
(5.500000	0.921692	0.017771)
(5.750000	0.948342	0.017742)
(6.000000	0.974318	0.017732)
(6.250000	0.999139	0.017732)
(6.500000	1.022517	0.017713)
(6.750000	1.045896	0.017597)
(7.000000	1.069947	0.017442)
(7.250000	1.090632	0.017423)
(7.500000	1.113336	0.017365)
(7.750000	1.131711	0.017384)
(8.000000	1.151241	0.017365)
(8.250000	1.167211	0.017394)
(8.500000	1.181930	0.017423)
(8.750000	1.194821	0.017462)
(9.000000	1.206750	0.017510)
(9.250000	1.228107	0.017839)
(9.500000	1.242538	0.018467)
(9.750000	1.251291	0.019434)
(10.000000	1.254369	0.020787)
(10.250000	1.253309	0.022498)
(10.500000	1.249843	0.024528)
(10.750000	1.244838	0.026839)
(11.000000	1.239449	0.029343)
(11.250000	1.234348	0.031982)
(11.500000	1.229728	0.034698)
(11.750000	1.227224	0.037337)
(12.000000	1.225587	0.039976)
(12.250000	1.225393	0.042557)
(12.500000	1.226546	0.045071)
(12.750000	1.229527	0.047488)
(13.000000	1.233470	0.049856)
(13.250000	1.238471	0.052128)
(13.500000	1.244723	0.054322)
(13.750000	1.251938	0.056401)
(14.000000	1.260691	0.058334)
(14.250000	1.269541	0.060325)
(14.500000	1.279642	0.062162)
(14.750000	1.292052	0.063680)
(15.000000	1.301960	0.065633)
(15.250000	1.314370	0.067247)
(15.500000	1.328127	0.068687)
(15.750000	1.338709	0.070621)
(16.000000	1.356218	0.071626)
(16.250000	1.363047	0.074072)
(16.500000	1.379883	0.075232)
(16.750000	1.386135	0.077774)
(17.000000	1.396813	0.079746)
(17.250000	1.410185	0.081419)
(17.500000	1.410857	0.084715)
(17.750000	1.424710	0.086272)
(18.000000	1.429808	0.089046)
(18.250000	1.424707	0.093155)
(18.500000	1.428265	0.096113)
(18.750000	1.447314	0.096963)
(19.000000	1.432784	0.102454)
(19.250000	1.420370	0.107810)
(19.500000	1.409593	0.113049)
(19.750000	1.401605	0.117951)
(20.000000	1.429698	0.117042)
(20.250000	1.407375	0.124273)
(20.500000	1.384089	0.132026)
(20.750000	1.359072	0.140494)
(21.000000	1.332034	0.149852)
(25.928571	1.193521	0.232068)
(30.857143	1.102371	0.326258)
(35.785714	1.031772	0.429659)
(40.714286	0.967628	0.539236)
(45.642857	0.901997	0.651776)
(50.571429	0.830375	0.763981)
(55.500000	0.750419	0.872562)
(60.428571	0.661283	0.974343)
(65.357143	0.563237	1.066348)
(70.285714	0.457412	1.145891)
(75.214286	0.345627	1.210656)
(80.142857	0.230237	1.258765)
(85.071429	0.114008	1.288830)
(90.000000	0.000000	1.300000)
(94.928571	-0.079805	1.288830)
(99.857143	-0.161166	1.258765)
(104.785714	-0.241939	1.210656)
(109.714286	-0.320189	1.145891)
(114.642857	-0.394266	1.066348)
(119.571429	-0.462898	0.974343)
(124.500000	-0.525293	0.872562)
(129.428571	-0.581262	0.763981)
(134.357143	-0.631398	0.651776)
(139.285714	-0.677339	0.539236)
(144.214286	-0.722240	0.429659)
(149.142857	-0.771660	0.326258)
(154.071429	-0.835464	0.232068)
(159.000000	-0.932424	0.149852)
(160.500000	-0.865822	0.127585)
(162.000000	-0.799220	0.106715)
(163.500000	-0.732619	0.087298)
(165.000000	-0.666017	0.069387)
(166.500000	-0.599415	0.053031)
(168.000000	-0.532814	0.038275)
(169.500000	-0.466212	0.025159)
(171.000000	-0.399610	0.013718)
(172.500000	-0.333008	0.003984)
(174.000000	-0.266407	0.001000)
(175.500000	-0.199805	0.001000)
(177.000000	-0.133203	0.001000)
(178.500000	-0.066602	0.001000)
(180.000000	0.000000	0.001000)
