// Re = 0.18
(-180.000000	0.000000	0.001000)
(-178.517857	0.067664	0.001000)
(-177.035714	0.135329	0.001000)
(-175.553571	0.202993	0.001627)
(-174.071429	0.270657	0.007697)
(-172.589286	0.338321	0.015473)
(-171.107143	0.405986	0.024936)
(-169.625000	0.473650	0.036058)
(-168.142857	0.541314	0.048812)
(-166.660714	0.608979	0.063162)
(-165.178571	0.676643	0.079070)
(-163.696429	0.744307	0.096494)
(-162.214286	0.811972	0.115387)
(-160.732143	0.879636	0.135699)
(-159.250000	0.947300	0.157376)
(-154.303571	0.845530	0.238823)
(-149.357143	0.779039	0.332374)
(-144.410714	0.727987	0.435251)
(-139.464286	0.682018	0.544402)
(-134.517857	0.635322	0.656588)
(-129.571429	0.584604	0.768482)
(-124.625000	0.528142	0.876763)
(-119.678571	0.465294	0.978223)
(-114.732143	0.396224	1.069853)
(-109.785714	0.321715	1.148940)
(-104.839286	0.243040	1.213142)
(-99.892857	0.161859	1.260561)
(-94.946429	0.080124	1.289800)
(-90.000000	0.000000	1.300000)
(-85.053571	-0.080124	1.289800)
(-80.107143	-0.161859	1.260561)
(-75.160714	-0.243040	1.213142)
(-70.214286	-0.321715	1.148940)
(-65.267857	-0.396224	1.069853)
(-60.321429	-0.465294	0.978223)
(-55.375000	-0.528142	0.876763)
(-50.428571	-0.584604	0.768482)
(-45.482143	-0.635322	0.656588)
(-40.535714	-0.682018	0.544402)
(-35.589286	-0.727987	0.435251)
(-30.642857	-0.779039	0.332374)
(-25.696429	-0.845530	0.238823)
(-20.750000	-0.947300	0.157376)
(-19.625000	-0.896933	0.147271)
(-18.500000	-0.846566	0.137167)
(-17.375000	-0.796199	0.127062)
(-16.250000	-0.745832	0.116957)
(-15.125000	-0.695465	0.106853)
(-14.000000	-0.645098	0.096748)
(-12.875000	-0.594731	0.086643)
(-11.750000	-0.544364	0.076539)
(-10.625000	-0.493997	0.066434)
(-9.500000	-0.443630	0.056330)
(-8.375000	-0.393263	0.046225)
(-7.250000	-0.342896	0.036120)
(-5.000000	-0.242162	0.015911)
(-4.750000	-0.214737	0.016061)
(-4.500000	-0.186943	0.016231)
(-4.250000	-0.159886	0.016381)
(-4.000000	-0.132738	0.016590)
(-3.750000	-0.105220	0.016770)
(-3.500000	-0.077334	0.016880)
(-3.250000	-0.050185	0.016980)
(-3.000000	-0.022760	0.017030)
(-2.750000	0.005495	0.017030)
(-2.500000	0.033289	0.017020)
(-2.250000	0.060622	0.017080)
(-2.000000	0.088600	0.017090)
(-1.750000	0.116855	0.017050)
(-1.500000	0.144649	0.017040)
(-1.250000	0.172351	0.017090)
(-1.000000	0.200791	0.017050)
(-0.750000	0.228585	0.017060)
(-0.500000	0.256379	0.017100)
(-0.250000	0.284634	0.017090)
(0.000000	0.312520	0.017120)
(0.250000	0.340683	0.017150)
(0.500000	0.368385	0.017190)
(0.750000	0.396271	0.017240)
(1.000000	0.424987	0.017250)
(1.250000	0.451767	0.017360)
(1.500000	0.479745	0.017420)
(1.750000	0.508277	0.017450)
(2.000000	0.534688	0.017580)
(2.250000	0.562850	0.017640)
(2.500000	0.591382	0.017690)
(2.750000	0.617332	0.017829)
(3.000000	0.645403	0.017889)
(3.250000	0.673012	0.017959)
(3.500000	0.699608	0.018099)
(3.750000	0.727402	0.018159)
(4.000000	0.754550	0.018229)
(4.250000	0.780316	0.018369)
(4.500000	0.807096	0.018459)
(4.750000	0.836273	0.018429)
(5.000000	0.861670	0.018549)
(5.250000	0.887436	0.018619)
(5.500000	0.913478	0.018629)
(5.750000	0.939428	0.018609)
(6.000000	0.965009	0.018589)
(6.250000	0.990222	0.018559)
(6.500000	1.015158	0.018479)
(6.750000	1.040186	0.018299)
(7.000000	1.061803	0.018189)
(7.250000	1.084526	0.018039)
(7.500000	1.105682	0.017989)
(7.750000	1.124994	0.017939)
(8.000000	1.143937	0.017909)
(8.250000	1.161681	0.017859)
(8.500000	1.176015	0.017839)
(8.750000	1.189703	0.017799)
(9.000000	1.211596	0.017869)
(9.250000	1.232660	0.018289)
(9.500000	1.247638	0.018899)
(9.750000	1.257546	0.019808)
(10.000000	1.261922	0.021127)
(10.250000	1.261873	0.022845)
(10.500000	1.259611	0.024914)
(10.750000	1.255505	0.027292)
(11.000000	1.250845	0.029910)
(11.250000	1.246278	0.032677)
(11.500000	1.242541	0.035515)
(11.750000	1.240556	0.038303)
(12.000000	1.239861	0.041051)
(12.250000	1.240180	0.043768)
(12.500000	1.243081	0.046326)
(12.750000	1.246628	0.048854)
(13.000000	1.251557	0.051282)
(13.250000	1.257961	0.053580)
(13.500000	1.265748	0.055769)
(13.750000	1.274458	0.057867)
(14.000000	1.284089	0.059875)
(14.250000	1.295103	0.061714)
(14.500000	1.307961	0.063312)
(14.750000	1.318515	0.065331)
(15.000000	1.332018	0.066940)
(15.250000	1.346997	0.068358)
(15.500000	1.358195	0.070367)
(15.750000	1.376954	0.071346)
(16.000000	1.385110	0.073804)
(16.250000	1.404514	0.074763)
(16.500000	1.409997	0.077601)
(16.750000	1.432536	0.078210)
(17.000000	1.432579	0.081797)
(17.250000	1.442671	0.084046)
(17.500000	1.457834	0.085674)
(17.750000	1.454097	0.089831)
(18.000000	1.459856	0.092699)
(18.250000	1.479075	0.093758)
(18.500000	1.467686	0.099053)
(18.750000	1.459615	0.104029)
(19.000000	1.455601	0.108456)
(19.250000	1.485516	0.107696)
(19.500000	1.467488	0.114281)
(19.750000	1.448723	0.121295)
(20.000000	1.428851	0.128839)
(20.250000	1.406767	0.137192)
(20.500000	1.381456	0.146665)
(20.750000	1.353286	0.157376)
(25.696429	1.207900	0.238823)
(30.642857	1.112913	0.332374)
(35.589286	1.039981	0.435251)
(40.535714	0.974312	0.544402)
(45.482143	0.907603	0.656588)
(50.428571	0.835149	0.768482)
(55.375000	0.754488	0.876763)
(60.321429	0.664706	0.978223)
(65.267857	0.566034	1.069853)
(70.214286	0.459592	1.148940)
(75.160714	0.347200	1.213142)
(80.107143	0.231227	1.260561)
(85.053571	0.114463	1.289800)
(90.000000	0.000000	1.300000)
(94.946429	-0.080124	1.289800)
(99.892857	-0.161859	1.260561)
(104.839286	-0.243040	1.213142)
(109.785714	-0.321715	1.148940)
(114.732143	-0.396224	1.069853)
(119.678571	-0.465294	0.978223)
(124.625000	-0.528142	0.876763)
(129.571429	-0.584604	0.768482)
(134.517857	-0.635322	0.656588)
(139.464286	-0.682018	0.544402)
(144.410714	-0.727987	0.435251)
(149.357143	-0.779039	0.332374)
(154.303571	-0.845530	0.238823)
(159.250000	-0.947300	0.157376)
(160.732143	-0.879636	0.135699)
(162.214286	-0.811972	0.115387)
(163.696429	-0.744307	0.096494)
(165.178571	-0.676643	0.079070)
(166.660714	-0.608979	0.063162)
(168.142857	-0.541314	0.048812)
(169.625000	-0.473650	0.036058)
(171.107143	-0.405986	0.024936)
(172.589286	-0.338321	0.015473)
(174.071429	-0.270657	0.007697)
(175.553571	-0.202993	0.001627)
(177.035714	-0.135329	0.001000)
(178.517857	-0.067664	0.001000)
(180.000000	0.000000	0.001000)
