// Re = 0.02
(-180.000000	-0.000000	4.013930)
(-177.928571	-0.940434	4.017303)
(-175.857143	-1.880869	4.027394)
(-173.785714	-2.821303	4.044119)
(-171.714286	-3.761737	4.067341)
(-169.642857	-4.702172	4.096865)
(-167.571429	-5.642606	4.132445)
(-165.500000	-6.583040	4.173783)
(-163.428571	-7.523475	4.220531)
(-161.357143	-8.463909	4.272292)
(-159.285714	-9.404344	4.328623)
(-157.214286	-10.344778	4.389038)
(-155.142857	-11.285212	4.453012)
(-153.071429	-12.225647	4.519980)
(-151.000000	-13.166081	4.589343)
(-146.642857	-10.207194	4.740223)
(-142.285714	-7.864769	4.892666)
(-137.928571	-5.974036	5.040084)
(-133.571429	-4.433309	5.175686)
(-129.214286	-3.176495	5.292655)
(-124.857143	-2.158641	5.384329)
(-120.500000	-1.347858	5.444374)
(-116.142857	-0.720580	5.466959)
(-111.785714	-0.258690	5.446912)
(-107.428571	0.052273	5.379871)
(-103.071429	0.224235	5.262407)
(-98.714286	0.267281	5.092137)
(-94.357143	0.190062	4.867805)
(-90.000000	0.000000	4.589343)
(-85.642857	-0.190062	4.867805)
(-81.285714	-0.267281	5.092137)
(-76.928571	-0.224235	5.262407)
(-72.571429	-0.052273	5.379871)
(-68.214286	0.258690	5.446912)
(-63.857143	0.720580	5.466959)
(-59.500000	1.347858	5.444374)
(-55.142857	2.158641	5.384329)
(-50.785714	3.176495	5.292655)
(-46.428571	4.433309	5.175686)
(-42.071429	5.974036	5.040084)
(-37.714286	7.864769	4.892666)
(-33.357143	10.207194	4.740223)
(-29.000000	13.166081	4.589343)
(-27.285714	12.186294	4.272039)
(-25.571429	11.206508	3.954735)
(-23.857143	10.226721	3.637431)
(-22.142857	9.246935	3.320127)
(-20.428571	8.267148	3.002823)
(-18.714286	7.287362	2.685519)
(-17.000000	6.307575	2.368215)
(-15.285714	5.327789	2.050910)
(-13.571429	4.348002	1.733606)
(-11.857143	3.368216	1.416302)
(-10.142857	2.388429	1.098998)
(-8.428571	1.408643	0.781694)
(-5.000000	-0.550930	0.147086)
(-4.750000	-0.484484	0.141987)
(-4.500000	-0.422364	0.136889)
(-4.250000	-0.364572	0.131956)
(-4.000000	-0.312549	0.127187)
(-3.750000	-0.264852	0.122417)
(-3.500000	-0.221483	0.117813)
(-3.250000	-0.182441	0.113372)
(-3.000000	-0.147725	0.108932)
(-2.750000	-0.115895	0.104656)
(-2.500000	-0.086949	0.100545)
(-2.250000	-0.059445	0.096433)
(-2.000000	-0.036268	0.092322)
(-1.750000	-0.013092	0.088375)
(-1.500000	0.008643	0.084428)
(-1.250000	0.030377	0.080481)
(-1.000000	0.050669	0.076534)
(-0.750000	0.072404	0.072587)
(-0.500000	0.094138	0.068476)
(-0.250000	0.115873	0.064200)
(0.000000	0.140492	0.059760)
(0.250000	0.167996	0.055155)
(0.500000	0.196942	0.050057)
(0.750000	0.228772	0.044630)
(1.000000	0.262045	0.038874)
(1.250000	0.299645	0.032460)
(1.500000	0.338688	0.025718)
(1.750000	0.380614	0.018153)
(2.000000	0.422541	0.010259)
(2.250000	0.460141	0.002036)
(2.500000	0.490530	0.001000)
(2.750000	0.489187	0.001000)
(3.000000	0.424382	0.001000)
(3.250000	0.288904	0.001000)
(3.500000	0.098617	0.001000)
(3.750000	-0.130612	0.009930)
(4.000000	-0.387245	0.025882)
(4.250000	-0.658302	0.044630)
(4.500000	-0.936570	0.065516)
(4.750000	-1.219165	0.088375)
(5.000000	-1.501760	0.113043)
(5.250000	-1.781470	0.139027)
(5.500000	-2.056854	0.166491)
(5.750000	-2.327910	0.195106)
(6.000000	-2.593198	0.224873)
(6.250000	-2.852716	0.255955)
(6.500000	-3.106464	0.288023)
(6.750000	-3.353001	0.321243)
(7.000000	-3.595211	0.355614)
(7.250000	-3.830210	0.390972)
(7.500000	-4.060881	0.427646)
(7.750000	-4.284341	0.465306)
(8.000000	-4.503474	0.504117)
(8.250000	-4.718280	0.543915)
(8.500000	-4.927317	0.585029)
(8.750000	-5.132027	0.627130)
(9.000000	-5.330967	0.670217)
(9.250000	-5.527023	0.714455)
(9.500000	-5.718752	0.759845)
(9.750000	-6.040290	0.827929)
(10.000000	-6.560868	0.929891)
(10.250000	-6.938656	1.004389)
(10.500000	-7.312117	1.082670)
(10.750000	-7.642309	1.155030)
(11.000000	-7.927788	1.219003)
(11.250000	-8.175768	1.276233)
(11.500000	-8.410766	1.332806)
(11.750000	-8.673169	1.399246)
(12.000000	-8.935571	1.466343)
(12.250000	-9.115762	1.514364)
(12.500000	-9.389703	1.589849)
(12.750000	-9.541047	1.631620)
(13.000000	-9.806334	1.708421)
(13.250000	-9.943255	1.748712)
(13.500000	-10.149407	1.809561)
(13.750000	-10.375752	1.879454)
(14.000000	-10.527095	1.926488)
(14.250000	-10.692863	1.978785)
(14.500000	-10.868726	2.034535)
(14.750000	-11.054686	2.094397)
(15.000000	-11.259395	2.160343)
(15.250000	-11.364585	2.193398)
(15.750000	-11.722081	2.310655)
(16.000000	-11.848906	2.352262)
(16.250000	-12.027654	2.409986)
(16.500000	-12.186209	2.463105)
(16.750000	-12.315918	2.503396)
(17.000000	-12.506205	2.566382)
(17.250000	-12.663318	2.619337)
(17.750000	-12.935717	2.702880)
(18.000000	-13.107254	2.759781)
(18.500000	-13.425807	2.865032)
(18.750000	-13.554074	2.903515)
(19.000000	-13.690995	2.944958)
(19.250000	-13.833685	2.989689)
(19.500000	-13.980702	3.036066)
(19.750000	-14.129161	3.082113)
(20.000000	-14.277620	3.130627)
(20.250000	-14.426080	3.176839)
(20.500000	-14.571654	3.223215)
(20.750000	-14.717229	3.267947)
(21.000000	-14.857035	3.313008)
(21.250000	-14.996840	3.356259)
(21.500000	-15.133761	3.398689)
(21.750000	-15.267797	3.440460)
(22.000000	-15.401833	3.481903)
(22.250000	-15.535869	3.523181)
(22.500000	-15.671347	3.565939)
(22.750000	-15.809710	3.611658)
(23.000000	-15.953843	3.659679)
(23.250000	-16.105187	3.713291)
(23.500000	-16.249319	3.762792)
(23.750000	-16.348740	3.782198)
(24.000000	-16.459699	3.813115)
(24.250000	-16.586523	3.854393)
(24.500000	-16.730655	3.906690)
(24.750000	-16.886326	3.967374)
(25.000000	-16.969881	3.975926)
(25.250000	-17.080840	4.009310)
(25.500000	-17.222088	4.063416)
(25.750000	-17.359009	4.110779)
(26.000000	-17.442564	4.123277)
(26.250000	-17.567946	4.169818)
(26.500000	-17.720732	4.235600)
(26.750000	-17.791306	4.235107)
(27.000000	-17.915246	4.281647)
(27.250000	-18.047840	4.331313)
(27.500000	-18.127068	4.342167)
(27.750000	-18.266873	4.404660)
(28.000000	-18.353313	4.418309)
(28.250000	-18.462829	4.458765)
(28.500000	-18.583885	4.502181)
(28.750000	-18.665997	4.520107)
(29.000000	-18.808687	4.589343)
(33.357143	-14.581705	4.740223)
(37.714286	-11.235385	4.892666)
(42.071429	-8.534337	5.040084)
(46.428571	-6.333298	5.175686)
(50.785714	-4.537850	5.292655)
(55.142857	-3.083773	5.384329)
(59.500000	-1.925511	5.444374)
(63.857143	-1.029400	5.466959)
(68.214286	-0.369557	5.446912)
(72.571429	0.074675	5.379871)
(76.928571	0.320335	5.262407)
(81.285714	0.381829	5.092137)
(85.642857	0.271517	4.867805)
(90.000000	0.000000	4.589343)
(94.357143	-0.190062	4.867805)
(98.714286	-0.267281	5.092137)
(103.071429	-0.224235	5.262407)
(107.428571	-0.052273	5.379871)
(111.785714	0.258690	5.446912)
(116.142857	0.720580	5.466959)
(120.500000	1.347858	5.444374)
(124.857143	2.158641	5.384329)
(129.214286	3.176495	5.292655)
(133.571429	4.433309	5.175686)
(137.928571	5.974036	5.040084)
(142.285714	7.864769	4.892666)
(146.642857	10.207194	4.740223)
(151.000000	13.166081	4.589343)
(153.071429	12.225647	4.519980)
(155.142857	11.285212	4.453012)
(157.214286	10.344778	4.389038)
(159.285714	9.404344	4.328623)
(161.357143	8.463909	4.272292)
(163.428571	7.523475	4.220531)
(165.500000	6.583040	4.173783)
(167.571429	5.642606	4.132445)
(169.642857	4.702172	4.096865)
(171.714286	3.761737	4.067341)
(173.785714	2.821303	4.044119)
(175.857143	1.880869	4.027394)
(177.928571	0.940434	4.017303)
(180.000000	-0.000000	4.013930)
