// Re = 3.30e6
// (alpha_deg cl cd)
(-180.0000	0.0000	0.0010)
(-178.1607	0.0778	0.0010)
(-176.3214	0.1555	0.0010)
(-174.4821	0.2333	0.0010)
(-172.6429	0.3111	0.0010)
(-170.8036	0.3889	0.0010)
(-168.9643	0.4667	0.0010)
(-167.1250	0.5444	0.0010)
(-165.2857	0.6222	0.0010)
(-163.4464	0.7000	0.0145)
(-161.6071	0.7778	0.0393)
(-159.7679	0.8555	0.0664)
(-157.9286	0.9333	0.0956)
(-156.0893	1.0111	0.1268)
(-154.2500	1.0889	0.1598)
(-149.6607	0.9754	0.2497)
(-145.0714	0.8879	0.3483)
(-140.4821	0.8137	0.4531)
(-135.8929	0.7455	0.5616)
(-131.3036	0.6788	0.6710)
(-126.7143	0.6111	0.7786)
(-122.1250	0.5408	0.8819)
(-117.5357	0.4676	0.9783)
(-112.9464	0.3915	1.0654)
(-108.3571	0.3130	1.1412)
(-103.7679	0.2332	1.2038)
(-99.1786	0.1534	1.2518)
(-94.5893	0.0751	1.2841)
(-90.0000	0.0000	1.3000)
(-85.4107	-0.0751	1.2841)
(-80.8214	-0.1534	1.2518)
(-76.2321	-0.2332	1.2038)
(-71.6429	-0.3130	1.1412)
(-67.0536	-0.3915	1.0654)
(-62.4643	-0.4676	0.9783)
(-57.8750	-0.5408	0.8819)
(-53.2857	-0.6111	0.7786)
(-48.6964	-0.6788	0.6710)
(-44.1071	-0.7455	0.5616)
(-39.5179	-0.8137	0.4531)
(-34.9286	-0.8879	0.3483)
(-30.3393	-0.9754	0.2497)
(-25.7500	-1.0889	0.1598)
(-24.2679	-1.0128	0.1489)
(-22.7857	-0.9368	0.1379)
(-21.3036	-0.8608	0.1270)
(-19.8214	-0.7848	0.1161)
(-18.3393	-0.7088	0.1051)
(-16.8571	-0.6328	0.0942)
(-15.3750	-0.5568	0.0832)
(-13.8929	-0.4808	0.0723)
(-12.4107	-0.4048	0.0613)
(-10.9286	-0.3288	0.0504)
(-9.4464	-0.2528	0.0394)
(-7.9643	-0.1768	0.0285)
(-5.0000	-0.0248	0.0066)
(-4.7500	0.0032	0.0064)
(-4.5000	0.0318	0.0062)
(-4.2500	0.0606	0.0062)
(-4.0000	0.0894	0.0061)
(-3.7500	0.1184	0.0060)
(-3.5000	0.1471	0.0060)
(-3.2500	0.1763	0.0060)
(-3.0000	0.2051	0.0060)
(-2.7500	0.2341	0.0060)
(-2.5000	0.2631	0.0060)
(-2.2500	0.2917	0.0060)
(-2.0000	0.3208	0.0060)
(-1.7500	0.3494	0.0060)
(-1.5000	0.3782	0.0060)
(-1.2500	0.4071	0.0060)
(-0.7500	0.4643	0.0060)
(-0.5000	0.4929	0.0061)
(-0.2500	0.5211	0.0061)
(0.0000	0.5499	0.0061)
(0.2500	0.5781	0.0061)
(0.5000	0.6063	0.0062)
(0.7500	0.6349	0.0062)
(1.0000	0.6628	0.0063)
(1.2500	0.6909	0.0063)
(1.5000	0.7192	0.0063)
(1.7500	0.7468	0.0064)
(2.0000	0.7747	0.0064)
(2.2500	0.8026	0.0064)
(2.5000	0.8299	0.0065)
(2.7500	0.8575	0.0066)
(3.0000	0.8851	0.0066)
(3.2500	0.9119	0.0066)
(3.5000	0.9392	0.0067)
(3.7500	0.9663	0.0068)
(4.0000	0.9919	0.0068)
(4.2500	1.0180	0.0069)
(4.5000	1.0431	0.0069)
(4.7500	1.0675	0.0070)
(5.0000	1.0931	0.0071)
(5.2500	1.1179	0.0072)
(5.5000	1.1438	0.0072)
(5.7500	1.1692	0.0073)
(6.0000	1.1943	0.0074)
(6.2500	1.2200	0.0075)
(6.5000	1.2442	0.0077)
(6.7500	1.2695	0.0078)
(7.0000	1.2933	0.0079)
(7.2500	1.3164	0.0081)
(7.5000	1.3397	0.0083)
(7.7500	1.3635	0.0084)
(8.0000	1.3863	0.0086)
(8.2500	1.4091	0.0088)
(8.7500	1.4529	0.0092)
(9.0000	1.4732	0.0095)
(9.2500	1.4924	0.0098)
(9.5000	1.5105	0.0102)
(9.7500	1.5268	0.0106)
(10.0000	1.5416	0.0111)
(10.2500	1.5541	0.0118)
(10.5000	1.5648	0.0125)
(10.7500	1.5723	0.0135)
(11.0000	1.5767	0.0146)
(11.2500	1.5811	0.0158)
(11.5000	1.5852	0.0170)
(11.7500	1.5884	0.0184)
(12.2500	1.5928	0.0215)
(12.5000	1.5934	0.0232)
(13.0000	1.5939	0.0268)
(13.2500	1.5937	0.0287)
(13.5000	1.5926	0.0308)
(13.7500	1.5904	0.0330)
(14.0000	1.5886	0.0352)
(14.2500	1.5869	0.0375)
(14.5000	1.5852	0.0398)
(14.7500	1.5846	0.0421)
(15.0000	1.5840	0.0444)
(15.2500	1.5838	0.0467)
(15.7500	1.5833	0.0515)
(16.0000	1.5833	0.0539)
(16.2500	1.5830	0.0563)
(16.5000	1.5827	0.0588)
(16.7500	1.5809	0.0614)
(17.0000	1.5786	0.0641)
(17.2500	1.5756	0.0669)
(17.5000	1.5721	0.0698)
(17.7500	1.5686	0.0728)
(18.0000	1.5655	0.0757)
(18.2500	1.5626	0.0786)
(18.5000	1.5600	0.0815)
(18.7500	1.5577	0.0844)
(19.0000	1.5554	0.0873)
(19.2500	1.5532	0.0902)
(19.5000	1.5485	0.0929)
(19.7500	1.5460	0.0958)
(20.0000	1.5433	0.0989)
(20.2500	1.5399	0.1020)
(20.5000	1.5354	0.1052)
(20.7500	1.5311	0.1085)
(21.0000	1.5286	0.1115)
(21.2500	1.5279	0.1144)
(21.7500	1.5294	0.1197)
(22.0000	1.5304	0.1224)
(22.2500	1.5325	0.1248)
(22.5000	1.5340	0.1274)
(22.7500	1.5362	0.1299)
(23.0000	1.5383	0.1323)
(23.2500	1.5399	0.1349)
(23.5000	1.5410	0.1374)
(23.7500	1.5435	0.1399)
(24.0000	1.5458	0.1423)
(24.2500	1.5474	0.1448)
(24.5000	1.5487	0.1473)
(24.7500	1.5493	0.1499)
(25.0000	1.5506	0.1525)
(25.2500	1.5528	0.1548)
(25.5000	1.5544	0.1573)
(25.7500	1.5555	0.1598)
(30.3393	1.3934	0.2497)
(34.9286	1.2684	0.3483)
(39.5179	1.1624	0.4531)
(44.1071	1.0650	0.5616)
(48.6964	0.9697	0.6710)
(53.2857	0.8729	0.7786)
(57.8750	0.7726	0.8819)
(62.4643	0.6680	0.9783)
(67.0536	0.5593	1.0654)
(71.6429	0.4472	1.1412)
(76.2321	0.3332	1.2038)
(80.8214	0.2192	1.2518)
(85.4107	0.1073	1.2841)
(90.0000	0.0000	1.3000)
(94.5893	-0.0751	1.2841)
(99.1786	-0.1534	1.2518)
(103.7679	-0.2332	1.2038)
(108.3571	-0.3130	1.1412)
(112.9464	-0.3915	1.0654)
(117.5357	-0.4676	0.9783)
(122.1250	-0.5408	0.8819)
(126.7143	-0.6111	0.7786)
(131.3036	-0.6788	0.6710)
(135.8929	-0.7455	0.5616)
(140.4821	-0.8137	0.4531)
(145.0714	-0.8879	0.3483)
(149.6607	-0.9754	0.2497)
(154.2500	-1.0889	0.1598)
(156.0893	-1.0111	0.1268)
(157.9286	-0.9333	0.0956)
(159.7679	-0.8555	0.0664)
(161.6071	-0.7778	0.0393)
(163.4464	-0.7000	0.0145)
(165.2857	-0.6222	0.0010)
(167.1250	-0.5444	0.0010)
(168.9643	-0.4667	0.0010)
(170.8036	-0.3889	0.0010)
(172.6429	-0.3111	0.0010)
(174.4821	-0.2333	0.0010)
(176.3214	-0.1555	0.0010)
(178.1607	-0.0778	0.0010)
(180.0000	0.0000	0.0010)
