// Re = 0.05
(-180.000000	0.000000	0.003637)
(-177.857143	0.061665	0.005452)
(-175.714286	0.123330	0.010887)
(-173.571429	0.184995	0.019911)
(-171.428571	0.246660	0.032474)
(-169.285714	0.308325	0.048506)
(-167.142857	0.369990	0.067916)
(-165.000000	0.431655	0.090597)
(-162.857143	0.493320	0.116421)
(-160.714286	0.554985	0.145243)
(-158.571429	0.616650	0.176902)
(-156.428571	0.678315	0.211222)
(-154.285714	0.739980	0.248009)
(-152.142857	0.801645	0.287058)
(-150.000000	0.863310	0.328150)
(-145.714286	0.802676	0.415534)
(-141.428571	0.750302	0.508205)
(-137.142857	0.700889	0.604092)
(-132.857143	0.651167	0.701049)
(-128.571429	0.599144	0.796906)
(-124.285714	0.543701	0.889521)
(-120.000000	0.484352	0.976819)
(-115.714286	0.421102	1.056847)
(-111.428571	0.354336	1.127813)
(-107.142857	0.284755	1.188127)
(-102.857143	0.213306	1.236439)
(-98.571429	0.141142	1.271664)
(-94.285714	0.069566	1.293012)
(-90.000000	0.000000	1.300000)
(-85.714286	-0.069566	1.293012)
(-81.428571	-0.141142	1.271664)
(-77.142857	-0.213306	1.236439)
(-72.857143	-0.284755	1.188127)
(-68.571429	-0.354336	1.127813)
(-64.285714	-0.421102	1.056847)
(-60.000000	-0.484352	0.976819)
(-55.714286	-0.543701	0.889521)
(-51.428571	-0.599144	0.796906)
(-47.142857	-0.651167	0.701049)
(-42.857143	-0.700889	0.604092)
(-38.571429	-0.750302	0.508205)
(-34.285714	-0.802676	0.415534)
(-30.000000	-0.863310	0.328150)
(-28.214286	-0.854866	0.308265)
(-26.428571	-0.846423	0.288380)
(-24.642857	-0.837979	0.268495)
(-22.857143	-0.829536	0.248610)
(-21.071429	-0.821092	0.228725)
(-19.285714	-0.812649	0.208840)
(-17.500000	-0.804205	0.188955)
(-15.714286	-0.795761	0.169070)
(-13.928571	-0.787318	0.149185)
(-12.142857	-0.778874	0.129300)
(-10.357143	-0.770431	0.109415)
(-8.571429	-0.761987	0.089530)
(-5.000000	-0.745100	0.049760)
(-4.750000	-0.734300	0.052170)
(-4.500000	-0.723500	0.054490)
(-4.250000	-0.712500	0.056560)
(-4.000000	-0.702800	0.059000)
(-3.750000	-0.692100	0.060610)
(-3.500000	-0.681000	0.061680)
(-3.250000	-0.671800	0.063450)
(-3.000000	-0.662000	0.064630)
(-2.750000	-0.643400	0.066230)
(-2.500000	-0.620600	0.067640)
(-2.250000	-0.599700	0.069560)
(-2.000000	-0.579500	0.070330)
(-1.750000	-0.560500	0.071440)
(-1.500000	-0.541000	0.071750)
(-1.250000	-0.523800	0.072290)
(-0.750000	-0.487500	0.072610)
(-0.500000	-0.467700	0.072700)
(-0.250000	-0.451900	0.072650)
(0.000000	-0.432300	0.072890)
(0.250000	-0.414500	0.073000)
(0.500000	-0.398100	0.072970)
(0.750000	-0.379900	0.073090)
(1.000000	-0.360900	0.073280)
(1.250000	-0.342300	0.073530)
(1.500000	-0.323100	0.073870)
(1.750000	-0.300500	0.074470)
(2.000000	-0.278300	0.075000)
(2.250000	-0.260400	0.075210)
(2.500000	-0.241300	0.075620)
(2.750000	-0.219700	0.076410)
(3.000000	-0.195300	0.077330)
(3.250000	-0.180300	0.077570)
(3.500000	-0.160400	0.078380)
(3.750000	-0.132900	0.079750)
(4.000000	-0.118900	0.080050)
(4.250000	-0.099000	0.081050)
(4.500000	-0.073900	0.082370)
(4.750000	-0.061400	0.082780)
(5.000000	-0.038500	0.084220)
(5.250000	-0.018600	0.085200)
(5.500000	-0.006000	0.085830)
(5.750000	0.022700	0.087880)
(6.000000	0.034600	0.088290)
(6.250000	0.050200	0.089280)
(6.500000	0.085300	0.091860)
(6.750000	0.103100	0.092730)
(7.000000	0.125200	0.094090)
(7.250000	0.145100	0.095400)
(7.500000	0.180800	0.098480)
(7.750000	0.196500	0.099800)
(8.000000	0.217000	0.101820)
(8.250000	0.247800	0.104860)
(8.500000	0.275100	0.107430)
(8.750000	0.292300	0.109330)
(9.000000	0.313000	0.111720)
(9.250000	0.340500	0.114780)
(9.500000	0.370000	0.117940)
(9.750000	0.385600	0.119930)
(10.000000	0.403000	0.122260)
(10.250000	0.422400	0.124870)
(10.500000	0.445100	0.127820)
(10.750000	0.474100	0.131380)
(11.000000	0.490100	0.133630)
(11.250000	0.504400	0.135880)
(11.500000	0.519200	0.138270)
(11.750000	0.534500	0.140770)
(12.000000	0.550200	0.143350)
(12.250000	0.566200	0.146010)
(12.500000	0.582700	0.148740)
(12.750000	0.599700	0.151540)
(13.000000	0.616600	0.154380)
(13.250000	0.632900	0.157190)
(13.500000	0.648400	0.159950)
(13.750000	0.662300	0.162530)
(14.000000	0.674400	0.164980)
(14.250000	0.686400	0.167450)
(14.500000	0.698200	0.169960)
(14.750000	0.709900	0.172480)
(15.000000	0.721300	0.175030)
(15.250000	0.732400	0.177560)
(15.500000	0.743200	0.180090)
(15.750000	0.753600	0.182600)
(16.000000	0.763600	0.185100)
(16.250000	0.773300	0.187600)
(16.500000	0.782800	0.190110)
(16.750000	0.792200	0.192640)
(17.000000	0.801700	0.195210)
(17.250000	0.811400	0.197820)
(17.500000	0.821600	0.200490)
(17.750000	0.832300	0.203230)
(18.000000	0.843700	0.206060)
(18.250000	0.855800	0.208990)
(18.500000	0.868100	0.211930)
(18.750000	0.877800	0.214500)
(19.000000	0.885300	0.216770)
(19.250000	0.893200	0.219220)
(19.500000	0.901600	0.221700)
(19.750000	0.910400	0.224290)
(20.000000	0.919400	0.226890)
(20.250000	0.928500	0.229520)
(20.500000	0.937700	0.232180)
(20.750000	0.947200	0.234860)
(21.000000	0.956800	0.237600)
(21.250000	0.966900	0.240380)
(21.500000	0.977600	0.243390)
(21.750000	0.988100	0.246460)
(22.000000	0.994300	0.248790)
(22.250000	1.000700	0.251150)
(22.500000	1.007800	0.253610)
(22.750000	1.015700	0.256110)
(23.000000	1.024000	0.258790)
(23.250000	1.032400	0.261530)
(23.500000	1.040600	0.264210)
(23.750000	1.048500	0.266890)
(24.000000	1.056500	0.269590)
(24.250000	1.065200	0.272350)
(24.500000	1.075200	0.275410)
(24.750000	1.085100	0.278300)
(25.000000	1.089200	0.280150)
(25.250000	1.095600	0.282640)
(25.500000	1.105000	0.285500)
(25.750000	1.114400	0.288340)
(26.000000	1.118700	0.290290)
(26.250000	1.126700	0.292910)
(26.500000	1.136900	0.295870)
(26.750000	1.140900	0.297670)
(27.000000	1.149400	0.300340)
(27.250000	1.157200	0.302710)
(27.500000	1.162400	0.304820)
(27.750000	1.173200	0.308070)
(28.000000	1.177000	0.309560)
(28.250000	1.184800	0.312110)
(28.500000	1.191900	0.314370)
(28.750000	1.197700	0.316470)
(29.000000	1.206700	0.319090)
(29.250000	1.211100	0.320870)
(29.500000	1.221100	0.323840)
(29.750000	1.224400	0.325280)
(30.000000	1.233300	0.328150)
(34.285714	1.146680	0.415534)
(38.571429	1.071859	0.508205)
(42.857143	1.001270	0.604092)
(47.142857	0.930239	0.701049)
(51.428571	0.855920	0.796906)
(55.714286	0.776715	0.889521)
(60.000000	0.691932	0.976819)
(64.285714	0.601574	1.056847)
(68.571429	0.506195	1.127813)
(72.857143	0.406792	1.188127)
(77.142857	0.304723	1.236439)
(81.428571	0.201631	1.271664)
(85.714286	0.099380	1.293012)
(90.000000	0.000000	1.300000)
(94.285714	-0.069566	1.293012)
(98.571429	-0.141142	1.271664)
(102.857143	-0.213306	1.236439)
(107.142857	-0.284755	1.188127)
(111.428571	-0.354336	1.127813)
(115.714286	-0.421102	1.056847)
(120.000000	-0.484352	0.976819)
(124.285714	-0.543701	0.889521)
(128.571429	-0.599144	0.796906)
(132.857143	-0.651167	0.701049)
(137.142857	-0.700889	0.604092)
(141.428571	-0.750302	0.508205)
(145.714286	-0.802676	0.415534)
(150.000000	-0.863310	0.328150)
(152.142857	-0.801645	0.287058)
(154.285714	-0.739980	0.248009)
(156.428571	-0.678315	0.211222)
(158.571429	-0.616650	0.176902)
(160.714286	-0.554985	0.145243)
(162.857143	-0.493320	0.116421)
(165.000000	-0.431655	0.090597)
(167.142857	-0.369990	0.067916)
(169.285714	-0.308325	0.048506)
(171.428571	-0.246660	0.032474)
(173.571429	-0.184995	0.019911)
(175.714286	-0.123330	0.010887)
(177.857143	-0.061665	0.005452)
(180.000000	0.000000	0.003637)
