// Re = 0.16
(-180.000000	0.000000	0.001000)
(-178.160714	0.067320	0.001000)
(-176.321429	0.134640	0.001000)
(-174.482143	0.201960	0.001000)
(-172.642857	0.269280	0.001000)
(-170.803571	0.336600	0.001000)
(-168.964286	0.403920	0.001000)
(-167.125000	0.471240	0.003291)
(-165.285714	0.538560	0.023096)
(-163.446429	0.605880	0.045296)
(-161.607143	0.673200	0.069802)
(-159.767857	0.740520	0.096515)
(-157.928571	0.807840	0.125326)
(-156.089286	0.875160	0.156119)
(-154.250000	0.942480	0.188770)
(-149.660714	0.859774	0.277460)
(-145.071429	0.795838	0.374648)
(-140.482143	0.740378	0.477899)
(-135.892857	0.687401	0.584627)
(-131.303571	0.633334	0.692163)
(-126.714286	0.576106	0.797822)
(-122.125000	0.514671	0.898976)
(-117.535714	0.448727	0.993112)
(-112.946429	0.378541	1.077904)
(-108.357143	0.304828	1.151268)
(-103.767857	0.228659	1.211416)
(-99.178571	0.151391	1.256900)
(-94.589286	0.074595	1.286650)
(-90.000000	0.000000	1.300000)
(-85.410714	-0.074595	1.286650)
(-80.821429	-0.151391	1.256900)
(-76.232143	-0.228659	1.211416)
(-71.642857	-0.304828	1.151268)
(-67.053571	-0.378541	1.077904)
(-62.464286	-0.448727	0.993112)
(-57.875000	-0.514671	0.898976)
(-53.285714	-0.576106	0.797822)
(-48.696429	-0.633334	0.692163)
(-44.107143	-0.687401	0.584627)
(-39.517857	-0.740378	0.477899)
(-34.928571	-0.795838	0.374648)
(-30.339286	-0.859774	0.277460)
(-25.750000	-0.942480	0.188770)
(-24.267857	-0.878653	0.176581)
(-22.785714	-0.814826	0.164391)
(-21.303571	-0.750999	0.152202)
(-19.821429	-0.687171	0.140013)
(-18.339286	-0.623344	0.127824)
(-16.857143	-0.559517	0.115634)
(-15.375000	-0.495690	0.103445)
(-13.892857	-0.431863	0.091256)
(-12.410714	-0.368036	0.079066)
(-10.928571	-0.304209	0.066877)
(-9.446429	-0.240381	0.054688)
(-7.964286	-0.176554	0.042499)
(-5.000000	-0.048900	0.018120)
(-4.750000	-0.016200	0.018270)
(-4.500000	0.004900	0.018590)
(-4.250000	0.037700	0.018840)
(-4.000000	0.057700	0.019310)
(-3.750000	0.087600	0.019540)
(-3.500000	0.110000	0.019830)
(-3.250000	0.138700	0.019950)
(-3.000000	0.162000	0.020150)
(-2.750000	0.189600	0.020400)
(-2.500000	0.212600	0.020670)
(-2.250000	0.240400	0.020820)
(-2.000000	0.263000	0.020940)
(-1.750000	0.293400	0.020830)
(-1.500000	0.313800	0.021060)
(-1.250000	0.347400	0.020890)
(-1.000000	0.364400	0.021160)
(-0.750000	0.398000	0.021000)
(-0.500000	0.415100	0.021240)
(-0.250000	0.448200	0.021090)
(0.000000	0.465800	0.021310)
(0.250000	0.498300	0.021170)
(0.500000	0.516600	0.021410)
(0.750000	0.548100	0.021300)
(1.000000	0.567600	0.021530)
(1.250000	0.597300	0.021490)
(1.500000	0.619400	0.021670)
(1.750000	0.646000	0.021720)
(2.000000	0.674400	0.021770)
(2.250000	0.694000	0.022010)
(2.500000	0.728700	0.021910)
(3.000000	0.776000	0.022260)
(3.250000	0.788600	0.022720)
(3.500000	0.821200	0.022680)
(3.750000	0.835900	0.023120)
(4.000000	0.865100	0.023150)
(4.250000	0.885100	0.023490)
(4.500000	0.908900	0.023650)
(4.750000	0.934700	0.023800)
(5.000000	0.952900	0.024170)
(5.250000	0.990600	0.023970)
(5.500000	0.994200	0.024700)
(5.750000	1.032500	0.024460)
(6.000000	1.036100	0.025200)
(6.250000	1.076100	0.024890)
(6.500000	1.078400	0.025630)
(6.750000	1.121100	0.025180)
(7.500000	1.164700	0.026060)
(7.750000	1.169600	0.026570)
(8.000000	1.207300	0.026110)
(8.250000	1.203100	0.026740)
(8.500000	1.252200	0.025960)
(8.750000	1.241200	0.026590)
(9.000000	1.246100	0.026820)
(9.250000	1.287700	0.026150)
(9.500000	1.331700	0.025580)
(9.750000	1.364900	0.025500)
(10.000000	1.381100	0.025940)
(10.250000	1.398200	0.026310)
(10.500000	1.415500	0.026620)
(10.750000	1.431900	0.026910)
(11.000000	1.446200	0.027230)
(11.250000	1.458700	0.027590)
(11.500000	1.470600	0.027980)
(11.750000	1.483500	0.028330)
(12.000000	1.481300	0.029450)
(12.250000	1.480200	0.030620)
(12.500000	1.489200	0.031290)
(12.750000	1.480200	0.033160)
(13.000000	1.479600	0.034630)
(13.250000	1.478600	0.036210)
(13.500000	1.474300	0.038160)
(13.750000	1.468000	0.040420)
(14.000000	1.461600	0.042830)
(14.250000	1.455900	0.045290)
(14.500000	1.446500	0.048260)
(14.750000	1.438300	0.051200)
(15.000000	1.428400	0.054470)
(15.250000	1.419500	0.057730)
(15.500000	1.410700	0.061100)
(15.750000	1.402600	0.064510)
(16.000000	1.395500	0.067870)
(16.250000	1.389100	0.071220)
(16.500000	1.383300	0.074580)
(16.750000	1.377900	0.077950)
(17.000000	1.372900	0.081320)
(17.250000	1.368100	0.084700)
(17.500000	1.363600	0.088120)
(17.750000	1.359200	0.091540)
(18.000000	1.354900	0.094990)
(18.250000	1.350500	0.098480)
(18.500000	1.346100	0.102040)
(18.750000	1.341200	0.105690)
(19.000000	1.336100	0.109420)
(19.250000	1.330800	0.113220)
(19.500000	1.325500	0.117000)
(19.750000	1.320900	0.120720)
(20.000000	1.317200	0.124260)
(20.250000	1.315500	0.127510)
(20.500000	1.316000	0.130360)
(20.750000	1.318100	0.132910)
(21.000000	1.322200	0.135150)
(21.250000	1.327000	0.137290)
(21.500000	1.333200	0.139160)
(21.750000	1.340200	0.140870)
(22.000000	1.348200	0.142390)
(22.250000	1.358700	0.143410)
(22.500000	1.363800	0.145470)
(22.750000	1.370500	0.147170)
(23.000000	1.383800	0.147680)
(23.250000	1.382500	0.150920)
(23.500000	1.397200	0.151070)
(23.750000	1.392200	0.155050)
(24.000000	1.393800	0.157670)
(24.250000	1.403100	0.158830)
(24.500000	1.392400	0.163930)
(24.750000	1.383200	0.168760)
(25.000000	1.375800	0.173270)
(25.250000	1.387400	0.173870)
(25.500000	1.368200	0.180970)
(25.750000	1.346400	0.188770)
(30.339286	1.228248	0.277460)
(34.928571	1.136912	0.374648)
(39.517857	1.057683	0.477899)
(44.107143	0.982002	0.584627)
(48.696429	0.904762	0.692163)
(53.285714	0.823008	0.797822)
(57.875000	0.735245	0.898976)
(62.464286	0.641039	0.993112)
(67.053571	0.540773	1.077904)
(71.642857	0.435468	1.151268)
(76.232143	0.326656	1.211416)
(80.821429	0.216273	1.256900)
(85.410714	0.106564	1.286650)
(90.000000	0.000000	1.300000)
(94.589286	-0.074595	1.286650)
(99.178571	-0.151391	1.256900)
(103.767857	-0.228659	1.211416)
(108.357143	-0.304828	1.151268)
(112.946429	-0.378541	1.077904)
(117.535714	-0.448727	0.993112)
(122.125000	-0.514671	0.898976)
(126.714286	-0.576106	0.797822)
(131.303571	-0.633334	0.692163)
(135.892857	-0.687401	0.584627)
(140.482143	-0.740378	0.477899)
(145.071429	-0.795838	0.374648)
(149.660714	-0.859774	0.277460)
(154.250000	-0.942480	0.188770)
(156.089286	-0.875160	0.156119)
(157.928571	-0.807840	0.125326)
(159.767857	-0.740520	0.096515)
(161.607143	-0.673200	0.069802)
(163.446429	-0.605880	0.045296)
(165.285714	-0.538560	0.023096)
(167.125000	-0.471240	0.003291)
(168.964286	-0.403920	0.001000)
(170.803571	-0.336600	0.001000)
(172.642857	-0.269280	0.001000)
(174.482143	-0.201960	0.001000)
(176.321429	-0.134640	0.001000)
(178.160714	-0.067320	0.001000)
(180.000000	0.000000	0.001000)
