// Re = 0.35
(-180.000000	0.000000	0.001000)
(-178.303571	0.067455	0.001000)
(-176.607143	0.134910	0.001000)
(-174.910714	0.202365	0.001000)
(-173.214286	0.269820	0.001000)
(-171.517857	0.337275	0.001000)
(-169.821429	0.404730	0.012998)
(-168.125000	0.472185	0.027607)
(-166.428571	0.539640	0.044325)
(-164.732143	0.607095	0.063095)
(-163.035714	0.674550	0.083852)
(-161.339286	0.742005	0.106523)
(-159.642857	0.809460	0.131029)
(-157.946429	0.876915	0.157285)
(-156.250000	0.944370	0.185200)
(-151.517857	0.855657	0.270998)
(-146.785714	0.791070	0.366610)
(-142.053571	0.737299	0.469459)
(-137.321429	0.686887	0.576771)
(-132.589286	0.635477	0.685656)
(-127.857143	0.580559	0.793184)
(-123.125000	0.520843	0.896462)
(-118.392857	0.455903	0.992718)
(-113.660714	0.385972	1.079372)
(-108.928571	0.311794	1.154107)
(-104.196429	0.234519	1.214933)
(-99.464286	0.155621	1.260240)
(-94.732143	0.076816	1.288839)
(-90.000000	0.000000	1.300000)
(-85.267857	-0.076816	1.288839)
(-80.535714	-0.155621	1.260240)
(-75.803571	-0.234519	1.214933)
(-71.071429	-0.311794	1.154107)
(-66.339286	-0.385972	1.079372)
(-61.607143	-0.455903	0.992718)
(-56.875000	-0.520843	0.896462)
(-52.142857	-0.580559	0.793184)
(-47.410714	-0.635477	0.685656)
(-42.678571	-0.686887	0.576771)
(-37.946429	-0.737299	0.469459)
(-33.214286	-0.791070	0.366610)
(-28.482143	-0.855657	0.270998)
(-23.750000	-0.944370	0.185200)
(-22.410714	-0.894458	0.172728)
(-21.071429	-0.844546	0.160256)
(-19.732143	-0.794634	0.147784)
(-18.392857	-0.744721	0.135311)
(-17.053571	-0.694809	0.122839)
(-15.714286	-0.644897	0.110367)
(-14.375000	-0.594985	0.097895)
(-13.035714	-0.545073	0.085423)
(-11.696429	-0.495161	0.072951)
(-10.357143	-0.445249	0.060479)
(-9.017857	-0.395336	0.048006)
(-7.678571	-0.345424	0.035534)
(-5.000000	-0.245600	0.010590)
(-4.750000	-0.216700	0.010590)
(-4.500000	-0.187900	0.010590)
(-4.250000	-0.159100	0.010600)
(-4.000000	-0.130100	0.010620)
(-3.750000	-0.101100	0.010650)
(-3.500000	-0.072200	0.010680)
(-3.250000	-0.043200	0.010720)
(-3.000000	-0.014200	0.010750)
(-2.750000	0.014800	0.010770)
(-2.500000	0.044000	0.010790)
(-2.250000	0.073100	0.010800)
(-2.000000	0.102000	0.010800)
(-1.750000	0.131300	0.010810)
(-1.500000	0.160500	0.010820)
(-1.250000	0.189500	0.010830)
(-1.000000	0.218700	0.010850)
(-0.750000	0.247900	0.010870)
(-0.500000	0.276800	0.010880)
(-0.250000	0.306200	0.010910)
(0.000000	0.335100	0.010940)
(0.250000	0.364100	0.010970)
(0.500000	0.393700	0.011020)
(0.750000	0.422200	0.011050)
(1.000000	0.451300	0.011100)
(1.250000	0.480400	0.011150)
(1.500000	0.509000	0.011200)
(1.750000	0.538200	0.011270)
(2.000000	0.566800	0.011320)
(2.250000	0.595300	0.011390)
(2.500000	0.624600	0.011460)
(2.750000	0.652700	0.011520)
(3.000000	0.681100	0.011590)
(3.250000	0.710000	0.011670)
(3.500000	0.738000	0.011750)
(3.750000	0.766100	0.011830)
(4.000000	0.794800	0.011910)
(4.250000	0.822500	0.011990)
(4.500000	0.849900	0.012060)
(4.750000	0.877300	0.012130)
(5.000000	0.904600	0.012190)
(5.250000	0.931900	0.012270)
(5.500000	0.958700	0.012350)
(5.750000	0.984800	0.012410)
(6.000000	1.010200	0.012460)
(6.250000	1.035500	0.012530)
(6.500000	1.060600	0.012630)
(6.750000	1.085700	0.012740)
(7.000000	1.110000	0.012870)
(7.250000	1.133600	0.013020)
(7.500000	1.156400	0.013190)
(7.750000	1.178100	0.013400)
(8.000000	1.198400	0.013670)
(8.250000	1.216700	0.014000)
(8.500000	1.232000	0.014460)
(8.750000	1.242100	0.015070)
(9.000000	1.245500	0.015800)
(9.250000	1.246000	0.016730)
(9.500000	1.244800	0.017820)
(9.750000	1.241800	0.019050)
(10.000000	1.237900	0.020330)
(10.250000	1.238900	0.021860)
(10.500000	1.242000	0.023780)
(11.000000	1.246300	0.027810)
(11.250000	1.248200	0.029920)
(11.500000	1.250400	0.032050)
(11.750000	1.253400	0.034160)
(12.000000	1.256000	0.036370)
(12.250000	1.258500	0.038620)
(12.500000	1.261400	0.040900)
(12.750000	1.264700	0.043210)
(13.000000	1.268100	0.045580)
(13.250000	1.271000	0.048060)
(13.500000	1.272800	0.050700)
(13.750000	1.277700	0.053080)
(14.000000	1.280900	0.055660)
(14.250000	1.284200	0.058290)
(14.500000	1.288600	0.060840)
(14.750000	1.291800	0.063530)
(15.000000	1.296900	0.066080)
(15.250000	1.300900	0.068720)
(15.500000	1.306000	0.071320)
(15.750000	1.311000	0.073910)
(16.000000	1.316100	0.076530)
(16.250000	1.321500	0.079140)
(16.500000	1.327600	0.081570)
(16.750000	1.332400	0.084340)
(17.000000	1.339100	0.086740)
(17.250000	1.344700	0.089380)
(17.500000	1.349800	0.092090)
(17.750000	1.358500	0.094160)
(18.000000	1.362300	0.097140)
(18.250000	1.367500	0.099870)
(18.500000	1.376900	0.101810)
(18.750000	1.380200	0.104870)
(19.000000	1.384000	0.107830)
(19.250000	1.392000	0.110040)
(19.500000	1.398500	0.112450)
(19.750000	1.398900	0.116030)
(20.000000	1.403500	0.118830)
(20.250000	1.414400	0.120440)
(20.500000	1.414000	0.124090)
(20.750000	1.412200	0.128060)
(21.000000	1.415300	0.131090)
(21.250000	1.424400	0.132970)
(21.500000	1.426500	0.136130)
(21.750000	1.418000	0.141340)
(22.000000	1.413700	0.145800)
(22.250000	1.414600	0.149250)
(22.500000	1.423200	0.151130)
(22.750000	1.423700	0.154600)
(23.000000	1.406500	0.161710)
(23.250000	1.389800	0.168840)
(23.500000	1.372100	0.176340)
(23.750000	1.349100	0.185200)
(28.482143	1.222368	0.270998)
(33.214286	1.130100	0.366610)
(37.946429	1.053285	0.469459)
(42.678571	0.981267	0.576771)
(47.410714	0.907824	0.685656)
(52.142857	0.829370	0.793184)
(56.875000	0.744061	0.896462)
(61.607143	0.651290	0.992718)
(66.339286	0.551389	1.079372)
(71.071429	0.445420	1.154107)
(75.803571	0.335028	1.214933)
(80.535714	0.222315	1.260240)
(85.267857	0.109737	1.288839)
(90.000000	0.000000	1.300000)
(94.732143	-0.076816	1.288839)
(99.464286	-0.155621	1.260240)
(104.196429	-0.234519	1.214933)
(108.928571	-0.311794	1.154107)
(113.660714	-0.385972	1.079372)
(118.392857	-0.455903	0.992718)
(123.125000	-0.520843	0.896462)
(127.857143	-0.580559	0.793184)
(132.589286	-0.635477	0.685656)
(137.321429	-0.686887	0.576771)
(142.053571	-0.737299	0.469459)
(146.785714	-0.791070	0.366610)
(151.517857	-0.855657	0.270998)
(156.250000	-0.944370	0.185200)
(157.946429	-0.876915	0.157285)
(159.642857	-0.809460	0.131029)
(161.339286	-0.742005	0.106523)
(163.035714	-0.674550	0.083852)
(164.732143	-0.607095	0.063095)
(166.428571	-0.539640	0.044325)
(168.125000	-0.472185	0.027607)
(169.821429	-0.404730	0.012998)
(171.517857	-0.337275	0.001000)
(173.214286	-0.269820	0.001000)
(174.910714	-0.202365	0.001000)
(176.607143	-0.134910	0.001000)
(178.303571	-0.067455	0.001000)
(180.000000	0.000000	0.001000)
