// Re = 0.11e6 
// (alpha_deg cl cd)
(-180	0.0000	0.0146)
(-170	0.4438	0.0532)
(-160	0.7906	0.1646)
(-150	0.6817	0.3351)
(-140	0.6216	0.5442)
(-130	0.5492	0.7664)
(-120	0.4470	0.9748)
(-110	0.3143	1.1441)
(-100	0.1604	1.2536)
(-90	0.0000	1.2900)
(-80	-0.1604	1.2536)
(-70	-0.3143	1.1441)
(-60	-0.4470	0.9748)
(-50	-0.5492	0.7664)
(-40	-0.6216	0.5442)
(-30	-0.6817	0.3351)
(-20	-0.7906	0.1646)
(-10	-0.4595	0.0691)
(-5	-0.2469	0.0252)
(-4.75	-0.2211	0.0259)
(-4.5	-0.1924	0.0265)
(-4.25	-0.1688	0.0271)
(-4	-0.1458	0.0275)
(-3.75	-0.1221	0.0279)
(-3.5	-0.0945	0.0280)
(-3.25	-0.0729	0.0281)
(-3	-0.0508	0.0282)
(-2.75	-0.0266	0.0282)
(-2.5	-0.0009	0.0280)
(-2.25	0.0207	0.0282)
(-2	0.0438	0.0283)
(-1.75	0.0707	0.0281)
(-1.5	0.0924	0.0281)
(-1.25	0.1158	0.0282)
(-1	0.1423	0.0281)
(-0.75	0.1637	0.0282)
(-0.5	0.1892	0.0282)
(-0.25	0.2140	0.0282)
(0	0.2348	0.0285)
(0.25	0.2666	0.0282)
(0.5	0.2857	0.0286)
(0.75	0.3054	0.0289)
(1	0.3367	0.0287)
(1.25	0.3564	0.0291)
(1.75	0.4052	0.0294)
(2	0.4233	0.0300)
(2.25	0.4580	0.0296)
(2.5	0.4745	0.0303)
(2.75	0.4900	0.0310)
(3	0.5221	0.0306)
(3.25	0.5396	0.0312)
(3.5	0.5552	0.0320)
(3.75	0.5906	0.0314)
(4	0.6060	0.0321)
(4.25	0.6201	0.0329)
(4.75	0.6505	0.0343)
(5	0.6846	0.0335)
(5.5	0.7127	0.0347)
(5.75	0.7421	0.0342)
(6	0.7682	0.0337)
(6.5	0.8304	0.0320)
(6.75	0.8569	0.0315)
(7	0.8936	0.0309)
(7.25	0.9444	0.0299)
(7.5	0.9880	0.0288)
(7.75	1.0345	0.0274)
(8	1.0673	0.0268)
(8.25	1.1101	0.0256)
(8.5	1.1393	0.0253)
(8.75	1.1697	0.0249)
(9	1.1968	0.0246)
(9.25	1.2198	0.0245)
(9.5	1.2388	0.0246)
(9.75	1.2505	0.0249)
(10	1.2553	0.0257)
(10.25	1.2569	0.0268)
(10.5	1.2539	0.0284)
(10.75	1.2467	0.0307)
(11	1.2367	0.0334)
(11.25	1.2260	0.0364)
(11.5	1.2164	0.0395)
(11.75	1.2095	0.0425)
(12	1.2063	0.0452)
(12.25	1.2068	0.0477)
(12.5	1.2107	0.0499)
(12.75	1.2170	0.0520)
(13	1.2263	0.0538)
(13.25	1.2391	0.0554)
(13.5	1.2542	0.0568)
(13.75	1.2703	0.0582)
(14	1.2834	0.0599)
(14.25	1.2978	0.0616)
(14.5	1.3151	0.0632)
(14.75	1.3390	0.0644)
(15	1.3459	0.0668)
(15.25	1.3643	0.0686)
(15.5	1.3693	0.0713)
(15.75	1.3879	0.0732)
(16	1.3791	0.0770)
(16.25	1.3837	0.0799)
(16.5	1.3958	0.0823)
(16.75	1.3771	0.0873)
(17	1.3587	0.0924)
(17.25	1.3398	0.0980)
(17.5	1.3190	0.1040)
(17.75	1.2932	0.1111)
(18	1.2567	0.1202)
(18.25	1.2139	0.1315)
(18.5	1.1729	0.1437)
(20	1.1294	0.1646)
(30	0.9739	0.3351)
(40	0.8880	0.5442)
(50	0.7845	0.7664)
(60	0.6385	0.9748)
(70	0.4491	1.1441)
(80	0.2291	1.2536)
(90	0.0000	1.2900)
(100	-0.1604	1.2536)
(110	-0.3143	1.1441)
(120	-0.4470	0.9748)
(130	-0.5492	0.7664)
(140	-0.6216	0.5442)
(150	-0.6817	0.3351)
(160	-0.7906	0.1646)
(170	-0.4438	0.0532)
(180	0.0000	0.0146)
