// Re = 0.09
(-180.000000	0.000000	0.001000)
(-178.285714	0.069285	0.001000)
(-176.571429	0.138570	0.001000)
(-174.857143	0.207855	0.001000)
(-173.142857	0.277140	0.001000)
(-171.428571	0.346425	0.001000)
(-169.714286	0.415710	0.001000)
(-168.000000	0.484995	0.009817)
(-166.285714	0.554280	0.027007)
(-164.571429	0.623565	0.046303)
(-162.857143	0.692850	0.067637)
(-161.142857	0.762135	0.090934)
(-159.428571	0.831420	0.116113)
(-157.714286	0.900705	0.143083)
(-156.000000	0.969990	0.171750)
(-151.285714	0.876450	0.258489)
(-146.571429	0.807728	0.354963)
(-141.857143	0.750430	0.458608)
(-137.142857	0.697017	0.566668)
(-132.428571	0.643071	0.676277)
(-127.714286	0.586035	0.784527)
(-123.000000	0.524581	0.888555)
(-118.285714	0.458257	0.985615)
(-113.571429	0.387266	1.073152)
(-108.857143	0.312328	1.148871)
(-104.142857	0.234570	1.210802)
(-99.428571	0.155438	1.257345)
(-94.714286	0.076624	1.287322)
(-90.000000	0.000000	1.300000)
(-85.285714	-0.076624	1.287322)
(-80.571429	-0.155438	1.257345)
(-75.857143	-0.234570	1.210802)
(-71.142857	-0.312328	1.148871)
(-66.428571	-0.387266	1.073152)
(-61.714286	-0.458257	0.985615)
(-57.000000	-0.524581	0.888555)
(-52.285714	-0.586035	0.784527)
(-47.571429	-0.643071	0.676277)
(-42.857143	-0.697017	0.566668)
(-38.142857	-0.750430	0.458608)
(-33.428571	-0.807728	0.354963)
(-28.714286	-0.876450	0.258489)
(-24.000000	-0.969990	0.171750)
(-22.642857	-0.923291	0.162530)
(-21.285714	-0.876591	0.153310)
(-19.928571	-0.829892	0.144090)
(-18.571429	-0.783193	0.134870)
(-17.214286	-0.736494	0.125650)
(-15.857143	-0.689794	0.116430)
(-14.500000	-0.643095	0.107210)
(-13.142857	-0.596396	0.097990)
(-11.785714	-0.549696	0.088770)
(-10.428571	-0.502997	0.079550)
(-9.071429	-0.456298	0.070330)
(-7.714286	-0.409599	0.061110)
(-5.000000	-0.316200	0.042670)
(-4.750000	-0.317200	0.043870)
(-4.500000	-0.284100	0.045080)
(-4.250000	-0.288100	0.046110)
(-4.000000	-0.256600	0.047090)
(-3.750000	-0.261300	0.048040)
(-3.500000	-0.232400	0.048890)
(-3.250000	-0.240100	0.050680)
(-3.000000	-0.215500	0.051430)
(-2.750000	-0.215700	0.052260)
(-2.500000	-0.195800	0.052720)
(-2.250000	-0.188000	0.053870)
(-2.000000	-0.180700	0.054480)
(-1.750000	-0.147600	0.054430)
(-1.500000	-0.157700	0.055780)
(-1.250000	-0.137200	0.056090)
(-1.000000	-0.112800	0.056290)
(-0.750000	-0.117700	0.057600)
(-0.500000	-0.090400	0.057820)
(-0.250000	-0.078200	0.058640)
(0.000000	-0.072500	0.059680)
(0.250000	-0.062500	0.060660)
(0.500000	-0.086600	0.064440)
(0.750000	-0.061900	0.065440)
(1.000000	-0.011800	0.063380)
(1.250000	0.001700	0.064670)
(2.750000	0.044200	0.074440)
(3.000000	0.075800	0.075990)
(3.250000	0.086000	0.076670)
(3.500000	0.102900	0.077950)
(3.750000	0.127400	0.079070)
(4.000000	0.135600	0.080170)
(4.250000	0.168600	0.081650)
(4.500000	0.172800	0.082650)
(4.750000	0.209800	0.084430)
(5.000000	0.211700	0.085340)
(5.250000	0.230600	0.086960)
(5.500000	0.253000	0.088260)
(5.750000	0.260300	0.089590)
(6.000000	0.296200	0.091480)
(6.250000	0.297300	0.092520)
(6.500000	0.308300	0.094110)
(6.750000	0.340100	0.095870)
(7.000000	0.342700	0.097130)
(7.250000	0.353300	0.098780)
(7.500000	0.383300	0.100480)
(7.750000	0.388400	0.101970)
(8.000000	0.397600	0.103710)
(8.500000	0.433700	0.106930)
(8.750000	0.439500	0.108560)
(9.000000	0.448800	0.110300)
(9.250000	0.478900	0.112020)
(9.500000	0.483600	0.113400)
(9.750000	0.488400	0.115000)
(10.000000	0.494400	0.116570)
(10.250000	0.502800	0.118030)
(10.500000	0.522000	0.119170)
(10.750000	0.540400	0.120710)
(11.000000	0.560800	0.123210)
(11.250000	0.577700	0.125680)
(11.500000	0.591900	0.128110)
(11.750000	0.675700	0.121910)
(12.000000	0.714500	0.122250)
(12.750000	0.758900	0.128290)
(13.750000	0.843800	0.132850)
(14.500000	0.880500	0.138210)
(15.250000	0.921600	0.142700)
(15.750000	0.949700	0.145410)
(16.000000	0.963100	0.146770)
(16.750000	0.999600	0.151430)
(17.250000	1.019600	0.155170)
(18.250000	1.047500	0.165140)
(18.500000	1.052100	0.168120)
(19.000000	1.295400	0.126760)
(19.250000	1.387200	0.114960)
(19.500000	1.418600	0.112970)
(19.750000	1.413700	0.116500)
(20.000000	1.430700	0.116670)
(20.250000	1.421000	0.120930)
(20.500000	1.437900	0.121110)
(20.750000	1.425400	0.125890)
(21.000000	1.430100	0.128000)
(21.250000	1.427100	0.131300)
(21.500000	1.422100	0.135050)
(21.750000	1.424500	0.137500)
(22.000000	1.418300	0.141440)
(22.250000	1.418900	0.144290)
(22.500000	1.416000	0.147690)
(22.750000	1.413700	0.151090)
(23.000000	1.405400	0.155620)
(23.250000	1.414400	0.156940)
(23.500000	1.403700	0.161990)
(23.750000	1.394100	0.166910)
(24.000000	1.385700	0.171750)
(28.714286	1.252071	0.258489)
(33.428571	1.153897	0.354963)
(38.142857	1.072042	0.458608)
(42.857143	0.995739	0.566668)
(47.571429	0.918672	0.676277)
(52.285714	0.837192	0.784527)
(57.000000	0.749402	0.888555)
(61.714286	0.654652	0.985615)
(66.428571	0.553237	1.073152)
(71.142857	0.446183	1.148871)
(75.857143	0.335100	1.210802)
(80.571429	0.222054	1.257345)
(85.285714	0.109463	1.287322)
(90.000000	0.000000	1.300000)
(94.714286	-0.076624	1.287322)
(99.428571	-0.155438	1.257345)
(104.142857	-0.234570	1.210802)
(108.857143	-0.312328	1.148871)
(113.571429	-0.387266	1.073152)
(118.285714	-0.458257	0.985615)
(123.000000	-0.524581	0.888555)
(127.714286	-0.586035	0.784527)
(132.428571	-0.643071	0.676277)
(137.142857	-0.697017	0.566668)
(141.857143	-0.750430	0.458608)
(146.571429	-0.807728	0.354963)
(151.285714	-0.876450	0.258489)
(156.000000	-0.969990	0.171750)
(157.714286	-0.900705	0.143083)
(159.428571	-0.831420	0.116113)
(161.142857	-0.762135	0.090934)
(162.857143	-0.692850	0.067637)
(164.571429	-0.623565	0.046303)
(166.285714	-0.554280	0.027007)
(168.000000	-0.484995	0.009817)
(169.714286	-0.415710	0.001000)
(171.428571	-0.346425	0.001000)
(173.142857	-0.277140	0.001000)
(174.857143	-0.207855	0.001000)
(176.571429	-0.138570	0.001000)
(178.285714	-0.069285	0.001000)
(180.000000	0.000000	0.001000)
