// Re = 0.05
(-180.000000	0.000000	0.003736)
(-178.857143	0.062740	0.004252)
(-177.714286	0.125480	0.005801)
(-176.571429	0.188220	0.008379)
(-175.428571	0.250960	0.011982)
(-174.285714	0.313700	0.016605)
(-173.142857	0.376440	0.022241)
(-172.000000	0.439180	0.028880)
(-170.857143	0.501920	0.036511)
(-169.714286	0.564660	0.045123)
(-168.571429	0.627400	0.054702)
(-167.428571	0.690140	0.065233)
(-166.285714	0.752880	0.076699)
(-165.142857	0.815620	0.089081)
(-164.000000	0.878360	0.102360)
(-158.714286	0.762445	0.174799)
(-153.428571	0.703993	0.263457)
(-148.142857	0.667777	0.365322)
(-142.857143	0.638039	0.476932)
(-137.571429	0.606674	0.594492)
(-132.285714	0.569280	0.714007)
(-127.000000	0.523581	0.831413)
(-121.714286	0.468693	0.942717)
(-116.428571	0.404747	1.044136)
(-111.142857	0.332653	1.132217)
(-105.857143	0.253940	1.203963)
(-100.571429	0.170625	1.256930)
(-95.285714	0.085095	1.289312)
(-90.000000	0.000000	1.300000)
(-84.714286	-0.085095	1.289312)
(-79.428571	-0.170625	1.256930)
(-74.142857	-0.253940	1.203963)
(-68.857143	-0.332653	1.132217)
(-63.571429	-0.404747	1.044136)
(-58.285714	-0.468693	0.942717)
(-53.000000	-0.523581	0.831413)
(-47.714286	-0.569280	0.714007)
(-42.428571	-0.606674	0.594492)
(-37.142857	-0.638039	0.476932)
(-31.857143	-0.667777	0.365322)
(-26.571429	-0.703993	0.263457)
(-21.285714	-0.762445	0.174799)
(-16.000000	-0.878360	0.102360)
(-15.214286	-0.854863	0.099443)
(-14.428571	-0.831366	0.096526)
(-13.642857	-0.807869	0.093609)
(-12.857143	-0.784371	0.090691)
(-12.071429	-0.760874	0.087774)
(-11.285714	-0.737377	0.084857)
(-10.500000	-0.713880	0.081940)
(-9.714286	-0.690383	0.079023)
(-8.928571	-0.666886	0.076106)
(-8.142857	-0.643389	0.073189)
(-7.357143	-0.619891	0.070271)
(-6.571429	-0.596394	0.067354)
(-5.000000	-0.549400	0.061520)
(-4.750000	-0.524700	0.054350)
(-4.500000	-0.498000	0.049730)
(-4.250000	-0.473200	0.046720)
(-4.000000	-0.447700	0.044250)
(-3.750000	-0.421800	0.042230)
(-3.500000	-0.399200	0.040780)
(-3.250000	-0.374600	0.039520)
(-3.000000	-0.353100	0.038570)
(-2.750000	-0.331500	0.037780)
(-2.500000	-0.310000	0.037160)
(-2.250000	-0.289600	0.036650)
(-2.000000	-0.269500	0.036240)
(-1.750000	-0.247400	0.035830)
(-1.500000	-0.214700	0.034800)
(-1.250000	-0.187800	0.037440)
(-1.000000	-0.215000	0.036220)
(-0.750000	-0.215800	0.036850)
(-0.500000	-0.215500	0.037280)
(-0.250000	-0.216600	0.037470)
(0.000000	-0.220800	0.037340)
(0.250000	-0.221300	0.036810)
(0.500000	-0.191300	0.036310)
(0.750000	-0.167500	0.036740)
(1.000000	-0.139900	0.037490)
(1.250000	-0.110900	0.038440)
(1.500000	-0.081800	0.039530)
(1.750000	-0.053300	0.040700)
(2.000000	-0.025800	0.041950)
(2.250000	0.004200	0.043490)
(2.500000	0.043200	0.045790)
(2.750000	0.080700	0.048060)
(3.000000	0.113300	0.050020)
(3.250000	0.147200	0.052190)
(3.500000	0.175200	0.053980)
(3.750000	0.204800	0.055990)
(4.000000	0.232900	0.057970)
(4.250000	0.259000	0.059870)
(4.500000	0.282800	0.061690)
(4.750000	0.306100	0.063560)
(5.000000	0.334200	0.065830)
(5.250000	0.352000	0.067410)
(5.500000	0.380300	0.069850)
(5.750000	0.394800	0.071340)
(6.000000	0.420800	0.073700)
(6.250000	0.436000	0.075440)
(6.500000	0.457300	0.077560)
(6.750000	0.481100	0.080050)
(7.000000	0.492500	0.081650)
(7.250000	0.517200	0.084210)
(7.500000	0.528800	0.086090)
(7.750000	0.549200	0.088430)
(8.000000	0.564400	0.090700)
(8.250000	0.582400	0.092960)
(8.500000	0.595200	0.095200)
(8.750000	0.621600	0.098040)
(9.000000	0.627500	0.099860)
(9.250000	0.641200	0.102230)
(9.500000	0.658400	0.104710)
(9.750000	0.674000	0.107050)
(10.000000	0.689200	0.109160)
(10.250000	0.807100	0.100760)
(10.500000	0.828700	0.101690)
(10.750000	0.841500	0.103170)
(11.000000	0.857900	0.104350)
(11.250000	0.885600	0.104340)
(11.500000	0.904900	0.104860)
(11.750000	0.916600	0.106060)
(12.000000	0.951200	0.103990)
(12.250000	0.995000	0.099440)
(12.500000	1.270200	0.053960)
(12.750000	1.273200	0.055850)
(13.000000	1.277600	0.058120)
(13.250000	1.287900	0.060240)
(13.500000	1.297000	0.062700)
(13.750000	1.310700	0.065130)
(14.000000	1.330200	0.067570)
(14.250000	1.341300	0.070590)
(14.750000	1.336500	0.077960)
(15.000000	1.332700	0.081850)
(15.250000	1.313600	0.086570)
(15.500000	1.306300	0.090860)
(15.750000	1.280900	0.096370)
(16.000000	1.254800	0.102360)
(21.285714	1.089207	0.174799)
(26.571429	1.005704	0.263457)
(31.857143	0.953967	0.365322)
(37.142857	0.911484	0.476932)
(42.428571	0.866677	0.594492)
(47.714286	0.813257	0.714007)
(53.000000	0.747972	0.831413)
(58.285714	0.669561	0.942717)
(63.571429	0.578210	1.044136)
(68.857143	0.475218	1.132217)
(74.142857	0.362771	1.203963)
(79.428571	0.243749	1.256930)
(84.714286	0.121564	1.289312)
(90.000000	0.000000	1.300000)
(95.285714	-0.085095	1.289312)
(100.571429	-0.170625	1.256930)
(105.857143	-0.253940	1.203963)
(111.142857	-0.332653	1.132217)
(116.428571	-0.404747	1.044136)
(121.714286	-0.468693	0.942717)
(127.000000	-0.523581	0.831413)
(132.285714	-0.569280	0.714007)
(137.571429	-0.606674	0.594492)
(142.857143	-0.638039	0.476932)
(148.142857	-0.667777	0.365322)
(153.428571	-0.703993	0.263457)
(158.714286	-0.762445	0.174799)
(164.000000	-0.878360	0.102360)
(165.142857	-0.815620	0.089081)
(166.285714	-0.752880	0.076699)
(167.428571	-0.690140	0.065233)
(168.571429	-0.627400	0.054702)
(169.714286	-0.564660	0.045123)
(170.857143	-0.501920	0.036511)
(172.000000	-0.439180	0.028880)
(173.142857	-0.376440	0.022241)
(174.285714	-0.313700	0.016605)
(175.428571	-0.250960	0.011982)
(176.571429	-0.188220	0.008379)
(177.714286	-0.125480	0.005801)
(178.857143	-0.062740	0.004252)
(180.000000	0.000000	0.003736)
