// Re = 0.05
(-180.000000	0.000000	0.075786)
(-178.785714	0.051015	0.076353)
(-177.571429	0.102030	0.078052)
(-176.357143	0.153045	0.080881)
(-175.142857	0.204060	0.084834)
(-173.928571	0.255075	0.089904)
(-172.714286	0.306090	0.096081)
(-171.500000	0.357105	0.103355)
(-170.285714	0.408120	0.111712)
(-169.071429	0.459135	0.121137)
(-167.857143	0.510150	0.131611)
(-166.642857	0.561165	0.143117)
(-165.428571	0.612180	0.155633)
(-164.214286	0.663195	0.169135)
(-163.000000	0.714210	0.183600)
(-157.785714	0.651727	0.255980)
(-152.571429	0.623452	0.343115)
(-147.357143	0.606544	0.442055)
(-142.142857	0.590240	0.549444)
(-136.928571	0.568830	0.661637)
(-131.714286	0.539200	0.774816)
(-126.500000	0.499816	0.885121)
(-121.285714	0.450237	0.988774)
(-116.071429	0.390850	1.082209)
(-110.857143	0.322704	1.162190)
(-105.642857	0.247382	1.225917)
(-100.428571	0.166895	1.271124)
(-95.214286	0.083578	1.296150)
(-90.000000	0.000000	1.300000)
(-84.785714	-0.083578	1.296150)
(-79.571429	-0.166895	1.271124)
(-74.357143	-0.247382	1.225917)
(-69.142857	-0.322704	1.162190)
(-63.928571	-0.390850	1.082209)
(-58.714286	-0.450237	0.988774)
(-53.500000	-0.499816	0.885121)
(-48.285714	-0.539200	0.774816)
(-43.071429	-0.568830	0.661637)
(-37.857143	-0.590240	0.549444)
(-32.642857	-0.606544	0.442055)
(-27.428571	-0.623452	0.343115)
(-22.214286	-0.651727	0.255980)
(-17.000000	-0.714210	0.183600)
(-16.142857	-0.701295	0.174213)
(-15.285714	-0.688380	0.164826)
(-14.428571	-0.675465	0.155439)
(-13.571429	-0.662550	0.146051)
(-12.714286	-0.649635	0.136664)
(-11.857143	-0.636720	0.127277)
(-11.000000	-0.623805	0.117890)
(-10.142857	-0.610890	0.108503)
(-9.285714	-0.597975	0.099116)
(-8.428571	-0.585060	0.089729)
(-7.571429	-0.572145	0.080341)
(-6.714286	-0.559230	0.070954)
(-5.000000	-0.533400	0.052180)
(-4.750000	-0.508700	0.048850)
(-4.500000	-0.482100	0.046010)
(-4.250000	-0.454200	0.043660)
(-4.000000	-0.431200	0.042130)
(-3.750000	-0.405000	0.040670)
(-3.500000	-0.381900	0.039620)
(-3.250000	-0.359000	0.038740)
(-3.000000	-0.336200	0.038030)
(-2.750000	-0.314900	0.037460)
(-2.250000	-0.186800	0.036030)
(-2.000000	-0.184600	0.037800)
(-1.750000	-0.182400	0.039160)
(-1.500000	-0.179700	0.040210)
(-1.250000	-0.181300	0.040890)
(-1.000000	-0.183000	0.041430)
(-0.750000	-0.224000	0.039380)
(-0.500000	-0.226400	0.039630)
(-0.250000	-0.229900	0.039630)
(0.000000	-0.233500	0.039370)
(0.250000	-0.233600	0.038890)
(0.500000	-0.200900	0.038870)
(0.750000	-0.185500	0.038590)
(1.000000	-0.162600	0.039030)
(1.250000	-0.134700	0.039840)
(1.500000	-0.104500	0.040900)
(1.750000	-0.073400	0.042130)
(2.000000	-0.041600	0.043540)
(2.250000	0.004600	0.046020)
(2.500000	0.047000	0.048340)
(2.750000	0.086300	0.050540)
(3.000000	0.124600	0.052780)
(3.250000	0.157900	0.054780)
(3.500000	0.191200	0.056880)
(3.750000	0.223200	0.059000)
(4.000000	0.252600	0.061030)
(4.250000	0.279200	0.062960)
(4.500000	0.304400	0.064900)
(4.750000	0.335100	0.067280)
(5.000000	0.354300	0.068940)
(5.250000	0.384100	0.071430)
(5.500000	0.399800	0.072990)
(5.750000	0.426500	0.075370)
(6.000000	0.444600	0.077310)
(6.250000	0.464400	0.079330)
(6.500000	0.490800	0.081910)
(6.750000	0.503300	0.083680)
(7.000000	0.523000	0.085880)
(7.250000	0.549300	0.088670)
(7.500000	0.557000	0.090360)
(7.750000	0.577700	0.092800)
(8.000000	0.596800	0.095390)
(8.250000	0.607200	0.097360)
(8.500000	0.633800	0.100410)
(8.750000	0.637700	0.102200)
(9.000000	0.662100	0.105160)
(9.250000	0.669700	0.107180)
(9.500000	0.683000	0.109680)
(9.750000	0.702000	0.112310)
(10.000000	0.718400	0.114740)
(10.250000	0.821800	0.107000)
(10.500000	0.835700	0.108460)
(10.750000	0.857200	0.109480)
(11.000000	0.890900	0.109330)
(11.250000	0.900400	0.111030)
(11.500000	0.914100	0.112320)
(11.750000	0.948400	0.111130)
(12.000000	0.958400	0.112450)
(12.250000	1.000400	0.109030)
(12.500000	1.005100	0.110760)
(12.750000	1.055300	0.104600)
(13.000000	1.334800	0.058780)
(13.250000	1.340400	0.060830)
(13.500000	1.342400	0.063450)
(13.750000	1.347400	0.065960)
(14.000000	1.354900	0.068460)
(14.250000	1.366900	0.070890)
(14.750000	1.379500	0.077130)
(15.000000	1.375900	0.080970)
(15.250000	1.386900	0.084170)
(15.500000	1.363600	0.089260)
(15.750000	1.358900	0.093450)
(16.000000	1.333200	0.099190)
(16.250000	1.306300	0.105470)
(16.500000	1.279000	0.112330)
(17.000000	1.020300	0.183600)
(22.214286	0.931038	0.255980)
(27.428571	0.890645	0.343115)
(32.642857	0.866492	0.442055)
(37.857143	0.843201	0.549444)
(43.071429	0.812614	0.661637)
(48.285714	0.770286	0.774816)
(53.500000	0.714023	0.885121)
(58.714286	0.643195	0.988774)
(63.928571	0.558357	1.082209)
(69.142857	0.461006	1.162190)
(74.357143	0.353403	1.225917)
(79.571429	0.238421	1.271124)
(84.785714	0.119398	1.296150)
(90.000000	0.000000	1.300000)
(95.214286	-0.083578	1.296150)
(100.428571	-0.166895	1.271124)
(105.642857	-0.247382	1.225917)
(110.857143	-0.322704	1.162190)
(116.071429	-0.390850	1.082209)
(121.285714	-0.450237	0.988774)
(126.500000	-0.499816	0.885121)
(131.714286	-0.539200	0.774816)
(136.928571	-0.568830	0.661637)
(142.142857	-0.590240	0.549444)
(147.357143	-0.606544	0.442055)
(152.571429	-0.623452	0.343115)
(157.785714	-0.651727	0.255980)
(163.000000	-0.714210	0.183600)
(164.214286	-0.663195	0.169135)
(165.428571	-0.612180	0.155633)
(166.642857	-0.561165	0.143117)
(167.857143	-0.510150	0.131611)
(169.071429	-0.459135	0.121137)
(170.285714	-0.408120	0.111712)
(171.500000	-0.357105	0.103355)
(172.714286	-0.306090	0.096081)
(173.928571	-0.255075	0.089904)
(175.142857	-0.204060	0.084834)
(176.357143	-0.153045	0.080881)
(177.571429	-0.102030	0.078052)
(178.785714	-0.051015	0.076353)
(180.000000	0.000000	0.075786)
