// Re = 0.07
(-180.000000	0.000000	0.018621)
(-178.589286	0.058745	0.019404)
(-177.178571	0.117490	0.021749)
(-175.767857	0.176235	0.025651)
(-174.357143	0.234980	0.031100)
(-172.946429	0.293725	0.038083)
(-171.535714	0.352470	0.046584)
(-170.125000	0.411215	0.056581)
(-168.714286	0.469960	0.068050)
(-167.303571	0.528705	0.080963)
(-165.892857	0.587450	0.095289)
(-164.482143	0.646195	0.110993)
(-163.071429	0.704940	0.128035)
(-161.660714	0.763685	0.146376)
(-160.250000	0.822430	0.165970)
(-155.232143	0.746331	0.245075)
(-150.214286	0.700641	0.336960)
(-145.196429	0.666674	0.438794)
(-140.178571	0.634883	0.547443)
(-135.160714	0.599985	0.659558)
(-130.142857	0.559030	0.771683)
(-125.125000	0.510533	0.880360)
(-120.107143	0.454031	0.982233)
(-115.089286	0.389828	1.074154)
(-110.071429	0.318834	1.153276)
(-105.053571	0.242440	1.217144)
(-100.035714	0.162423	1.263768)
(-95.017857	0.080851	1.291683)
(-90.000000	0.000000	1.300000)
(-84.982143	-0.080851	1.291683)
(-79.964286	-0.162423	1.263768)
(-74.946429	-0.242440	1.217144)
(-69.928571	-0.318834	1.153276)
(-64.910714	-0.389828	1.074154)
(-59.892857	-0.454031	0.982233)
(-54.875000	-0.510533	0.880360)
(-49.857143	-0.559030	0.771683)
(-44.839286	-0.599985	0.659558)
(-39.821429	-0.634883	0.547443)
(-34.803571	-0.666674	0.438794)
(-29.785714	-0.700641	0.336960)
(-24.767857	-0.746331	0.245075)
(-19.750000	-0.822430	0.165970)
(-18.696429	-0.788435	0.156817)
(-17.642857	-0.754440	0.147664)
(-16.589286	-0.720445	0.138511)
(-15.535714	-0.686450	0.129359)
(-14.482143	-0.652455	0.120206)
(-13.428571	-0.618460	0.111053)
(-12.375000	-0.584465	0.101900)
(-11.321429	-0.550470	0.092747)
(-10.267857	-0.516475	0.083594)
(-9.214286	-0.482480	0.074441)
(-8.160714	-0.448485	0.065289)
(-7.107143	-0.414490	0.056136)
(-5.000000	-0.346500	0.037830)
(-4.750000	-0.321100	0.037240)
(-4.500000	-0.289800	0.036510)
(-4.250000	-0.264300	0.035640)
(-4.000000	-0.236500	0.034800)
(-3.750000	-0.214000	0.036260)
(-3.500000	-0.199500	0.037730)
(-3.250000	-0.188100	0.039030)
(-3.000000	-0.172400	0.040440)
(-2.750000	-0.162800	0.041560)
(-2.500000	-0.154300	0.042690)
(-2.250000	-0.138600	0.043650)
(-2.000000	-0.130400	0.044470)
(-1.750000	-0.114000	0.045320)
(-1.500000	-0.108300	0.046070)
(-1.250000	-0.095600	0.046850)
(-1.000000	-0.092000	0.047520)
(-0.750000	-0.075400	0.048060)
(-0.500000	-0.065000	0.048570)
(-0.250000	-0.054300	0.049080)
(0.000000	-0.029300	0.049540)
(0.250000	-0.023000	0.050110)
(0.500000	-0.005200	0.050630)
(0.750000	0.013500	0.051210)
(1.000000	0.024400	0.051930)
(1.250000	0.038600	0.052720)
(1.500000	0.050600	0.053630)
(1.750000	0.063500	0.054680)
(2.750000	0.070300	0.059730)
(3.000000	0.097500	0.060920)
(3.250000	0.108500	0.061340)
(3.500000	0.121200	0.061960)
(3.750000	0.139500	0.062840)
(4.000000	0.169600	0.064190)
(4.250000	0.199300	0.065440)
(4.500000	0.228900	0.067080)
(4.750000	0.254500	0.068690)
(5.250000	0.307000	0.072350)
(5.500000	0.333700	0.074340)
(5.750000	0.360800	0.076420)
(6.000000	0.388900	0.078580)
(6.250000	0.417700	0.080810)
(6.500000	0.444900	0.083000)
(6.750000	0.469800	0.085150)
(7.000000	0.492200	0.087250)
(7.250000	0.512300	0.089330)
(7.500000	0.530100	0.091400)
(7.750000	0.545700	0.093460)
(8.000000	0.559100	0.095500)
(8.250000	0.571700	0.097520)
(8.500000	0.586800	0.099560)
(8.750000	0.606100	0.101650)
(9.000000	0.637200	0.103850)
(9.250000	0.641000	0.105960)
(9.500000	0.741400	0.098290)
(9.750000	0.752200	0.100080)
(10.000000	0.792100	0.099960)
(10.250000	0.791000	0.102540)
(10.500000	0.820500	0.102900)
(10.750000	0.829300	0.104780)
(11.000000	0.853300	0.105330)
(11.250000	0.867000	0.106730)
(11.500000	0.887900	0.107340)
(11.750000	0.903300	0.108440)
(12.000000	0.923100	0.108980)
(12.500000	0.958400	0.110240)
(13.000000	0.994300	0.111050)
(13.500000	1.034100	0.110760)
(14.000000	1.111300	0.102590)
(14.250000	1.376400	0.063510)
(14.500000	1.381000	0.064770)
(14.750000	1.382700	0.066570)
(15.000000	1.382900	0.068680)
(15.250000	1.381700	0.071060)
(15.500000	1.380100	0.073540)
(15.750000	1.371300	0.077100)
(16.000000	1.370300	0.079670)
(16.250000	1.364000	0.083120)
(16.500000	1.361700	0.086150)
(16.750000	1.366700	0.088290)
(17.000000	1.365300	0.091380)
(17.250000	1.365600	0.094330)
(17.500000	1.367500	0.097130)
(17.750000	1.371500	0.099760)
(18.000000	1.379400	0.101970)
(18.250000	1.376200	0.105700)
(18.500000	1.374700	0.109250)
(18.750000	1.373000	0.112940)
(19.000000	1.371600	0.116590)
(19.250000	1.351500	0.122970)
(19.500000	1.141000	0.171330)
(19.750000	1.174900	0.165970)
(24.767857	1.066187	0.245075)
(29.785714	1.000916	0.336960)
(34.803571	0.952391	0.438794)
(39.821429	0.906976	0.547443)
(44.839286	0.857121	0.659558)
(49.857143	0.798614	0.771683)
(54.875000	0.729333	0.880360)
(59.892857	0.648616	0.982233)
(64.910714	0.556898	1.074154)
(69.928571	0.455477	1.153276)
(74.946429	0.346343	1.217144)
(79.964286	0.232032	1.263768)
(84.982143	0.115501	1.291683)
(90.000000	0.000000	1.300000)
(95.017857	-0.080851	1.291683)
(100.035714	-0.162423	1.263768)
(105.053571	-0.242440	1.217144)
(110.071429	-0.318834	1.153276)
(115.089286	-0.389828	1.074154)
(120.107143	-0.454031	0.982233)
(125.125000	-0.510533	0.880360)
(130.142857	-0.559030	0.771683)
(135.160714	-0.599985	0.659558)
(140.178571	-0.634883	0.547443)
(145.196429	-0.666674	0.438794)
(150.214286	-0.700641	0.336960)
(155.232143	-0.746331	0.245075)
(160.250000	-0.822430	0.165970)
(161.660714	-0.763685	0.146376)
(163.071429	-0.704940	0.128035)
(164.482143	-0.646195	0.110993)
(165.892857	-0.587450	0.095289)
(167.303571	-0.528705	0.080963)
(168.714286	-0.469960	0.068050)
(170.125000	-0.411215	0.056581)
(171.535714	-0.352470	0.046584)
(172.946429	-0.293725	0.038083)
(174.357143	-0.234980	0.031100)
(175.767857	-0.176235	0.025651)
(177.178571	-0.117490	0.021749)
(178.589286	-0.058745	0.019404)
(180.000000	0.000000	0.018621)
