// Re = 0.07
(-180.000000	0.000000	0.051700)
(-178.017857	0.039750	0.053225)
(-176.035714	0.079500	0.057790)
(-174.053571	0.119250	0.065374)
(-172.071429	0.159000	0.075941)
(-170.089286	0.198750	0.089439)
(-168.107143	0.238500	0.105801)
(-166.125000	0.278250	0.124950)
(-164.142857	0.318000	0.146791)
(-162.160714	0.357750	0.171218)
(-160.178571	0.397500	0.198114)
(-158.196429	0.437250	0.227346)
(-156.214286	0.477000	0.258773)
(-154.232143	0.516750	0.292242)
(-152.250000	0.556500	0.327590)
(-147.803571	0.555344	0.412821)
(-143.357143	0.552186	0.504543)
(-138.910714	0.544038	0.600510)
(-134.464286	0.529111	0.698368)
(-130.017857	0.506401	0.795717)
(-125.571429	0.475475	0.890161)
(-121.125000	0.436353	0.979374)
(-116.678571	0.389425	1.061149)
(-112.232143	0.335401	1.133458)
(-107.785714	0.275256	1.194496)
(-103.339286	0.210192	1.242729)
(-98.892857	0.141594	1.276926)
(-94.446429	0.070988	1.296195)
(-90.000000	0.000000	1.300000)
(-85.553571	-0.070988	1.296195)
(-81.107143	-0.141594	1.276926)
(-76.660714	-0.210192	1.242729)
(-72.214286	-0.275256	1.194496)
(-67.767857	-0.335401	1.133458)
(-63.321429	-0.389425	1.061149)
(-58.875000	-0.436353	0.979374)
(-54.428571	-0.475475	0.890161)
(-49.982143	-0.506401	0.795717)
(-45.535714	-0.529111	0.698368)
(-41.089286	-0.544038	0.600510)
(-36.642857	-0.552186	0.504543)
(-32.196429	-0.555344	0.412821)
(-27.750000	-0.556500	0.327590)
(-26.125000	-0.540536	0.310201)
(-24.500000	-0.524571	0.292813)
(-22.875000	-0.508607	0.275424)
(-21.250000	-0.492643	0.258036)
(-19.625000	-0.476679	0.240647)
(-18.000000	-0.460714	0.223259)
(-16.375000	-0.444750	0.205870)
(-14.750000	-0.428786	0.188481)
(-13.125000	-0.412821	0.171093)
(-11.500000	-0.396857	0.153704)
(-9.875000	-0.380893	0.136316)
(-8.250000	-0.364929	0.118927)
(-5.000000	-0.333000	0.084150)
(-4.750000	-0.356000	0.084290)
(-4.500000	-0.378700	0.084560)
(-3.500000	-0.557900	0.080900)
(-3.000000	-0.526000	0.082640)
(-2.750000	-0.514300	0.083100)
(-2.500000	-0.491200	0.084100)
(-2.250000	-0.486900	0.083710)
(-2.000000	-0.475900	0.083780)
(-1.750000	-0.456500	0.084110)
(-1.500000	-0.451700	0.083560)
(-1.250000	-0.435500	0.083690)
(-1.000000	-0.421400	0.083400)
(-0.750000	-0.412600	0.082780)
(-0.500000	-0.386200	0.083400)
(-0.250000	-0.381700	0.083140)
(0.000000	-0.366900	0.082940)
(0.250000	-0.340700	0.083040)
(0.500000	-0.334600	0.083060)
(0.750000	-0.306300	0.083630)
(1.000000	-0.294200	0.083500)
(1.250000	-0.278400	0.083640)
(1.500000	-0.248300	0.084410)
(1.750000	-0.238300	0.084430)
(2.000000	-0.211700	0.085240)
(2.250000	-0.193900	0.085690)
(2.500000	-0.176000	0.086160)
(2.750000	-0.146800	0.087420)
(3.000000	-0.132000	0.087740)
(3.250000	-0.114200	0.088590)
(3.500000	-0.085200	0.089780)
(3.750000	-0.072800	0.090370)
(4.000000	-0.043700	0.091920)
(4.250000	-0.027200	0.092670)
(4.500000	-0.011600	0.093630)
(5.000000	0.032600	0.096180)
(5.250000	0.048500	0.097350)
(5.500000	0.080700	0.099280)
(5.750000	0.090100	0.100080)
(6.000000	0.108100	0.101530)
(6.250000	0.135600	0.103370)
(6.500000	0.150600	0.104630)
(6.750000	0.161900	0.105860)
(7.000000	0.193300	0.108070)
(7.250000	0.203200	0.109160)
(7.500000	0.215700	0.110570)
(7.750000	0.241400	0.112740)
(8.000000	0.256900	0.114130)
(8.250000	0.268200	0.115580)
(8.500000	0.285700	0.117480)
(8.750000	0.311200	0.119560)
(9.000000	0.319300	0.120820)
(9.250000	0.331900	0.122520)
(9.500000	0.350700	0.124570)
(9.750000	0.372200	0.126550)
(10.000000	0.380700	0.127990)
(10.250000	0.391800	0.129710)
(10.500000	0.411800	0.131860)
(10.750000	0.428300	0.133640)
(11.000000	0.435900	0.135140)
(11.250000	0.445400	0.136790)
(11.500000	0.463200	0.138810)
(11.750000	0.476000	0.140320)
(12.000000	0.481700	0.141650)
(12.250000	0.489500	0.143060)
(12.500000	0.503500	0.144340)
(12.750000	0.529700	0.146430)
(13.000000	0.557200	0.149450)
(13.250000	0.576400	0.152050)
(13.500000	0.595800	0.154740)
(13.750000	0.615400	0.157470)
(14.000000	0.634800	0.160240)
(14.250000	0.654000	0.163020)
(14.750000	0.690900	0.168590)
(15.000000	0.708400	0.171370)
(15.250000	0.725300	0.174140)
(15.500000	0.741700	0.176890)
(15.750000	0.757900	0.179650)
(16.000000	0.774500	0.182420)
(16.250000	0.792600	0.185250)
(16.500000	0.812000	0.188060)
(16.750000	0.823600	0.190490)
(17.250000	0.842700	0.195460)
(17.500000	0.854000	0.198070)
(17.750000	0.867800	0.200730)
(18.000000	0.885200	0.203510)
(18.250000	0.898000	0.205950)
(18.500000	0.904900	0.208230)
(19.000000	0.923000	0.213230)
(19.250000	0.935100	0.215810)
(19.500000	0.950800	0.218570)
(19.750000	0.963100	0.221000)
(20.000000	0.968900	0.223240)
(20.250000	0.976000	0.225670)
(20.500000	0.984700	0.228210)
(20.750000	0.995600	0.230770)
(21.000000	1.010200	0.233520)
(21.250000	1.021700	0.235980)
(21.500000	1.026900	0.238190)
(21.750000	1.033400	0.240600)
(22.000000	1.041300	0.243100)
(22.250000	1.050200	0.245610)
(22.500000	1.060100	0.248140)
(22.750000	1.070500	0.250660)
(23.000000	1.080400	0.253140)
(23.250000	1.088900	0.255540)
(23.500000	1.096500	0.257930)
(23.750000	1.103700	0.260280)
(24.000000	1.111200	0.262670)
(24.250000	1.119100	0.265180)
(24.500000	1.127100	0.267680)
(24.750000	1.135100	0.270220)
(25.000000	1.144000	0.272790)
(25.250000	1.155200	0.275410)
(25.500000	1.162400	0.277820)
(25.750000	1.165600	0.280310)
(26.000000	1.172200	0.282900)
(26.250000	1.186200	0.285670)
(26.500000	0.779900	0.308550)
(27.000000	0.786300	0.315990)
(27.250000	0.790200	0.319810)
(27.500000	0.793600	0.323440)
(27.750000	0.795000	0.327590)
(32.196429	0.793349	0.412821)
(36.642857	0.788837	0.504543)
(41.089286	0.777196	0.600510)
(45.535714	0.755873	0.698368)
(49.982143	0.723429	0.795717)
(54.428571	0.679250	0.890161)
(58.875000	0.623361	0.979374)
(63.321429	0.556322	1.061149)
(67.767857	0.479144	1.133458)
(72.214286	0.393223	1.194496)
(76.660714	0.300274	1.242729)
(81.107143	0.202277	1.276926)
(85.553571	0.101411	1.296195)
(90.000000	0.000000	1.300000)
(94.446429	-0.070988	1.296195)
(98.892857	-0.141594	1.276926)
(103.339286	-0.210192	1.242729)
(107.785714	-0.275256	1.194496)
(112.232143	-0.335401	1.133458)
(116.678571	-0.389425	1.061149)
(121.125000	-0.436353	0.979374)
(125.571429	-0.475475	0.890161)
(130.017857	-0.506401	0.795717)
(134.464286	-0.529111	0.698368)
(138.910714	-0.544038	0.600510)
(143.357143	-0.552186	0.504543)
(147.803571	-0.555344	0.412821)
(152.250000	-0.556500	0.327590)
(154.232143	-0.516750	0.292242)
(156.214286	-0.477000	0.258773)
(158.196429	-0.437250	0.227346)
(160.178571	-0.397500	0.198114)
(162.160714	-0.357750	0.171218)
(164.142857	-0.318000	0.146791)
(166.125000	-0.278250	0.124950)
(168.107143	-0.238500	0.105801)
(170.089286	-0.198750	0.089439)
(172.071429	-0.159000	0.075941)
(174.053571	-0.119250	0.065374)
(176.035714	-0.079500	0.057790)
(178.017857	-0.039750	0.053225)
(180.000000	0.000000	0.051700)
