// Re = 0.06
(-180.000000	0.000000	0.014455)
(-177.875000	0.065600	0.016233)
(-175.750000	0.131200	0.021555)
(-173.625000	0.196800	0.030393)
(-171.500000	0.262400	0.042698)
(-169.375000	0.328000	0.058402)
(-167.250000	0.393600	0.077418)
(-165.125000	0.459200	0.099641)
(-163.000000	0.524800	0.124949)
(-160.875000	0.590400	0.153201)
(-158.750000	0.656000	0.184242)
(-156.625000	0.721600	0.217900)
(-154.500000	0.787200	0.253989)
(-152.375000	0.852800	0.292309)
(-150.250000	0.918400	0.332650)
(-145.946429	0.846955	0.419609)
(-141.642857	0.786172	0.511961)
(-137.339286	0.730005	0.607612)
(-133.035714	0.674725	0.704398)
(-128.732143	0.618046	0.800126)
(-124.428571	0.558656	0.892624)
(-120.125000	0.495943	0.979796)
(-115.821429	0.429823	1.059661)
(-111.517857	0.360627	1.130406)
(-107.214286	0.289019	1.190419)
(-102.910714	0.215930	1.238331)
(-98.607143	0.142505	1.273046)
(-94.303571	0.070051	1.293764)
(-90.000000	0.000000	1.300000)
(-85.696429	-0.070051	1.293764)
(-81.392857	-0.142505	1.273046)
(-77.089286	-0.215930	1.238331)
(-72.785714	-0.289019	1.190419)
(-68.482143	-0.360627	1.130406)
(-64.178571	-0.429823	1.059661)
(-59.875000	-0.495943	0.979796)
(-55.571429	-0.558656	0.892624)
(-51.267857	-0.618046	0.800126)
(-46.964286	-0.674725	0.704398)
(-42.660714	-0.730005	0.607612)
(-38.357143	-0.786172	0.511961)
(-34.053571	-0.846955	0.419609)
(-29.750000	-0.918400	0.332650)
(-27.982143	-0.884314	0.312279)
(-26.214286	-0.850229	0.291907)
(-24.446429	-0.816143	0.271536)
(-22.678571	-0.782057	0.251164)
(-20.910714	-0.747971	0.230793)
(-19.142857	-0.713886	0.210421)
(-17.375000	-0.679800	0.190050)
(-15.607143	-0.645714	0.169679)
(-13.839286	-0.611629	0.149307)
(-12.071429	-0.577543	0.128936)
(-10.303571	-0.543457	0.108564)
(-8.535714	-0.509371	0.088193)
(-5.000000	-0.441200	0.047450)
(-4.750000	-0.430000	0.049640)
(-4.500000	-0.422200	0.051460)
(-4.250000	-0.410700	0.053870)
(-4.000000	-0.401300	0.055470)
(-3.750000	-0.397000	0.057040)
(-3.500000	-0.387200	0.058030)
(-2.750000	-0.481000	0.056440)
(-2.500000	-0.464000	0.058210)
(-2.250000	-0.447000	0.059360)
(-2.000000	-0.425100	0.060570)
(-1.750000	-0.412100	0.061460)
(-1.500000	-0.391700	0.062320)
(-1.250000	-0.378400	0.063320)
(-1.000000	-0.361700	0.064090)
(-0.750000	-0.338300	0.064620)
(-0.500000	-0.318800	0.065080)
(-0.250000	-0.298600	0.065510)
(0.000000	-0.278400	0.065940)
(0.250000	-0.257600	0.066430)
(0.500000	-0.235700	0.067080)
(0.750000	-0.208000	0.068130)
(1.000000	-0.191300	0.068420)
(1.250000	-0.175100	0.068820)
(1.500000	-0.155000	0.069490)
(1.750000	-0.123700	0.070830)
(2.000000	-0.107100	0.071160)
(2.250000	-0.087300	0.071850)
(2.500000	-0.059000	0.073170)
(2.750000	-0.036600	0.074050)
(3.000000	-0.021900	0.074620)
(3.250000	0.000200	0.075760)
(3.500000	0.028400	0.077170)
(3.750000	0.043000	0.077860)
(4.000000	0.062400	0.079020)
(4.250000	0.092500	0.080750)
(4.500000	0.104800	0.081430)
(4.750000	0.120700	0.082540)
(5.000000	0.152000	0.084550)
(5.250000	0.162400	0.085210)
(5.500000	0.175700	0.086280)
(5.750000	0.198500	0.087960)
(6.000000	0.215700	0.089100)
(6.250000	0.225500	0.089980)
(6.750000	0.269400	0.093250)
(7.000000	0.283800	0.094180)
(7.250000	0.301800	0.095740)
(7.500000	0.323200	0.097910)
(7.750000	0.346400	0.100320)
(8.000000	0.372500	0.102970)
(8.250000	0.406100	0.106130)
(8.500000	0.431800	0.108740)
(8.750000	0.451200	0.111070)
(9.000000	0.470900	0.113520)
(9.250000	0.490800	0.116040)
(9.500000	0.510700	0.118640)
(9.750000	0.530600	0.121260)
(10.000000	0.550200	0.123910)
(10.250000	0.569500	0.126560)
(10.500000	0.588500	0.129230)
(10.750000	0.607300	0.131910)
(11.000000	0.626100	0.134610)
(11.250000	0.645000	0.137340)
(11.500000	0.664300	0.140160)
(11.750000	0.677500	0.142720)
(12.000000	0.686300	0.144990)
(12.250000	0.697600	0.147380)
(12.500000	0.711400	0.149890)
(13.000000	0.743500	0.155160)
(13.250000	0.762300	0.158050)
(13.500000	0.770000	0.160500)
(13.750000	0.777600	0.162920)
(14.000000	0.787200	0.165370)
(14.250000	0.798800	0.167940)
(14.500000	0.811900	0.170560)
(14.750000	0.826300	0.173280)
(15.250000	0.851300	0.178850)
(15.500000	0.859700	0.181520)
(15.750000	0.868200	0.184200)
(16.000000	0.876900	0.186880)
(16.250000	0.885600	0.189580)
(16.500000	0.894500	0.192300)
(16.750000	0.903500	0.195000)
(17.000000	0.912500	0.197720)
(17.250000	0.921500	0.200450)
(17.500000	0.930400	0.203240)
(17.750000	0.939400	0.206000)
(18.000000	0.948300	0.208770)
(18.250000	0.957200	0.211550)
(18.500000	0.966200	0.214320)
(18.750000	0.975400	0.217090)
(19.000000	0.985000	0.219890)
(19.250000	0.996000	0.222750)
(19.500000	1.010500	0.226010)
(19.750000	1.014600	0.228530)
(20.000000	1.019500	0.231040)
(20.250000	1.030600	0.233750)
(20.500000	1.040900	0.236770)
(20.750000	1.045400	0.239240)
(21.000000	1.061100	0.242410)
(21.250000	1.065400	0.245160)
(21.500000	1.070800	0.247910)
(21.750000	1.078000	0.250730)
(22.000000	1.085800	0.253640)
(22.250000	1.093700	0.256570)
(22.500000	1.102200	0.259510)
(22.750000	1.112300	0.262620)
(23.000000	1.122100	0.265580)
(23.250000	1.125600	0.268000)
(23.500000	1.131800	0.270760)
(23.750000	1.141000	0.273630)
(24.000000	1.151200	0.276570)
(24.250000	1.155200	0.278930)
(24.500000	1.162400	0.281610)
(24.750000	1.174600	0.284770)
(25.000000	1.177900	0.286910)
(25.250000	1.184700	0.289490)
(25.500000	1.196100	0.292520)
(25.750000	1.199800	0.294580)
(26.000000	1.207100	0.297140)
(26.250000	1.216500	0.299820)
(26.500000	1.221200	0.302110)
(26.750000	1.230000	0.304680)
(27.000000	1.236500	0.307050)
(27.250000	1.242700	0.309330)
(27.500000	1.252200	0.312040)
(27.750000	1.256700	0.314100)
(28.000000	1.264900	0.316560)
(28.250000	1.271000	0.318820)
(28.500000	1.277500	0.321080)
(28.750000	1.285200	0.323480)
(29.000000	1.290600	0.325580)
(29.250000	1.299500	0.328160)
(29.500000	1.303800	0.330020)
(29.750000	1.312000	0.332650)
(34.053571	1.209935	0.419609)
(38.357143	1.123103	0.511961)
(42.660714	1.042865	0.607612)
(46.964286	0.963892	0.704398)
(51.267857	0.882922	0.800126)
(55.571429	0.798080	0.892624)
(59.875000	0.708490	0.979796)
(64.178571	0.614033	1.059661)
(68.482143	0.515181	1.130406)
(72.785714	0.412884	1.190419)
(77.089286	0.308472	1.238331)
(81.392857	0.203578	1.273046)
(85.696429	0.100073	1.293764)
(90.000000	0.000000	1.300000)
(94.303571	-0.070051	1.293764)
(98.607143	-0.142505	1.273046)
(102.910714	-0.215930	1.238331)
(107.214286	-0.289019	1.190419)
(111.517857	-0.360627	1.130406)
(115.821429	-0.429823	1.059661)
(120.125000	-0.495943	0.979796)
(124.428571	-0.558656	0.892624)
(128.732143	-0.618046	0.800126)
(133.035714	-0.674725	0.704398)
(137.339286	-0.730005	0.607612)
(141.642857	-0.786172	0.511961)
(145.946429	-0.846955	0.419609)
(150.250000	-0.918400	0.332650)
(152.375000	-0.852800	0.292309)
(154.500000	-0.787200	0.253989)
(156.625000	-0.721600	0.217900)
(158.750000	-0.656000	0.184242)
(160.875000	-0.590400	0.153201)
(163.000000	-0.524800	0.124949)
(165.125000	-0.459200	0.099641)
(167.250000	-0.393600	0.077418)
(169.375000	-0.328000	0.058402)
(171.500000	-0.262400	0.042698)
(173.625000	-0.196800	0.030393)
(175.750000	-0.131200	0.021555)
(177.875000	-0.065600	0.016233)
(180.000000	0.000000	0.014455)
