// Re = 0.14
(-180.000000	0.000000	0.001000)
(-178.321429	0.067030	0.001000)
(-176.642857	0.134060	0.001000)
(-174.964286	0.201090	0.001000)
(-173.285714	0.268120	0.002402)
(-171.607143	0.335150	0.012387)
(-169.928571	0.402180	0.024520)
(-168.250000	0.469210	0.038761)
(-166.571429	0.536240	0.055060)
(-164.892857	0.603270	0.073363)
(-163.214286	0.670300	0.093607)
(-161.535714	0.737330	0.115722)
(-159.857143	0.804360	0.139633)
(-158.178571	0.871390	0.165258)
(-156.500000	0.938420	0.192510)
(-151.750000	0.850198	0.277610)
(-147.000000	0.786517	0.372643)
(-142.250000	0.733755	0.475017)
(-137.500000	0.684319	0.581940)
(-132.750000	0.633786	0.690494)
(-128.000000	0.579612	0.797722)
(-123.250000	0.520491	0.900702)
(-118.500000	0.455992	0.996632)
(-113.750000	0.386350	1.082901)
(-109.000000	0.312318	1.157169)
(-104.250000	0.235059	1.217422)
(-99.500000	0.156065	1.262033)
(-94.750000	0.077073	1.289804)
(-90.000000	0.000000	1.300000)
(-85.250000	-0.077073	1.289804)
(-80.500000	-0.156065	1.262033)
(-75.750000	-0.235059	1.217422)
(-71.000000	-0.312318	1.157169)
(-66.250000	-0.386350	1.082901)
(-61.500000	-0.455992	0.996632)
(-56.750000	-0.520491	0.900702)
(-52.000000	-0.579612	0.797722)
(-47.250000	-0.633786	0.690494)
(-42.500000	-0.684319	0.581940)
(-37.750000	-0.733755	0.475017)
(-33.000000	-0.786517	0.372643)
(-28.250000	-0.850198	0.277610)
(-23.500000	-0.938420	0.192510)
(-22.178571	-0.874376	0.180112)
(-20.857143	-0.810331	0.167714)
(-19.535714	-0.746287	0.155316)
(-18.214286	-0.682243	0.142919)
(-16.892857	-0.618199	0.130521)
(-15.571429	-0.554154	0.118123)
(-14.250000	-0.490110	0.105725)
(-12.928571	-0.426066	0.093327)
(-11.607143	-0.362021	0.080929)
(-10.285714	-0.297977	0.068531)
(-8.964286	-0.233933	0.056134)
(-7.642857	-0.169889	0.043736)
(-5.000000	-0.041800	0.018940)
(-4.750000	-0.011800	0.019140)
(-4.500000	0.013100	0.019500)
(-4.250000	0.044600	0.019720)
(-4.000000	0.066400	0.020190)
(-3.750000	0.098200	0.020430)
(-3.500000	0.118100	0.020950)
(-3.000000	0.169500	0.021500)
(-2.750000	0.195900	0.021760)
(-2.500000	0.219100	0.022110)
(-2.250000	0.243200	0.022380)
(-2.000000	0.270600	0.022420)
(-1.750000	0.293200	0.022650)
(-1.500000	0.320000	0.022720)
(-1.250000	0.344300	0.022820)
(-1.000000	0.372500	0.022810)
(-0.750000	0.395300	0.022950)
(-0.500000	0.426600	0.022820)
(-0.250000	0.447800	0.023030)
(0.000000	0.478000	0.022940)
(0.250000	0.501200	0.023110)
(0.500000	0.529400	0.023100)
(0.750000	0.556500	0.023180)
(1.000000	0.580700	0.023300)
(1.250000	0.611100	0.023280)
(1.500000	0.632000	0.023540)
(1.750000	0.667400	0.023320)
(2.000000	0.685400	0.023820)
(2.250000	0.717200	0.023640)
(2.500000	0.733200	0.024200)
(2.750000	0.769400	0.024000)
(3.000000	0.781500	0.024630)
(3.250000	0.815900	0.024430)
(3.500000	0.830900	0.025080)
(3.750000	0.865500	0.024890)
(4.000000	0.877200	0.025590)
(4.250000	0.911000	0.025370)
(4.500000	0.923100	0.026110)
(4.750000	0.957800	0.025850)
(5.000000	0.968600	0.026630)
(5.250000	1.003700	0.026290)
(5.500000	1.012700	0.027100)
(5.750000	1.049500	0.026640)
(6.000000	1.058500	0.027460)
(6.250000	1.096200	0.026850)
(6.500000	1.102500	0.027630)
(7.000000	1.145800	0.027630)
(7.500000	1.186500	0.027430)
(7.750000	1.186100	0.028010)
(8.250000	1.269900	0.027360)
(8.500000	1.304600	0.027160)
(8.750000	1.342000	0.026670)
(9.000000	1.373500	0.026550)
(9.250000	1.401000	0.026660)
(9.500000	1.427400	0.026760)
(9.750000	1.451500	0.026840)
(10.000000	1.473500	0.026890)
(10.250000	1.495100	0.026800)
(10.500000	1.515700	0.026650)
(10.750000	1.517100	0.027310)
(11.000000	1.528300	0.027630)
(11.250000	1.532200	0.028410)
(11.500000	1.535700	0.029300)
(11.750000	1.535900	0.030470)
(12.000000	1.536700	0.031720)
(12.250000	1.534300	0.033300)
(12.500000	1.530000	0.035160)
(12.750000	1.525700	0.037140)
(13.000000	1.516900	0.039670)
(13.250000	1.507600	0.042380)
(13.500000	1.497100	0.045380)
(13.750000	1.485800	0.048650)
(14.000000	1.474200	0.052120)
(14.250000	1.462900	0.055750)
(14.500000	1.452400	0.059410)
(14.750000	1.442900	0.063100)
(15.000000	1.434300	0.066780)
(15.250000	1.426600	0.070450)
(15.500000	1.419500	0.074130)
(15.750000	1.412700	0.077840)
(16.000000	1.406300	0.081550)
(16.250000	1.400300	0.085270)
(16.500000	1.394600	0.088990)
(16.750000	1.389300	0.092720)
(17.000000	1.384200	0.096460)
(17.250000	1.379100	0.100300)
(17.500000	1.374100	0.104150)
(17.750000	1.369700	0.107920)
(18.000000	1.366600	0.111520)
(18.250000	1.365300	0.114810)
(18.500000	1.367000	0.117550)
(18.750000	1.370000	0.120170)
(19.000000	1.377400	0.121920)
(19.250000	1.383900	0.123870)
(19.500000	1.392400	0.125500)
(19.750000	1.401900	0.126900)
(20.000000	1.413000	0.128020)
(20.250000	1.423400	0.129290)
(20.500000	1.428500	0.131610)
(20.750000	1.440000	0.132690)
(21.000000	1.441900	0.135600)
(21.250000	1.451600	0.137050)
(21.500000	1.447800	0.141030)
(21.750000	1.453800	0.143130)
(22.000000	1.454600	0.146270)
(22.250000	1.442600	0.151910)
(22.500000	1.430100	0.157780)
(22.750000	1.415400	0.164230)
(23.000000	1.395700	0.171990)
(23.250000	1.369400	0.181600)
(23.500000	1.340600	0.192510)
(28.250000	1.214569	0.277610)
(33.000000	1.123596	0.372643)
(37.750000	1.048222	0.475017)
(42.500000	0.977599	0.581940)
(47.250000	0.905408	0.690494)
(52.000000	0.828017	0.797722)
(56.750000	0.743558	0.900702)
(61.500000	0.651417	0.996632)
(66.250000	0.551929	1.082901)
(71.000000	0.446168	1.157169)
(75.750000	0.335799	1.217422)
(80.500000	0.222950	1.262033)
(85.250000	0.110104	1.289804)
(90.000000	0.000000	1.300000)
(94.750000	-0.077073	1.289804)
(99.500000	-0.156065	1.262033)
(104.250000	-0.235059	1.217422)
(109.000000	-0.312318	1.157169)
(113.750000	-0.386350	1.082901)
(118.500000	-0.455992	0.996632)
(123.250000	-0.520491	0.900702)
(128.000000	-0.579612	0.797722)
(132.750000	-0.633786	0.690494)
(137.500000	-0.684319	0.581940)
(142.250000	-0.733755	0.475017)
(147.000000	-0.786517	0.372643)
(151.750000	-0.850198	0.277610)
(156.500000	-0.938420	0.192510)
(158.178571	-0.871390	0.165258)
(159.857143	-0.804360	0.139633)
(161.535714	-0.737330	0.115722)
(163.214286	-0.670300	0.093607)
(164.892857	-0.603270	0.073363)
(166.571429	-0.536240	0.055060)
(168.250000	-0.469210	0.038761)
(169.928571	-0.402180	0.024520)
(171.607143	-0.335150	0.012387)
(173.285714	-0.268120	0.002402)
(174.964286	-0.201090	0.001000)
(176.642857	-0.134060	0.001000)
(178.321429	-0.067030	0.001000)
(180.000000	0.000000	0.001000)
