// Re = 0.16
(-180.000000	0.000000	0.005515)
(-178.553571	0.059735	0.006341)
(-177.107143	0.119470	0.008819)
(-175.660714	0.179205	0.012941)
(-174.214286	0.238940	0.018698)
(-172.767857	0.298675	0.026074)
(-171.321429	0.358410	0.035050)
(-169.875000	0.418145	0.045604)
(-168.428571	0.477880	0.057710)
(-166.982143	0.537615	0.071335)
(-165.535714	0.597350	0.086445)
(-164.089286	0.657085	0.103001)
(-162.642857	0.716820	0.120962)
(-161.196429	0.776555	0.140282)
(-159.750000	0.836290	0.160910)
(-154.767857	0.759105	0.241225)
(-149.785714	0.711288	0.333985)
(-144.803571	0.674992	0.436387)
(-139.821429	0.640979	0.545334)
(-134.839286	0.604099	0.657535)
(-129.857143	0.561466	0.769596)
(-124.875000	0.511622	0.878129)
(-119.892857	0.454112	0.979851)
(-114.910714	0.389234	1.071685)
(-109.928571	0.317877	1.150849)
(-104.946429	0.241404	1.214946)
(-99.964286	0.161551	1.262031)
(-94.982143	0.080341	1.290674)
(-90.000000	0.000000	1.300000)
(-85.017857	-0.080341	1.290674)
(-80.035714	-0.161551	1.262031)
(-75.053571	-0.241404	1.214946)
(-70.071429	-0.317877	1.150849)
(-65.089286	-0.389234	1.071685)
(-60.107143	-0.454112	0.979851)
(-55.125000	-0.511622	0.878129)
(-50.142857	-0.561466	0.769596)
(-45.160714	-0.604099	0.657535)
(-40.178571	-0.640979	0.545334)
(-35.196429	-0.674992	0.436387)
(-30.214286	-0.711288	0.333985)
(-25.232143	-0.759105	0.241225)
(-20.250000	-0.836290	0.160910)
(-19.160714	-0.793776	0.150663)
(-18.071429	-0.751263	0.140416)
(-16.982143	-0.708749	0.130169)
(-15.892857	-0.666236	0.119921)
(-14.803571	-0.623722	0.109674)
(-13.714286	-0.581209	0.099427)
(-12.625000	-0.538695	0.089180)
(-11.535714	-0.496181	0.078933)
(-10.446429	-0.453668	0.068686)
(-9.357143	-0.411154	0.058439)
(-8.267857	-0.368641	0.048191)
(-7.178571	-0.326127	0.037944)
(-5.000000	-0.241100	0.017450)
(-4.750000	-0.214200	0.017720)
(-4.500000	-0.187700	0.017930)
(-4.250000	-0.161100	0.018200)
(-4.000000	-0.134000	0.018450)
(-3.750000	-0.106800	0.018630)
(-3.500000	-0.080400	0.018800)
(-3.250000	-0.053700	0.018910)
(-3.000000	-0.026100	0.018940)
(-2.750000	0.001100	0.018950)
(-2.500000	0.027900	0.018960)
(-2.250000	0.055500	0.018930)
(-2.000000	0.083100	0.018980)
(-1.750000	0.109700	0.019000)
(-1.500000	0.137300	0.018960)
(-1.250000	0.165700	0.018930)
(-1.000000	0.192000	0.018990)
(-0.750000	0.219600	0.018980)
(-0.500000	0.248600	0.018910)
(-0.250000	0.274400	0.019020)
(0.000000	0.302000	0.019030)
(0.250000	0.331300	0.018970)
(0.500000	0.356700	0.019110)
(0.750000	0.384400	0.019140)
(1.000000	0.413200	0.019130)
(1.250000	0.438800	0.019270)
(1.500000	0.466900	0.019300)
(1.750000	0.494400	0.019360)
(2.000000	0.521200	0.019490)
(2.250000	0.550000	0.019460)
(2.500000	0.575000	0.019640)
(2.750000	0.601400	0.019770)
(3.000000	0.631400	0.019730)
(3.250000	0.655900	0.019920)
(3.500000	0.681200	0.020070)
(3.750000	0.711000	0.020010)
(4.000000	0.735300	0.020200)
(4.250000	0.760600	0.020360)
(4.500000	0.787900	0.020400)
(4.750000	0.815800	0.020390)
(5.000000	0.840100	0.020530)
(5.250000	0.865100	0.020610)
(5.500000	0.890700	0.020610)
(5.750000	0.916400	0.020550)
(6.000000	0.941700	0.020460)
(6.250000	0.966400	0.020380)
(6.500000	0.990200	0.020290)
(6.750000	1.013300	0.020150)
(7.000000	1.037500	0.019890)
(7.250000	1.059300	0.019600)
(7.500000	1.078400	0.019420)
(7.750000	1.099000	0.019180)
(8.000000	1.114700	0.019090)
(8.250000	1.132200	0.018890)
(8.500000	1.150500	0.018720)
(8.750000	1.179200	0.018720)
(9.000000	1.203000	0.018940)
(9.250000	1.223200	0.019300)
(9.500000	1.237400	0.019810)
(9.750000	1.246100	0.020570)
(10.000000	1.249600	0.021700)
(10.250000	1.247700	0.023260)
(10.500000	1.242500	0.025250)
(10.750000	1.234800	0.027600)
(11.000000	1.226200	0.030240)
(11.250000	1.217200	0.033090)
(11.500000	1.209400	0.036020)
(11.750000	1.203700	0.038890)
(12.000000	1.199600	0.041720)
(12.250000	1.197900	0.044410)
(12.500000	1.197600	0.047030)
(12.750000	1.200200	0.049450)
(13.000000	1.204100	0.051790)
(13.250000	1.209700	0.053980)
(13.500000	1.216800	0.056040)
(13.750000	1.225400	0.057990)
(14.000000	1.235200	0.059820)
(14.250000	1.246700	0.061490)
(14.500000	1.261100	0.062820)
(14.750000	1.271100	0.064770)
(15.000000	1.284200	0.066380)
(15.250000	1.303100	0.067350)
(15.500000	1.311200	0.069600)
(15.750000	1.328000	0.070900)
(16.000000	1.337600	0.073040)
(16.250000	1.353200	0.074570)
(16.500000	1.358800	0.077190)
(16.750000	1.378700	0.078310)
(17.000000	1.374100	0.082090)
(17.250000	1.383900	0.084280)
(17.500000	1.393900	0.086530)
(17.750000	1.383400	0.091110)
(18.000000	1.379200	0.095010)
(18.250000	1.407100	0.095120)
(18.500000	1.387600	0.100870)
(18.750000	1.368800	0.106810)
(19.000000	1.349400	0.113070)
(19.250000	1.328600	0.119840)
(19.500000	1.303900	0.127540)
(19.750000	1.272500	0.136900)
(20.000000	1.234100	0.148290)
(20.250000	1.194700	0.160910)
(25.232143	1.084436	0.241225)
(30.214286	1.016126	0.333985)
(35.196429	0.964274	0.436387)
(40.178571	0.915685	0.545334)
(45.160714	0.862999	0.657535)
(50.142857	0.802094	0.769596)
(55.125000	0.730888	0.878129)
(60.107143	0.648732	0.979851)
(65.089286	0.556049	1.071685)
(70.071429	0.454111	1.150849)
(75.053571	0.344863	1.214946)
(80.035714	0.230786	1.262031)
(85.017857	0.114772	1.290674)
(90.000000	0.000000	1.300000)
(94.982143	-0.080341	1.290674)
(99.964286	-0.161551	1.262031)
(104.946429	-0.241404	1.214946)
(109.928571	-0.317877	1.150849)
(114.910714	-0.389234	1.071685)
(119.892857	-0.454112	0.979851)
(124.875000	-0.511622	0.878129)
(129.857143	-0.561466	0.769596)
(134.839286	-0.604099	0.657535)
(139.821429	-0.640979	0.545334)
(144.803571	-0.674992	0.436387)
(149.785714	-0.711288	0.333985)
(154.767857	-0.759105	0.241225)
(159.750000	-0.836290	0.160910)
(161.196429	-0.776555	0.140282)
(162.642857	-0.716820	0.120962)
(164.089286	-0.657085	0.103001)
(165.535714	-0.597350	0.086445)
(166.982143	-0.537615	0.071335)
(168.428571	-0.477880	0.057710)
(169.875000	-0.418145	0.045604)
(171.321429	-0.358410	0.035050)
(172.767857	-0.298675	0.026074)
(174.214286	-0.238940	0.018698)
(175.660714	-0.179205	0.012941)
(177.107143	-0.119470	0.008819)
(178.553571	-0.059735	0.006341)
(180.000000	0.000000	0.005515)
