// Re = 3.40e6
// (alpha_deg cl cd)
(-180.0000	0.0000	0.0010)
(-178.1607	0.0806	0.0010)
(-176.3214	0.1611	0.0010)
(-174.4821	0.2417	0.0010)
(-172.6429	0.3223	0.0010)
(-170.8036	0.4028	0.0010)
(-168.9643	0.4834	0.0010)
(-167.1250	0.5640	0.0010)
(-165.2857	0.6446	0.0010)
(-163.4464	0.7251	0.0204)
(-161.6071	0.8057	0.0451)
(-159.7679	0.8863	0.0721)
(-157.9286	0.9668	0.1012)
(-156.0893	1.0474	0.1324)
(-154.2500	1.1280	0.1654)
(-149.6607	1.0063	0.2550)
(-145.0714	0.9125	0.3533)
(-140.4821	0.8333	0.4578)
(-135.8929	0.7610	0.5660)
(-131.3036	0.6909	0.6750)
(-126.7143	0.6204	0.7823)
(-122.1250	0.5478	0.8852)
(-117.5357	0.4727	0.9811)
(-112.9464	0.3949	1.0678)
(-108.3571	0.3152	1.1431)
(-103.7679	0.2345	1.2052)
(-99.1786	0.1540	1.2528)
(-94.5893	0.0752	1.2846)
(-90.0000	0.0000	1.3000)
(-85.4107	-0.0752	1.2846)
(-80.8214	-0.1540	1.2528)
(-76.2321	-0.2345	1.2052)
(-71.6429	-0.3152	1.1431)
(-67.0536	-0.3949	1.0678)
(-62.4643	-0.4727	0.9811)
(-57.8750	-0.5478	0.8852)
(-53.2857	-0.6204	0.7823)
(-48.6964	-0.6909	0.6750)
(-44.1071	-0.7610	0.5660)
(-39.5179	-0.8333	0.4578)
(-34.9286	-0.9125	0.3533)
(-30.3393	-1.0063	0.2550)
(-25.7500	-1.1280	0.1654)
(-24.2679	-1.0466	0.1540)
(-22.7857	-0.9652	0.1427)
(-21.3036	-0.8838	0.1314)
(-19.8214	-0.8025	0.1200)
(-18.3393	-0.7211	0.1087)
(-16.8571	-0.6397	0.0974)
(-15.3750	-0.5583	0.0861)
(-13.8929	-0.4770	0.0747)
(-12.4107	-0.3956	0.0634)
(-10.9286	-0.3142	0.0521)
(-9.4464	-0.2328	0.0407)
(-7.9643	-0.1515	0.0294)
(-5.0000	0.0113	0.0067)
(-4.7500	0.0401	0.0066)
(-4.5000	0.0696	0.0064)
(-4.2500	0.0986	0.0062)
(-4.0000	0.1281	0.0060)
(-3.7500	0.1575	0.0059)
(-3.5000	0.1869	0.0059)
(-3.2500	0.2165	0.0058)
(-3.0000	0.2457	0.0058)
(-2.7500	0.2754	0.0058)
(-2.5000	0.3046	0.0058)
(-2.2500	0.3341	0.0058)
(-2.0000	0.3634	0.0058)
(-1.7500	0.3927	0.0058)
(-1.5000	0.4221	0.0058)
(-1.2500	0.4511	0.0058)
(-1.0000	0.4805	0.0058)
(-0.7500	0.5096	0.0059)
(-0.5000	0.5386	0.0059)
(-0.2500	0.5679	0.0059)
(0.0000	0.5966	0.0060)
(0.2500	0.6257	0.0060)
(0.5000	0.6547	0.0060)
(0.7500	0.6831	0.0061)
(1.0000	0.7122	0.0061)
(1.2500	0.7409	0.0061)
(1.5000	0.7692	0.0062)
(1.7500	0.7981	0.0062)
(2.0000	0.8265	0.0063)
(2.2500	0.8547	0.0063)
(2.5000	0.8833	0.0063)
(2.7500	0.9114	0.0064)
(3.0000	0.9392	0.0065)
(3.2500	0.9675	0.0065)
(3.5000	0.9952	0.0066)
(3.7500	1.0228	0.0066)
(4.0000	1.0506	0.0067)
(4.2500	1.0775	0.0068)
(4.5000	1.1051	0.0068)
(4.7500	1.1321	0.0069)
(5.0000	1.1588	0.0070)
(5.2500	1.1856	0.0071)
(5.5000	1.2115	0.0072)
(5.7500	1.2373	0.0072)
(6.0000	1.2615	0.0073)
(6.2500	1.2855	0.0074)
(6.5000	1.3093	0.0075)
(6.7500	1.3324	0.0077)
(7.0000	1.3554	0.0078)
(7.2500	1.3797	0.0080)
(7.5000	1.4032	0.0081)
(7.7500	1.4261	0.0083)
(8.0000	1.4493	0.0085)
(8.2500	1.4718	0.0087)
(8.5000	1.4934	0.0089)
(8.7500	1.5141	0.0092)
(9.0000	1.5330	0.0095)
(9.2500	1.5495	0.0099)
(9.5000	1.5635	0.0104)
(9.7500	1.5761	0.0109)
(10.0000	1.5869	0.0116)
(10.2500	1.5950	0.0124)
(10.5000	1.5985	0.0135)
(10.7500	1.5991	0.0148)
(11.0000	1.5995	0.0163)
(11.2500	1.6017	0.0177)
(11.5000	1.6034	0.0192)
(11.7500	1.6043	0.0208)
(12.0000	1.6055	0.0224)
(12.2500	1.6080	0.0241)
(12.5000	1.6111	0.0257)
(13.0000	1.6174	0.0292)
(13.5000	1.6214	0.0330)
(14.0000	1.6255	0.0370)
(14.2500	1.6279	0.0390)
(14.5000	1.6302	0.0411)
(14.7500	1.6317	0.0433)
(15.0000	1.6336	0.0455)
(15.2500	1.6350	0.0477)
(15.5000	1.6352	0.0501)
(15.7500	1.6356	0.0525)
(16.2500	1.6338	0.0576)
(16.5000	1.6321	0.0603)
(16.7500	1.6297	0.0631)
(17.0000	1.6268	0.0659)
(17.5000	1.6202	0.0718)
(17.7500	1.6170	0.0748)
(18.0000	1.6137	0.0777)
(18.5000	1.6066	0.0833)
(18.7500	1.6042	0.0863)
(19.0000	1.6016	0.0894)
(19.2500	1.5995	0.0925)
(19.5000	1.5975	0.0955)
(20.2500	1.5947	0.1044)
(20.5000	1.5950	0.1072)
(20.7500	1.5945	0.1101)
(21.0000	1.5953	0.1129)
(21.2500	1.5955	0.1157)
(21.5000	1.5969	0.1184)
(21.7500	1.5980	0.1211)
(22.0000	1.5982	0.1240)
(22.2500	1.5993	0.1267)
(22.5000	1.6010	0.1294)
(22.7500	1.6023	0.1321)
(23.0000	1.6027	0.1349)
(23.2500	1.6032	0.1378)
(23.5000	1.6050	0.1404)
(23.7500	1.6066	0.1431)
(24.0000	1.6075	0.1458)
(24.2500	1.6078	0.1487)
(24.5000	1.6076	0.1516)
(24.7500	1.6084	0.1543)
(25.0000	1.6101	0.1570)
(25.2500	1.6110	0.1597)
(25.5000	1.6113	0.1625)
(25.7500	1.6114	0.1654)
(30.3393	1.4375	0.2550)
(34.9286	1.3035	0.3533)
(39.5179	1.1904	0.4578)
(44.1071	1.0871	0.5660)
(48.6964	0.9871	0.6750)
(53.2857	0.8863	0.7823)
(57.8750	0.7826	0.8852)
(62.4643	0.6752	0.9811)
(67.0536	0.5642	1.0678)
(71.6429	0.4503	1.1431)
(76.2321	0.3349	1.2052)
(80.8214	0.2199	1.2528)
(85.4107	0.1075	1.2846)
(90.0000	0.0000	1.3000)
(94.5893	-0.0752	1.2846)
(99.1786	-0.1540	1.2528)
(103.7679	-0.2345	1.2052)
(108.3571	-0.3152	1.1431)
(112.9464	-0.3949	1.0678)
(117.5357	-0.4727	0.9811)
(122.1250	-0.5478	0.8852)
(126.7143	-0.6204	0.7823)
(131.3036	-0.6909	0.6750)
(135.8929	-0.7610	0.5660)
(140.4821	-0.8333	0.4578)
(145.0714	-0.9125	0.3533)
(149.6607	-1.0063	0.2550)
(154.2500	-1.1280	0.1654)
(156.0893	-1.0474	0.1324)
(157.9286	-0.9668	0.1012)
(159.7679	-0.8863	0.0721)
(161.6071	-0.8057	0.0451)
(163.4464	-0.7251	0.0204)
(165.2857	-0.6446	0.0010)
(167.1250	-0.5640	0.0010)
(168.9643	-0.4834	0.0010)
(170.8036	-0.4028	0.0010)
(172.6429	-0.3223	0.0010)
(174.4821	-0.2417	0.0010)
(176.3214	-0.1611	0.0010)
(178.1607	-0.0806	0.0010)
(180.0000	0.0000	0.0010)
