// Re = 0.09
(-180.000000	0.000000	0.001000)
(-178.410714	0.064530	0.001000)
(-176.821429	0.129060	0.001000)
(-175.232143	0.193590	0.001000)
(-173.642857	0.258120	0.001000)
(-172.053571	0.322650	0.003105)
(-170.464286	0.387180	0.014029)
(-168.875000	0.451710	0.026859)
(-167.285714	0.516240	0.041558)
(-165.696429	0.580770	0.058079)
(-164.107143	0.645300	0.076372)
(-162.517857	0.709830	0.096381)
(-160.928571	0.774360	0.118046)
(-159.339286	0.838890	0.141299)
(-157.750000	0.903420	0.166070)
(-152.910714	0.818645	0.250037)
(-148.071429	0.760345	0.344972)
(-143.232143	0.713327	0.448194)
(-138.392857	0.669346	0.556785)
(-133.553571	0.623674	0.667679)
(-128.714286	0.573617	0.777747)
(-123.875000	0.517799	0.883886)
(-119.035714	0.455774	0.983106)
(-114.196429	0.387794	1.072615)
(-109.357143	0.314659	1.149902)
(-104.517857	0.237608	1.212803)
(-99.678571	0.158220	1.259566)
(-94.839286	0.078340	1.288896)
(-90.000000	0.000000	1.300000)
(-85.160714	-0.078340	1.288896)
(-80.321429	-0.158220	1.259566)
(-75.482143	-0.237608	1.212803)
(-70.642857	-0.314659	1.149902)
(-65.803571	-0.387794	1.072615)
(-60.964286	-0.455774	0.983106)
(-56.125000	-0.517799	0.883886)
(-51.285714	-0.573617	0.777747)
(-46.446429	-0.623674	0.667679)
(-41.607143	-0.669346	0.556785)
(-36.767857	-0.713327	0.448194)
(-31.928571	-0.760345	0.344972)
(-27.089286	-0.818645	0.250037)
(-22.250000	-0.903420	0.166070)
(-21.017857	-0.857190	0.156369)
(-19.785714	-0.810960	0.146669)
(-18.553571	-0.764730	0.136968)
(-17.321429	-0.718500	0.127267)
(-16.089286	-0.672270	0.117566)
(-14.857143	-0.626040	0.107866)
(-13.625000	-0.579810	0.098165)
(-12.392857	-0.533580	0.088464)
(-11.160714	-0.487350	0.078764)
(-9.928571	-0.441120	0.069063)
(-8.696429	-0.394890	0.059362)
(-7.464286	-0.348660	0.049661)
(-5.000000	-0.256200	0.030260)
(-4.750000	-0.216500	0.030830)
(-4.500000	-0.205200	0.031860)
(-4.250000	-0.191300	0.032940)
(-4.000000	-0.160800	0.033830)
(-3.750000	-0.151400	0.034810)
(-3.500000	-0.137100	0.035910)
(-3.250000	-0.115400	0.036800)
(-3.000000	-0.109600	0.038040)
(-2.750000	-0.085100	0.038900)
(-2.500000	-0.081500	0.039940)
(-2.250000	-0.062000	0.040550)
(-2.000000	-0.047500	0.041270)
(-1.750000	-0.038600	0.042160)
(-1.500000	-0.018400	0.042660)
(-1.250000	-0.008800	0.043430)
(-1.000000	0.019200	0.043590)
(-0.750000	0.021900	0.044570)
(-0.500000	0.051100	0.044680)
(-0.250000	0.055700	0.045680)
(0.250000	0.095400	0.046800)
(0.500000	0.128900	0.046820)
(0.750000	0.129000	0.048120)
(1.000000	0.164700	0.048140)
(1.250000	0.169200	0.049550)
(1.500000	0.203200	0.049620)
(1.750000	0.201400	0.051210)
(2.000000	0.238300	0.051270)
(2.250000	0.238400	0.053030)
(2.750000	0.269700	0.054990)
(3.000000	0.301300	0.055300)
(3.250000	0.300800	0.057090)
(3.500000	0.326800	0.057680)
(3.750000	0.331700	0.059290)
(4.000000	0.351600	0.060160)
(4.250000	0.362600	0.061470)
(4.500000	0.375500	0.062690)
(4.750000	0.399800	0.063400)
(5.000000	0.400100	0.065150)
(5.250000	0.425400	0.065650)
(5.500000	0.429900	0.067080)
(5.750000	0.437200	0.068320)
(6.000000	0.457800	0.068610)
(6.250000	0.465800	0.069580)
(6.500000	0.476100	0.070930)
(6.750000	0.504500	0.072490)
(7.000000	0.532600	0.074010)
(7.250000	0.560100	0.075540)
(7.500000	0.586600	0.077070)
(7.750000	0.612000	0.078590)
(8.000000	0.636100	0.080120)
(8.250000	0.659000	0.081640)
(8.500000	0.680700	0.083170)
(9.000000	0.720300	0.086240)
(9.500000	0.756500	0.089270)
(9.750000	0.774200	0.090700)
(10.000000	0.792400	0.092020)
(10.250000	0.811600	0.093130)
(10.750000	0.855700	0.094370)
(11.000000	0.879900	0.094560)
(11.250000	0.903800	0.094670)
(11.500000	0.902100	0.097570)
(12.000000	0.942000	0.098450)
(12.500000	0.986700	0.098340)
(13.000000	1.036500	0.096980)
(14.000000	1.219700	0.079520)
(14.250000	1.355500	0.063780)
(14.500000	1.382100	0.062490)
(14.750000	1.404500	0.061790)
(15.000000	1.408000	0.063330)
(15.250000	1.406800	0.065510)
(15.500000	1.407500	0.067510)
(15.750000	1.399200	0.070780)
(16.000000	1.395200	0.073560)
(16.250000	1.388800	0.076800)
(16.500000	1.381700	0.080250)
(16.750000	1.376200	0.083560)
(17.000000	1.372100	0.086760)
(17.250000	1.368700	0.089910)
(17.500000	1.366000	0.093000)
(17.750000	1.364300	0.095960)
(18.000000	1.362800	0.098900)
(18.250000	1.358700	0.102310)
(18.500000	1.356400	0.105460)
(18.750000	1.358500	0.107940)
(19.000000	1.357300	0.111040)
(19.250000	1.360100	0.113530)
(19.500000	1.363400	0.116020)
(19.750000	1.366800	0.118540)
(20.000000	1.371900	0.120830)
(20.250000	1.379500	0.122680)
(20.500000	1.382600	0.125330)
(20.750000	1.381100	0.128790)
(21.000000	1.384100	0.131520)
(21.250000	1.382100	0.135060)
(21.500000	1.372800	0.139930)
(21.750000	1.351800	0.147000)
(22.000000	1.325000	0.155490)
(22.250000	1.290600	0.166070)
(27.089286	1.169493	0.250037)
(31.928571	1.086207	0.344972)
(36.767857	1.019039	0.448194)
(41.607143	0.956209	0.556785)
(46.446429	0.890962	0.667679)
(51.285714	0.819453	0.777747)
(56.125000	0.739714	0.883886)
(60.964286	0.651106	0.983106)
(65.803571	0.553991	1.072615)
(70.642857	0.449513	1.149902)
(75.482143	0.339440	1.212803)
(80.321429	0.226029	1.259566)
(85.160714	0.111915	1.288896)
(90.000000	0.000000	1.300000)
(94.839286	-0.078340	1.288896)
(99.678571	-0.158220	1.259566)
(104.517857	-0.237608	1.212803)
(109.357143	-0.314659	1.149902)
(114.196429	-0.387794	1.072615)
(119.035714	-0.455774	0.983106)
(123.875000	-0.517799	0.883886)
(128.714286	-0.573617	0.777747)
(133.553571	-0.623674	0.667679)
(138.392857	-0.669346	0.556785)
(143.232143	-0.713327	0.448194)
(148.071429	-0.760345	0.344972)
(152.910714	-0.818645	0.250037)
(157.750000	-0.903420	0.166070)
(159.339286	-0.838890	0.141299)
(160.928571	-0.774360	0.118046)
(162.517857	-0.709830	0.096381)
(164.107143	-0.645300	0.076372)
(165.696429	-0.580770	0.058079)
(167.285714	-0.516240	0.041558)
(168.875000	-0.451710	0.026859)
(170.464286	-0.387180	0.014029)
(172.053571	-0.322650	0.003105)
(173.642857	-0.258120	0.001000)
(175.232143	-0.193590	0.001000)
(176.821429	-0.129060	0.001000)
(178.410714	-0.064530	0.001000)
(180.000000	0.000000	0.001000)
