// Re = 0.08e6 
// (alpha_deg cl cd)
(-180	0.0000	0.0100)
(-170	0.5199	0.0382)
(-160	0.8113	0.1503)
(-150	0.6937	0.3219)
(-140	0.6289	0.5325)
(-130	0.5535	0.7566)
(-120	0.4493	0.9672)
(-110	0.3153	1.1389)
(-100	0.1606	1.2510)
(-90	0.0000	1.2900)
(-80	-0.1606	1.2510)
(-70	-0.3153	1.1389)
(-60	-0.4493	0.9672)
(-50	-0.5535	0.7566)
(-40	-0.6289	0.5325)
(-30	-0.6937	0.3219)
(-20	-0.8113	0.1503)
(-10	-0.5529	0.0678)
(-4.75	-0.3047	0.0364)
(-4.5	-0.2753	0.0373)
(-4.25	-0.2528	0.0382)
(-3.25	-0.1607	0.0395)
(-3	-0.1487	0.0395)
(-2.75	-0.1365	0.0395)
(-2.5	-0.1213	0.0396)
(-2.25	-0.0896	0.0394)
(-2	-0.0816	0.0395)
(-1.75	-0.0734	0.0397)
(-1.5	-0.0607	0.0398)
(-1.25	-0.0285	0.0396)
(-1	-0.0241	0.0399)
(-0.75	-0.0140	0.0401)
(-0.5	0.0238	0.0399)
(-0.25	0.0284	0.0404)
(0	0.0373	0.0408)
(0.25	0.0628	0.0410)
(0.5	0.0785	0.0414)
(0.75	0.0914	0.0419)
(1	0.1208	0.0421)
(1.25	0.1344	0.0428)
(1.5	0.1488	0.0434)
(1.75	0.1792	0.0436)
(2	0.1893	0.0445)
(2.25	0.2025	0.0453)
(2.5	0.2275	0.0457)
(2.75	0.2447	0.0464)
(3	0.2546	0.0473)
(3.25	0.2708	0.0480)
(3.5	0.2995	0.0482)
(3.75	0.3093	0.0492)
(4	0.3200	0.0501)
(4.25	0.3349	0.0509)
(4.5	0.3536	0.0516)
(4.75	0.3775	0.0520)
(5	0.4097	0.0524)
(5.25	0.4446	0.0532)
(5.5	0.4596	0.0549)
(6	0.5135	0.0572)
(6.25	0.5441	0.0582)
(6.5	0.5772	0.0590)
(10	1.2062	0.0335)
(10.25	1.2178	0.0335)
(10.5	1.2228	0.0340)
(10.75	1.2225	0.0352)
(11	1.2211	0.0367)
(11.5	1.2062	0.0418)
(11.75	1.2017	0.0444)
(12	1.2006	0.0470)
(12.25	1.2038	0.0493)
(12.5	1.2139	0.0511)
(12.75	1.2257	0.0529)
(13	1.2408	0.0546)
(13.25	1.2604	0.0560)
(13.5	1.2834	0.0574)
(13.75	1.3021	0.0592)
(14	1.3238	0.0610)
(14.25	1.3358	0.0633)
(14.5	1.3439	0.0660)
(14.75	1.3660	0.0681)
(15	1.3585	0.0717)
(15.5	1.3635	0.0783)
(15.75	1.3460	0.0830)
(16	1.3294	0.0878)
(16.25	1.3158	0.0926)
(16.5	1.3226	0.0959)
(16.75	1.2931	0.1024)
(17	1.2625	0.1096)
(20	1.1590	0.1503)
(30	0.9911	0.3219)
(40	0.8984	0.5325)
(50	0.7907	0.7566)
(60	0.6418	0.9672)
(70	0.4505	1.1389)
(80	0.2294	1.2510)
(90	0.0000	1.2900)
(100	-0.1606	1.2510)
(110	-0.3153	1.1389)
(120	-0.4493	0.9672)
(130	-0.5535	0.7566)
(140	-0.6289	0.5325)
(150	-0.6937	0.3219)
(160	-0.8113	0.1503)
(170	-0.5199	0.0382)
(180	0.0000	0.0100)
