// Re = 0.09
(-180.000000	0.000000	0.001000)
(-178.375000	0.064700	0.001000)
(-176.750000	0.129400	0.001000)
(-175.125000	0.194100	0.001000)
(-173.500000	0.258800	0.001000)
(-171.875000	0.323500	0.001000)
(-170.250000	0.388200	0.001248)
(-168.625000	0.452900	0.014724)
(-167.000000	0.517600	0.030157)
(-165.375000	0.582300	0.047499)
(-163.750000	0.647000	0.066693)
(-162.125000	0.711700	0.087678)
(-160.500000	0.776400	0.110389)
(-158.875000	0.841100	0.134752)
(-157.250000	0.905800	0.160690)
(-152.446429	0.822323	0.245755)
(-147.642857	0.763806	0.341478)
(-142.839286	0.715975	0.445205)
(-138.035714	0.670991	0.554063)
(-133.232143	0.624334	0.665042)
(-128.428571	0.573421	0.775071)
(-123.625000	0.516937	0.881115)
(-118.821429	0.454463	0.980250)
(-114.017857	0.386258	1.069752)
(-109.214286	0.313116	1.147166)
(-104.410714	0.236249	1.210383)
(-99.607143	0.157208	1.257689)
(-94.803571	0.077796	1.287822)
(-90.000000	0.000000	1.300000)
(-85.196429	-0.077796	1.287822)
(-80.392857	-0.157208	1.257689)
(-75.589286	-0.236249	1.210383)
(-70.785714	-0.313116	1.147166)
(-65.982143	-0.386258	1.069752)
(-61.178571	-0.454463	0.980250)
(-56.375000	-0.516937	0.881115)
(-51.571429	-0.573421	0.775071)
(-46.767857	-0.624334	0.665042)
(-41.964286	-0.670991	0.554063)
(-37.160714	-0.715975	0.445205)
(-32.357143	-0.763806	0.341478)
(-27.553571	-0.822323	0.245755)
(-22.750000	-0.905800	0.160690)
(-21.482143	-0.861943	0.151501)
(-20.214286	-0.818086	0.142313)
(-18.946429	-0.774229	0.133124)
(-17.678571	-0.730371	0.123936)
(-16.410714	-0.686514	0.114747)
(-15.142857	-0.642657	0.105559)
(-13.875000	-0.598800	0.096370)
(-12.607143	-0.554943	0.087181)
(-11.339286	-0.511086	0.077993)
(-10.071429	-0.467229	0.068804)
(-8.803571	-0.423371	0.059616)
(-7.535714	-0.379514	0.050427)
(-5.000000	-0.291800	0.032050)
(-4.750000	-0.269100	0.033000)
(-4.500000	-0.246500	0.033970)
(-4.250000	-0.235500	0.035150)
(-4.000000	-0.206800	0.036110)
(-3.750000	-0.200000	0.037230)
(-3.500000	-0.178900	0.038490)
(-3.250000	-0.172000	0.039700)
(-3.000000	-0.159900	0.040670)
(-2.750000	-0.137500	0.041210)
(-2.500000	-0.131100	0.042220)
(-2.250000	-0.106600	0.042710)
(-2.000000	-0.102200	0.043730)
(-1.750000	-0.081400	0.044390)
(-1.500000	-0.078700	0.045380)
(-1.250000	-0.052500	0.045670)
(-1.000000	-0.052700	0.046700)
(-0.750000	-0.025500	0.046890)
(-0.500000	-0.020100	0.047780)
(-0.250000	0.008400	0.047990)
(0.000000	0.014200	0.048960)
(0.250000	0.036600	0.049340)
(0.500000	0.046600	0.050260)
(0.750000	0.070500	0.050760)
(1.000000	0.083100	0.051610)
(1.250000	0.097900	0.052430)
(1.500000	0.123200	0.053020)
(1.750000	0.130100	0.054220)
(2.000000	0.164200	0.054410)
(2.250000	0.162500	0.056130)
(2.500000	0.195100	0.056550)
(2.750000	0.130900	0.062880)
(3.000000	0.153200	0.063610)
(3.250000	0.179400	0.064830)
(3.500000	0.194500	0.064930)
(3.750000	0.218800	0.066120)
(4.000000	0.238700	0.066180)
(4.250000	0.259800	0.067470)
(5.000000	0.327400	0.069040)
(7.750000	0.469200	0.085460)
(8.000000	0.487900	0.088410)
(8.250000	0.502600	0.091490)
(8.500000	0.583200	0.086180)
(9.000000	0.629300	0.089150)
(9.250000	0.651300	0.090590)
(9.500000	0.672700	0.091960)
(10.250000	0.735000	0.095640)
(11.000000	0.780200	0.099930)
(11.250000	0.796300	0.101120)
(11.750000	0.836800	0.102470)
(12.000000	0.858000	0.102910)
(12.250000	0.879500	0.103250)
(12.500000	0.881500	0.105770)
(12.750000	0.923000	0.103520)
(13.000000	0.916700	0.107060)
(13.500000	0.960200	0.106860)
(13.750000	0.983700	0.106330)
(14.000000	0.982800	0.109220)
(14.250000	1.034000	0.104330)
(15.000000	1.233900	0.081430)
(15.250000	1.330000	0.070860)
(15.500000	1.352800	0.070110)
(15.750000	1.373800	0.069650)
(16.000000	1.382800	0.070720)
(16.250000	1.380900	0.073180)
(16.500000	1.380100	0.075550)
(16.750000	1.378900	0.078030)
(17.000000	1.376200	0.080740)
(17.250000	1.372100	0.083740)
(17.500000	1.367000	0.086940)
(17.750000	1.362000	0.090190)
(18.000000	1.357900	0.093380)
(18.250000	1.354600	0.096500)
(18.500000	1.352000	0.099560)
(18.750000	1.350300	0.102500)
(19.000000	1.350200	0.105210)
(19.250000	1.346900	0.108450)
(19.500000	1.344400	0.111650)
(19.750000	1.343200	0.114640)
(20.000000	1.344400	0.117310)
(20.250000	1.349400	0.119380)
(20.500000	1.345800	0.122930)
(20.750000	1.356500	0.124150)
(21.000000	1.356100	0.127250)
(21.250000	1.357500	0.130060)
(21.500000	1.360400	0.132640)
(21.750000	1.366400	0.134720)
(22.000000	1.346400	0.141260)
(22.250000	1.351500	0.143500)
(22.500000	1.325500	0.151390)
(22.750000	1.294000	0.160690)
(27.553571	1.174747	0.245755)
(32.357143	1.091152	0.341478)
(37.160714	1.022821	0.445205)
(41.964286	0.958559	0.554063)
(46.767857	0.891906	0.665042)
(51.571429	0.819173	0.775071)
(56.375000	0.738481	0.881115)
(61.178571	0.649232	0.980250)
(65.982143	0.551798	1.069752)
(70.785714	0.447308	1.147166)
(75.589286	0.337499	1.210383)
(80.392857	0.224583	1.257689)
(85.196429	0.111137	1.287822)
(90.000000	0.000000	1.300000)
(94.803571	-0.077796	1.287822)
(99.607143	-0.157208	1.257689)
(104.410714	-0.236249	1.210383)
(109.214286	-0.313116	1.147166)
(114.017857	-0.386258	1.069752)
(118.821429	-0.454463	0.980250)
(123.625000	-0.516937	0.881115)
(128.428571	-0.573421	0.775071)
(133.232143	-0.624334	0.665042)
(138.035714	-0.670991	0.554063)
(142.839286	-0.715975	0.445205)
(147.642857	-0.763806	0.341478)
(152.446429	-0.822323	0.245755)
(157.250000	-0.905800	0.160690)
(158.875000	-0.841100	0.134752)
(160.500000	-0.776400	0.110389)
(162.125000	-0.711700	0.087678)
(163.750000	-0.647000	0.066693)
(165.375000	-0.582300	0.047499)
(167.000000	-0.517600	0.030157)
(168.625000	-0.452900	0.014724)
(170.250000	-0.388200	0.001248)
(171.875000	-0.323500	0.001000)
(173.500000	-0.258800	0.001000)
(175.125000	-0.194100	0.001000)
(176.750000	-0.129400	0.001000)
(178.375000	-0.064700	0.001000)
(180.000000	0.000000	0.001000)
