// Re = 0.07e6 
// (alpha_deg cl cd)
(-180	0.0000	0.0798)
(-170	0.2271	0.1174)
(-160	0.4542	0.2259)
(-150	0.4863	0.3916)
(-140	0.5026	0.5941)
(-130	0.4789	0.8083)
(-120	0.4093	1.0074)
(-110	0.2981	1.1664)
(-100	0.1564	1.2650)
(-90	0.0000	1.2900)
(-80	-0.1564	1.2650)
(-70	-0.2981	1.1664)
(-60	-0.4093	1.0074)
(-50	-0.4789	0.8083)
(-40	-0.5026	0.5941)
(-30	-0.4863	0.3916)
(-20	-0.4542	0.2259)
(-10	-0.4278	0.1010)
(-5	-0.4146	0.0386)
(-4.75	-0.3906	0.0398)
(-4.5	-0.3650	0.0413)
(-3.75	-0.2854	0.0435)
(-3.5	-0.2729	0.0436)
(-3.25	-0.2600	0.0437)
(-3	-0.2437	0.0439)
(-2.75	-0.2217	0.0440)
(-2.5	-0.2030	0.0439)
(-2.25	-0.1960	0.0437)
(-2	-0.1820	0.0437)
(-1.75	-0.1523	0.0437)
(-1.5	-0.1471	0.0437)
(-1.25	-0.1335	0.0438)
(-1	-0.1039	0.0438)
(-0.75	-0.0982	0.0440)
(-0.5	-0.0814	0.0442)
(-0.25	-0.0580	0.0443)
(0	-0.0482	0.0446)
(0.25	-0.0235	0.0449)
(0.5	-0.0108	0.0452)
(0.75	0.0068	0.0456)
(1	0.0297	0.0460)
(1.25	0.0407	0.0466)
(1.5	0.0678	0.0470)
(1.75	0.0764	0.0476)
(2	0.0959	0.0482)
(2.25	0.1148	0.0488)
(2.5	0.1267	0.0495)
(2.75	0.1506	0.0501)
(3	0.1607	0.0509)
(3.25	0.1764	0.0516)
(3.5	0.1999	0.0522)
(3.75	0.2144	0.0530)
(4	0.2302	0.0540)
(4.25	0.2567	0.0549)
(4.5	0.2919	0.0561)
(4.75	0.3260	0.0573)
(5	0.3495	0.0584)
(5.25	0.3802	0.0595)
(5.5	0.4190	0.0603)
(5.75	0.4360	0.0620)
(6	0.4605	0.0635)
(6.25	0.4944	0.0646)
(6.5	0.5279	0.0656)
(6.75	0.5469	0.0673)
(7	0.5843	0.0679)
(7.25	0.6030	0.0695)
(7.5	0.6354	0.0702)
(7.75	0.6582	0.0714)
(8	0.6878	0.0721)
(8.25	0.7106	0.0731)
(8.5	0.7415	0.0732)
(8.75	0.7618	0.0742)
(9.75	0.9367	0.0650)
(10	1.0834	0.0481)
(10.25	1.1650	0.0408)
(10.5	1.1918	0.0391)
(10.75	1.2004	0.0392)
(11	1.2073	0.0396)
(11.25	1.2066	0.0411)
(11.5	1.2034	0.0432)
(11.75	1.2004	0.0456)
(12	1.2025	0.0479)
(12.25	1.2070	0.0501)
(12.5	1.2192	0.0519)
(12.75	1.2342	0.0536)
(13	1.2565	0.0550)
(13.25	1.2700	0.0572)
(13.5	1.2884	0.0591)
(13.75	1.3073	0.0611)
(14	1.3225	0.0635)
(14.25	1.3383	0.0659)
(14.5	1.3619	0.0681)
(14.75	1.3477	0.0721)
(15	1.3729	0.0743)
(15.25	1.3506	0.0790)
(15.5	1.3277	0.0841)
(15.75	1.3028	0.0897)
(16	1.2725	0.0962)
(16.25	1.2354	0.1039)
(16.5	1.1951	0.1130)
(16.75	1.1561	0.1232)
(17.25	0.6151	0.1951)
(17.5	0.6239	0.1982)
(17.75	0.6256	0.2007)
(18	0.6236	0.2033)
(18.25	0.6314	0.2064)
(18.5	0.6340	0.2089)
(18.75	0.6327	0.2116)
(19	0.6435	0.2150)
(19.25	0.6407	0.2172)
(19.5	0.6435	0.2202)
(19.75	0.6508	0.2232)
(20	0.6488	0.2259)
(30	0.6947	0.3916)
(40	0.7180	0.5941)
(50	0.6841	0.8083)
(60	0.5848	1.0074)
(70	0.4259	1.1664)
(80	0.2234	1.2650)
(90	0.0000	1.2900)
(100	-0.1564	1.2650)
(110	-0.2981	1.1664)
(120	-0.4093	1.0074)
(130	-0.4789	0.8083)
(140	-0.5026	0.5941)
(150	-0.4863	0.3916)
(160	-0.4542	0.2259)
(170	-0.2271	0.1174)
(180	0.0000	0.0798)
