// Re = 0.09e6 
// (alpha_deg cl cd)
(-180	0.0000	0.0624)
(-170	0.2013	0.1004)
(-160	0.4027	0.2096)
(-150	0.5126	0.3766)
(-140	0.5186	0.5808)
(-130	0.4883	0.7971)
(-120	0.4144	0.9987)
(-110	0.3003	1.1605)
(-100	0.1569	1.2619)
(-90	0.0000	1.2900)
(-80	-0.1569	1.2619)
(-70	-0.3003	1.1605)
(-60	-0.4144	0.9987)
(-50	-0.4883	0.7971)
(-40	-0.5186	0.5808)
(-30	-0.5126	0.3766)
(-20	-0.4476	0.2231)
(-10	-0.3359	0.0953)
(-5	-0.2801	0.0313)
(-4.75	-0.2548	0.0325)
(-4.5	-0.2303	0.0333)
(-4.25	-0.2089	0.0337)
(-3.75	-0.1539	0.0347)
(-3.5	-0.1355	0.0350)
(-3.25	-0.1169	0.0351)
(-3	-0.0961	0.0352)
(-2.75	-0.0688	0.0351)
(-2.5	-0.0541	0.0351)
(-2.25	-0.0386	0.0352)
(-2	-0.0199	0.0352)
(-1.75	0.0082	0.0349)
(-1.5	0.0212	0.0353)
(-1.25	0.0362	0.0355)
(-1	0.0690	0.0352)
(-0.75	0.0814	0.0355)
(-0.5	0.0954	0.0358)
(0	0.1400	0.0361)
(0.25	0.1517	0.0366)
(0.5	0.1664	0.0371)
(0.75	0.2012	0.0369)
(1	0.2088	0.0377)
(1.25	0.2176	0.0385)
(1.5	0.2532	0.0383)
(1.75	0.2634	0.0391)
(2	0.2716	0.0401)
(2.5	0.3207	0.0408)
(2.75	0.3286	0.0418)
(3	0.3401	0.0428)
(3.25	0.3556	0.0437)
(3.5	0.3869	0.0436)
(3.75	0.3955	0.0446)
(4	0.4060	0.0457)
(4.25	0.4198	0.0466)
(4.5	0.4355	0.0473)
(4.75	0.4684	0.0470)
(5	0.4797	0.0479)
(5.25	0.4926	0.0487)
(5.5	0.5095	0.0494)
(5.75	0.5368	0.0500)
(6	0.5699	0.0506)
(6.25	0.6017	0.0513)
(6.75	0.6697	0.0522)
(10	1.2333	0.0296)
(10.25	1.2375	0.0302)
(10.5	1.2378	0.0314)
(10.75	1.2345	0.0330)
(11	1.2280	0.0352)
(11.25	1.2187	0.0379)
(11.5	1.2095	0.0408)
(11.75	1.2031	0.0437)
(12	1.2013	0.0463)
(12.5	1.2100	0.0507)
(12.75	1.2214	0.0524)
(13	1.2335	0.0542)
(13.25	1.2533	0.0554)
(13.5	1.2686	0.0571)
(13.75	1.2868	0.0587)
(14	1.3073	0.0602)
(14.25	1.3318	0.0616)
(14.5	1.3367	0.0643)
(14.75	1.3532	0.0664)
(15	1.3726	0.0684)
(15.25	1.3714	0.0717)
(15.5	1.3690	0.0752)
(15.75	1.3882	0.0774)
(16	1.3691	0.0820)
(16.25	1.3503	0.0870)
(16.5	1.3304	0.0922)
(16.75	1.3078	0.0981)
(17	1.2791	0.1050)
(17.25	1.2388	0.1142)
(17.5	1.1956	0.1248)
(17.75	1.1559	0.1363)
(20.25	0.6651	0.2274)
(20.5	0.6644	0.2305)
(20.75	0.6713	0.2334)
(21	0.6705	0.2365)
(21.25	0.6768	0.2394)
(21.5	0.6768	0.2426)
(21.75	0.6819	0.2455)
(22	0.6837	0.2487)
(22.25	0.6870	0.2517)
(22.5	0.6916	0.2549)
(22.75	0.6924	0.2580)
(23	0.7008	0.2612)
(23.25	0.6980	0.2643)
(23.5	0.7052	0.2674)
(23.75	0.7043	0.2708)
(24	0.7087	0.2738)
(24.25	0.7118	0.2772)
(24.5	0.7134	0.2804)
(25	0.7191	0.2870)
(30	0.7322	0.3766)
(40	0.7409	0.5808)
(50	0.6976	0.7971)
(60	0.5920	0.9987)
(70	0.4290	1.1605)
(80	0.2241	1.2619)
(90	0.0000	1.2900)
(100	-0.1569	1.2619)
(110	-0.3003	1.1605)
(120	-0.4144	0.9987)
(130	-0.4883	0.7971)
(140	-0.5186	0.5808)
(150	-0.5126	0.3766)
(160	-0.4027	0.2096)
(170	-0.2013	0.1004)
(180	0.0000	0.0624)
