// Re = 3.70e6
// (alpha_deg cl cd)
(-180.0000	0.0000	0.0010)
(-178.2857	0.0828	0.0010)
(-176.5714	0.1656	0.0010)
(-174.8571	0.2483	0.0010)
(-173.1429	0.3311	0.0010)
(-171.4286	0.4139	0.0010)
(-169.7143	0.4967	0.0010)
(-168.0000	0.5795	0.0010)
(-166.2857	0.6622	0.0010)
(-164.5714	0.7450	0.0144)
(-162.8571	0.8278	0.0360)
(-161.1429	0.9106	0.0596)
(-159.4286	0.9934	0.0851)
(-157.7143	1.0761	0.1124)
(-156.0000	1.1589	0.1415)
(-151.2857	1.0239	0.2294)
(-146.5714	0.9241	0.3273)
(-141.8571	0.8426	0.4325)
(-137.1429	0.7698	0.5424)
(-132.4286	0.6999	0.6539)
(-127.7143	0.6296	0.7643)
(-123.0000	0.5571	0.8705)
(-118.2857	0.4817	0.9699)
(-113.5714	0.4033	1.0599)
(-108.8571	0.3225	1.1382)
(-104.1429	0.2402	1.2027)
(-99.4286	0.1579	1.2519)
(-94.7143	0.0772	1.2846)
(-90.0000	0.0000	1.3000)
(-85.2857	-0.0772	1.2846)
(-80.5714	-0.1579	1.2519)
(-75.8571	-0.2402	1.2027)
(-71.1429	-0.3225	1.1382)
(-66.4286	-0.4033	1.0599)
(-61.7143	-0.4817	0.9699)
(-57.0000	-0.5571	0.8705)
(-52.2857	-0.6296	0.7643)
(-47.5714	-0.6999	0.6539)
(-42.8571	-0.7698	0.5424)
(-38.1429	-0.8426	0.4325)
(-33.4286	-0.9241	0.3273)
(-28.7143	-1.0239	0.2294)
(-24.0000	-1.1589	0.1415)
(-22.6429	-1.0747	0.1319)
(-21.2857	-0.9905	0.1223)
(-19.9286	-0.9064	0.1127)
(-18.5714	-0.8222	0.1031)
(-17.2143	-0.7380	0.0935)
(-15.8571	-0.6538	0.0839)
(-14.5000	-0.5696	0.0743)
(-13.1429	-0.4854	0.0647)
(-11.7857	-0.4012	0.0551)
(-10.4286	-0.3170	0.0455)
(-9.0714	-0.2329	0.0360)
(-7.7143	-0.1487	0.0264)
(-5.0000	0.0197	0.0072)
(-4.7500	0.0486	0.0070)
(-4.5000	0.0771	0.0068)
(-4.2500	0.1060	0.0067)
(-4.0000	0.1347	0.0065)
(-3.7500	0.1636	0.0063)
(-3.5000	0.1923	0.0061)
(-3.2500	0.2212	0.0059)
(-3.0000	0.2501	0.0057)
(-2.7500	0.2792	0.0056)
(-2.5000	0.3081	0.0054)
(-2.2500	0.3372	0.0054)
(-2.0000	0.3660	0.0054)
(-1.7500	0.3951	0.0053)
(-1.5000	0.4239	0.0053)
(-1.2500	0.4530	0.0053)
(-1.0000	0.4816	0.0053)
(-0.7500	0.5106	0.0053)
(-0.2500	0.5682	0.0054)
(0.0000	0.5967	0.0054)
(0.2500	0.6255	0.0054)
(0.5000	0.6540	0.0054)
(0.7500	0.6826	0.0055)
(1.0000	0.7112	0.0055)
(1.2500	0.7395	0.0056)
(1.5000	0.7680	0.0056)
(1.7500	0.7961	0.0056)
(2.0000	0.8246	0.0057)
(2.2500	0.8525	0.0057)
(2.5000	0.8806	0.0058)
(2.7500	0.9084	0.0058)
(3.2500	0.9639	0.0060)
(3.7500	1.0193	0.0061)
(4.2500	1.0741	0.0062)
(4.5000	1.1010	0.0063)
(4.7500	1.1277	0.0064)
(5.0000	1.1544	0.0065)
(5.2500	1.1808	0.0066)
(5.5000	1.2069	0.0067)
(5.7500	1.2330	0.0068)
(6.0000	1.2589	0.0069)
(6.2500	1.2842	0.0071)
(6.5000	1.3082	0.0072)
(6.7500	1.3296	0.0075)
(7.0000	1.3495	0.0078)
(7.2500	1.3674	0.0081)
(7.5000	1.3834	0.0085)
(7.7500	1.3994	0.0089)
(8.0000	1.4137	0.0095)
(8.2500	1.4273	0.0100)
(8.5000	1.4405	0.0106)
(8.7500	1.4536	0.0111)
(9.2500	1.4749	0.0125)
(9.5000	1.4828	0.0133)
(9.7500	1.4901	0.0143)
(10.0000	1.4983	0.0152)
(10.2500	1.5078	0.0161)
(10.5000	1.5190	0.0170)
(10.7500	1.5300	0.0179)
(11.0000	1.5399	0.0189)
(11.2500	1.5483	0.0201)
(11.5000	1.5554	0.0214)
(11.7500	1.5620	0.0227)
(12.0000	1.5689	0.0240)
(12.5000	1.5833	0.0268)
(12.7500	1.5895	0.0284)
(13.0000	1.5940	0.0301)
(13.2500	1.5959	0.0320)
(13.5000	1.5960	0.0341)
(13.7500	1.5983	0.0362)
(14.0000	1.6026	0.0381)
(14.2500	1.6082	0.0399)
(14.5000	1.6140	0.0418)
(14.7500	1.6198	0.0435)
(15.0000	1.6223	0.0452)
(15.2500	1.6274	0.0472)
(15.5000	1.6319	0.0493)
(15.7500	1.6371	0.0512)
(16.0000	1.6413	0.0534)
(16.2500	1.6444	0.0556)
(16.5000	1.6487	0.0577)
(16.7500	1.6524	0.0600)
(17.0000	1.6554	0.0623)
(17.2500	1.6575	0.0647)
(17.5000	1.6591	0.0672)
(17.7500	1.6621	0.0695)
(18.0000	1.6645	0.0720)
(18.2500	1.6661	0.0745)
(18.5000	1.6672	0.0771)
(18.7500	1.6677	0.0798)
(19.0000	1.6670	0.0827)
(19.2500	1.6679	0.0853)
(19.5000	1.6690	0.0880)
(19.7500	1.6697	0.0907)
(20.0000	1.6700	0.0935)
(20.2500	1.6700	0.0963)
(20.5000	1.6696	0.0992)
(20.7500	1.6686	0.1022)
(21.0000	1.6668	0.1053)
(21.2500	1.6662	0.1082)
(21.5000	1.6665	0.1111)
(21.7500	1.6666	0.1139)
(22.0000	1.6665	0.1168)
(22.2500	1.6664	0.1197)
(22.5000	1.6661	0.1226)
(22.7500	1.6654	0.1256)
(23.0000	1.6644	0.1286)
(23.2500	1.6631	0.1317)
(23.5000	1.6613	0.1349)
(23.7500	1.6584	0.1382)
(24.0000	1.6556	0.1415)
(28.7143	1.4627	0.2294)
(33.4286	1.3202	0.3273)
(38.1429	1.2038	0.4325)
(42.8571	1.0997	0.5424)
(47.5714	0.9998	0.6539)
(52.2857	0.8994	0.7643)
(57.0000	0.7959	0.8705)
(61.7143	0.6882	0.9699)
(66.4286	0.5762	1.0599)
(71.1429	0.4607	1.1382)
(75.8571	0.3432	1.2027)
(80.5714	0.2256	1.2519)
(85.2857	0.1104	1.2846)
(90.0000	0.0000	1.3000)
(94.7143	-0.0772	1.2846)
(99.4286	-0.1579	1.2519)
(104.1429	-0.2402	1.2027)
(108.8571	-0.3225	1.1382)
(113.5714	-0.4033	1.0599)
(118.2857	-0.4817	0.9699)
(123.0000	-0.5571	0.8705)
(127.7143	-0.6296	0.7643)
(132.4286	-0.6999	0.6539)
(137.1429	-0.7698	0.5424)
(141.8571	-0.8426	0.4325)
(146.5714	-0.9241	0.3273)
(151.2857	-1.0239	0.2294)
(156.0000	-1.1589	0.1415)
(157.7143	-1.0761	0.1124)
(159.4286	-0.9934	0.0851)
(161.1429	-0.9106	0.0596)
(162.8571	-0.8278	0.0360)
(164.5714	-0.7450	0.0144)
(166.2857	-0.6622	0.0010)
(168.0000	-0.5795	0.0010)
(169.7143	-0.4967	0.0010)
(171.4286	-0.4139	0.0010)
(173.1429	-0.3311	0.0010)
(174.8571	-0.2483	0.0010)
(176.5714	-0.1656	0.0010)
(178.2857	-0.0828	0.0010)
(180.0000	0.0000	0.0010)
