// Re = 0.18
(-180.000000	0.000000	0.012187)
(-178.357143	0.066660	0.013250)
(-176.714286	0.133320	0.016437)
(-175.071429	0.199980	0.021737)
(-173.428571	0.266640	0.029133)
(-171.785714	0.333300	0.038599)
(-170.142857	0.399960	0.050106)
(-168.500000	0.466620	0.063614)
(-166.857143	0.533280	0.079080)
(-165.214286	0.599940	0.096451)
(-163.571429	0.666600	0.115672)
(-161.928571	0.733260	0.136679)
(-160.285714	0.799920	0.159401)
(-158.642857	0.866580	0.183765)
(-157.000000	0.933240	0.209690)
(-152.214286	0.844441	0.293286)
(-147.428571	0.781451	0.387038)
(-142.642857	0.729851	0.488326)
(-137.857143	0.681687	0.594317)
(-133.071429	0.632355	0.702047)
(-128.285714	0.579215	0.808502)
(-123.500000	0.520907	0.910702)
(-118.714286	0.456978	1.005783)
(-113.928571	0.387660	1.091081)
(-109.142857	0.313716	1.164201)
(-104.357143	0.236336	1.223089)
(-99.571429	0.157040	1.266084)
(-94.785714	0.077608	1.291968)
(-90.000000	0.000000	1.300000)
(-85.214286	-0.077608	1.291968)
(-80.428571	-0.157040	1.266084)
(-75.642857	-0.236336	1.223089)
(-70.857143	-0.313716	1.164201)
(-66.071429	-0.387660	1.091081)
(-61.285714	-0.456978	1.005783)
(-56.500000	-0.520907	0.910702)
(-51.714286	-0.579215	0.808502)
(-46.928571	-0.632355	0.702047)
(-42.142857	-0.681687	0.594317)
(-37.357143	-0.729851	0.488326)
(-32.571429	-0.781451	0.387038)
(-27.785714	-0.844441	0.293286)
(-23.000000	-0.933240	0.209690)
(-21.714286	-0.865244	0.195805)
(-20.428571	-0.797249	0.181920)
(-19.142857	-0.729253	0.168035)
(-17.857143	-0.661257	0.154150)
(-16.571429	-0.593261	0.140265)
(-15.285714	-0.525266	0.126380)
(-14.000000	-0.457270	0.112495)
(-12.714286	-0.389274	0.098610)
(-11.428571	-0.321279	0.084725)
(-10.142857	-0.253283	0.070840)
(-8.857143	-0.185287	0.056955)
(-7.571429	-0.117291	0.043070)
(-5.000000	0.018700	0.015300)
(-4.750000	0.048100	0.014670)
(-4.500000	0.076200	0.014690)
(-4.250000	0.105000	0.014810)
(-4.000000	0.136100	0.014920)
(-3.750000	0.162500	0.015130)
(-3.500000	0.189400	0.015360)
(-3.250000	0.217400	0.015550)
(-3.000000	0.246300	0.015680)
(-2.750000	0.272100	0.015850)
(-2.500000	0.299300	0.016000)
(-2.250000	0.327600	0.016170)
(-2.000000	0.352300	0.016390)
(-1.750000	0.378900	0.016520)
(-1.500000	0.408700	0.016560)
(-1.250000	0.434000	0.016670)
(-1.000000	0.460700	0.016740)
(-0.750000	0.491100	0.016720)
(-0.500000	0.517300	0.016790)
(-0.250000	0.545200	0.016840)
(0.000000	0.575100	0.016840)
(0.250000	0.600200	0.016950)
(0.500000	0.628000	0.017010)
(0.750000	0.657700	0.017030)
(1.000000	0.684200	0.017140)
(1.500000	0.739200	0.017280)
(1.750000	0.765400	0.017410)
(2.000000	0.796100	0.017420)
(2.250000	0.821500	0.017590)
(2.500000	0.847800	0.017720)
(2.750000	0.876600	0.017760)
(3.000000	0.900900	0.017950)
(3.250000	0.928100	0.018060)
(3.500000	0.955900	0.018150)
(3.750000	0.980500	0.018340)
(4.000000	1.008900	0.018420)
(4.250000	1.034500	0.018570)
(4.500000	1.058800	0.018760)
(4.750000	1.087500	0.018810)
(5.000000	1.111200	0.018990)
(5.250000	1.134500	0.019170)
(5.500000	1.161500	0.019230)
(5.750000	1.185600	0.019370)
(6.000000	1.208400	0.019560)
(6.250000	1.231200	0.019660)
(6.500000	1.255100	0.019620)
(6.750000	1.276800	0.019540)
(7.000000	1.297800	0.019480)
(7.250000	1.319000	0.019420)
(7.500000	1.335800	0.019400)
(7.750000	1.348800	0.019350)
(8.000000	1.376400	0.019250)
(8.250000	1.404000	0.019380)
(8.500000	1.433100	0.019330)
(8.750000	1.455400	0.019540)
(9.000000	1.480200	0.019750)
(9.250000	1.499000	0.020090)
(9.500000	1.517300	0.020390)
(9.750000	1.530500	0.020800)
(10.000000	1.540900	0.021320)
(10.250000	1.548800	0.021960)
(10.500000	1.553000	0.022830)
(10.750000	1.555000	0.023930)
(11.000000	1.554000	0.025340)
(11.250000	1.550400	0.027110)
(11.500000	1.543800	0.029250)
(11.750000	1.535300	0.031740)
(12.000000	1.525100	0.034540)
(12.250000	1.514000	0.037600)
(12.500000	1.502600	0.040850)
(12.750000	1.491800	0.044220)
(13.000000	1.481700	0.047690)
(13.250000	1.471800	0.051300)
(13.500000	1.463000	0.054910)
(13.750000	1.455200	0.058540)
(14.000000	1.447900	0.062190)
(14.250000	1.441400	0.065840)
(14.500000	1.436200	0.069410)
(14.750000	1.430400	0.073100)
(15.000000	1.424900	0.076810)
(15.250000	1.420100	0.080520)
(15.500000	1.413900	0.084430)
(15.750000	1.406900	0.088450)
(16.000000	1.401600	0.092330)
(16.250000	1.397000	0.096070)
(16.500000	1.248100	0.105640)
(16.750000	1.237300	0.109280)
(17.000000	1.228000	0.112540)
(17.250000	1.219700	0.115390)
(17.500000	1.213800	0.117790)
(17.750000	1.211200	0.119560)
(18.000000	1.207500	0.121570)
(18.250000	1.206900	0.122570)
(18.500000	1.201900	0.124020)
(18.750000	1.204000	0.124680)
(19.000000	1.198800	0.126490)
(19.250000	1.204200	0.127010)
(19.500000	1.197700	0.129120)
(19.750000	1.192800	0.131130)
(20.000000	1.196500	0.131980)
(20.250000	1.191300	0.134130)
(20.500000	1.176700	0.137670)
(20.750000	1.162200	0.141310)
(21.000000	1.147200	0.145170)
(21.250000	1.130100	0.149460)
(21.500000	1.106100	0.154980)
(21.750000	1.069100	0.162900)
(22.000000	1.026300	0.172450)
(22.250000	0.986100	0.182260)
(22.500000	1.384800	0.186640)
(22.750000	1.359300	0.197660)
(23.000000	1.333200	0.209690)
(27.785714	1.206344	0.293286)
(32.571429	1.116358	0.387038)
(37.357143	1.042644	0.488326)
(42.142857	0.973839	0.594317)
(46.928571	0.903364	0.702047)
(51.714286	0.827450	0.808502)
(56.500000	0.744153	0.910702)
(61.285714	0.652826	1.005783)
(66.071429	0.553800	1.091081)
(70.857143	0.448166	1.164201)
(75.642857	0.337622	1.223089)
(80.428571	0.224343	1.266084)
(85.214286	0.110868	1.291968)
(90.000000	0.000000	1.300000)
(94.785714	-0.077608	1.291968)
(99.571429	-0.157040	1.266084)
(104.357143	-0.236336	1.223089)
(109.142857	-0.313716	1.164201)
(113.928571	-0.387660	1.091081)
(118.714286	-0.456978	1.005783)
(123.500000	-0.520907	0.910702)
(128.285714	-0.579215	0.808502)
(133.071429	-0.632355	0.702047)
(137.857143	-0.681687	0.594317)
(142.642857	-0.729851	0.488326)
(147.428571	-0.781451	0.387038)
(152.214286	-0.844441	0.293286)
(157.000000	-0.933240	0.209690)
(158.642857	-0.866580	0.183765)
(160.285714	-0.799920	0.159401)
(161.928571	-0.733260	0.136679)
(163.571429	-0.666600	0.115672)
(165.214286	-0.599940	0.096451)
(166.857143	-0.533280	0.079080)
(168.500000	-0.466620	0.063614)
(170.142857	-0.399960	0.050106)
(171.785714	-0.333300	0.038599)
(173.428571	-0.266640	0.029133)
(175.071429	-0.199980	0.021737)
(176.714286	-0.133320	0.016437)
(178.357143	-0.066660	0.013250)
(180.000000	0.000000	0.012187)
