// Re = 0.22
(-180.000000	0.000000	0.001000)
(-178.446429	0.064660	0.001000)
(-176.892857	0.129320	0.001000)
(-175.339286	0.193980	0.001000)
(-173.785714	0.258640	0.001000)
(-172.232143	0.323300	0.007857)
(-170.678571	0.387960	0.018279)
(-169.125000	0.452620	0.030523)
(-167.571429	0.517280	0.044554)
(-166.017857	0.581940	0.060331)
(-164.464286	0.646600	0.077807)
(-162.910714	0.711260	0.096931)
(-161.357143	0.775920	0.117647)
(-159.803571	0.840580	0.139895)
(-158.250000	0.905240	0.163610)
(-153.375000	0.818057	0.246751)
(-148.500000	0.759241	0.341231)
(-143.625000	0.712508	0.444335)
(-138.750000	0.669124	0.553100)
(-133.875000	0.624115	0.664403)
(-129.000000	0.574654	0.775049)
(-124.125000	0.519290	0.881865)
(-119.250000	0.457539	0.981787)
(-114.375000	0.389641	1.071956)
(-109.500000	0.316401	1.149791)
(-104.625000	0.239078	1.213073)
(-99.750000	0.159282	1.260001)
(-94.875000	0.078897	1.289248)
(-90.000000	0.000000	1.300000)
(-85.125000	-0.078897	1.289248)
(-80.250000	-0.159282	1.260001)
(-75.375000	-0.239078	1.213073)
(-70.500000	-0.316401	1.149791)
(-65.625000	-0.389641	1.071956)
(-60.750000	-0.457539	0.981787)
(-55.875000	-0.519290	0.881865)
(-51.000000	-0.574654	0.775049)
(-46.125000	-0.624115	0.664403)
(-41.250000	-0.669124	0.553100)
(-36.375000	-0.712508	0.444335)
(-31.500000	-0.759241	0.341231)
(-26.625000	-0.818057	0.246751)
(-21.750000	-0.905240	0.163610)
(-20.553571	-0.857951	0.152908)
(-19.357143	-0.810663	0.142206)
(-18.160714	-0.763374	0.131504)
(-16.964286	-0.716086	0.120801)
(-15.767857	-0.668797	0.110099)
(-14.571429	-0.621509	0.099397)
(-13.375000	-0.574220	0.088695)
(-12.178571	-0.526931	0.077993)
(-10.982143	-0.479643	0.067291)
(-9.785714	-0.432354	0.056589)
(-8.589286	-0.385066	0.045886)
(-7.392857	-0.337777	0.035184)
(-5.000000	-0.243200	0.013780)
(-4.750000	-0.215300	0.013860)
(-4.500000	-0.187200	0.013960)
(-4.250000	-0.159000	0.014040)
(-4.000000	-0.131200	0.014150)
(-3.750000	-0.103200	0.014270)
(-3.500000	-0.074800	0.014360)
(-3.250000	-0.046800	0.014440)
(-3.000000	-0.018700	0.014490)
(-2.750000	0.009900	0.014500)
(-2.500000	0.038500	0.014500)
(-2.250000	0.066800	0.014510)
(-2.000000	0.095100	0.014540)
(-1.750000	0.124000	0.014520)
(-1.500000	0.152400	0.014520)
(-1.250000	0.180700	0.014550)
(-1.000000	0.209600	0.014540)
(-0.750000	0.238200	0.014550)
(-0.500000	0.266500	0.014590)
(-0.250000	0.295300	0.014600)
(0.000000	0.323900	0.014620)
(0.250000	0.352400	0.014660)
(0.500000	0.380800	0.014700)
(0.750000	0.409300	0.014750)
(1.000000	0.438100	0.014780)
(1.250000	0.466000	0.014850)
(1.500000	0.494600	0.014910)
(1.750000	0.522900	0.014970)
(2.000000	0.550700	0.015050)
(2.250000	0.579800	0.015110)
(2.500000	0.607300	0.015190)
(2.750000	0.634900	0.015290)
(3.000000	0.664100	0.015340)
(3.250000	0.691400	0.015440)
(3.500000	0.718400	0.015540)
(3.750000	0.747100	0.015600)
(4.000000	0.774500	0.015700)
(4.250000	0.801700	0.015800)
(4.500000	0.828800	0.015880)
(4.750000	0.857000	0.015930)
(5.000000	0.883200	0.016010)
(5.250000	0.909600	0.016050)
(5.500000	0.936000	0.016080)
(5.750000	0.962300	0.016110)
(6.000000	0.988200	0.016140)
(6.250000	1.013800	0.016130)
(6.500000	1.038800	0.016060)
(6.750000	1.061200	0.016040)
(7.000000	1.084900	0.016010)
(7.250000	1.106500	0.016060)
(7.500000	1.128100	0.016100)
(7.750000	1.148200	0.016170)
(8.000000	1.167600	0.016250)
(8.250000	1.185000	0.016370)
(8.500000	1.200100	0.016520)
(8.750000	1.212400	0.016710)
(9.000000	1.221700	0.016960)
(9.250000	1.225500	0.017220)
(9.500000	1.234300	0.017790)
(9.750000	1.241600	0.019010)
(10.000000	1.243500	0.020590)
(10.250000	1.242000	0.022460)
(10.500000	1.238700	0.024600)
(10.750000	1.234200	0.026950)
(11.000000	1.229600	0.029440)
(11.250000	1.225200	0.032050)
(11.500000	1.221900	0.034660)
(11.750000	1.219500	0.037290)
(12.000000	1.217800	0.039920)
(12.250000	1.217600	0.042480)
(12.500000	1.217700	0.045100)
(12.750000	1.218900	0.047660)
(13.000000	1.221500	0.050150)
(13.250000	1.225400	0.052570)
(13.500000	1.230000	0.054930)
(13.750000	1.235300	0.057250)
(14.000000	1.241200	0.059510)
(14.250000	1.248100	0.061650)
(14.500000	1.255500	0.063830)
(14.750000	1.264000	0.065830)
(15.000000	1.273000	0.067790)
(15.250000	1.282000	0.069800)
(15.500000	1.294200	0.071320)
(15.750000	1.301900	0.073590)
(16.000000	1.317000	0.074740)
(16.250000	1.322500	0.077350)
(16.500000	1.336900	0.078650)
(16.750000	1.342800	0.081210)
(17.000000	1.353700	0.083040)
(17.250000	1.364100	0.084950)
(17.500000	1.368300	0.087780)
(17.750000	1.385100	0.088780)
(18.000000	1.384700	0.092270)
(18.250000	1.386800	0.095400)
(18.500000	1.402200	0.096580)
(18.750000	1.400500	0.100270)
(19.000000	1.394500	0.104650)
(19.250000	1.396000	0.107890)
(19.500000	1.418000	0.107970)
(19.750000	1.401100	0.114050)
(20.000000	1.386700	0.119920)
(20.250000	1.373900	0.125650)
(20.500000	1.362700	0.131190)
(20.750000	1.356600	0.135920)
(21.000000	1.376700	0.135870)
(21.250000	1.351100	0.144240)
(21.500000	1.323600	0.153380)
(21.750000	1.293200	0.163610)
(26.625000	1.168653	0.246751)
(31.500000	1.084630	0.341231)
(36.375000	1.017869	0.444335)
(41.250000	0.955892	0.553100)
(46.125000	0.891592	0.664403)
(51.000000	0.820934	0.775049)
(55.875000	0.741843	0.881865)
(60.750000	0.653627	0.981787)
(65.625000	0.556629	1.071956)
(70.500000	0.452002	1.149791)
(75.375000	0.341540	1.213073)
(80.250000	0.227546	1.260001)
(85.125000	0.112710	1.289248)
(90.000000	0.000000	1.300000)
(94.875000	-0.078897	1.289248)
(99.750000	-0.159282	1.260001)
(104.625000	-0.239078	1.213073)
(109.500000	-0.316401	1.149791)
(114.375000	-0.389641	1.071956)
(119.250000	-0.457539	0.981787)
(124.125000	-0.519290	0.881865)
(129.000000	-0.574654	0.775049)
(133.875000	-0.624115	0.664403)
(138.750000	-0.669124	0.553100)
(143.625000	-0.712508	0.444335)
(148.500000	-0.759241	0.341231)
(153.375000	-0.818057	0.246751)
(158.250000	-0.905240	0.163610)
(159.803571	-0.840580	0.139895)
(161.357143	-0.775920	0.117647)
(162.910714	-0.711260	0.096931)
(164.464286	-0.646600	0.077807)
(166.017857	-0.581940	0.060331)
(167.571429	-0.517280	0.044554)
(169.125000	-0.452620	0.030523)
(170.678571	-0.387960	0.018279)
(172.232143	-0.323300	0.007857)
(173.785714	-0.258640	0.001000)
(175.339286	-0.193980	0.001000)
(176.892857	-0.129320	0.001000)
(178.446429	-0.064660	0.001000)
(180.000000	0.000000	0.001000)
