// Re = 0.05
(-180.000000	0.000000	0.001000)
(-177.857143	0.059585	0.001000)
(-175.714286	0.119170	0.001000)
(-173.571429	0.178755	0.007645)
(-171.428571	0.238340	0.020268)
(-169.285714	0.297925	0.036377)
(-167.142857	0.357510	0.055882)
(-165.000000	0.417095	0.078674)
(-162.857143	0.476680	0.104625)
(-160.714286	0.536265	0.133592)
(-158.571429	0.595850	0.165412)
(-156.428571	0.655435	0.199908)
(-154.285714	0.715020	0.236887)
(-152.142857	0.774605	0.276144)
(-150.000000	0.834190	0.317460)
(-145.714286	0.779149	0.405335)
(-141.428571	0.731269	0.498554)
(-137.142857	0.685552	0.595043)
(-132.857143	0.638915	0.692653)
(-128.571429	0.589492	0.789210)
(-124.285714	0.536245	0.882567)
(-120.000000	0.478748	0.970647)
(-115.714286	0.417045	1.051491)
(-111.428571	0.351553	1.123303)
(-107.142857	0.282989	1.184489)
(-102.857143	0.212320	1.233692)
(-98.571429	0.140705	1.269825)
(-94.285714	0.069458	1.292089)
(-90.000000	0.000000	1.300000)
(-85.714286	-0.069458	1.292089)
(-81.428571	-0.140705	1.269825)
(-77.142857	-0.212320	1.233692)
(-72.857143	-0.282989	1.184489)
(-68.571429	-0.351553	1.123303)
(-64.285714	-0.417045	1.051491)
(-60.000000	-0.478748	0.970647)
(-55.714286	-0.536245	0.882567)
(-51.428571	-0.589492	0.789210)
(-47.142857	-0.638915	0.692653)
(-42.857143	-0.685552	0.595043)
(-38.571429	-0.731269	0.498554)
(-34.285714	-0.779149	0.405335)
(-30.000000	-0.834190	0.317460)
(-28.214286	-0.826969	0.297904)
(-26.428571	-0.819749	0.278349)
(-24.642857	-0.812528	0.258793)
(-22.857143	-0.805307	0.239237)
(-21.071429	-0.798086	0.219681)
(-19.285714	-0.790866	0.200126)
(-17.500000	-0.783645	0.180570)
(-15.714286	-0.776424	0.161014)
(-13.928571	-0.769204	0.141459)
(-12.142857	-0.761983	0.121903)
(-10.357143	-0.754762	0.102347)
(-8.571429	-0.747541	0.082791)
(-5.000000	-0.733100	0.043680)
(-4.750000	-0.720200	0.045190)
(-4.500000	-0.708700	0.047080)
(-4.250000	-0.699600	0.049420)
(-4.000000	-0.690200	0.051650)
(-3.750000	-0.681000	0.053750)
(-3.500000	-0.671700	0.055610)
(-3.250000	-0.661900	0.057110)
(-3.000000	-0.653100	0.058600)
(-2.750000	-0.643900	0.059720)
(-2.500000	-0.632400	0.060400)
(-2.250000	-0.611900	0.062630)
(-2.000000	-0.591400	0.064070)
(-1.750000	-0.571300	0.065100)
(-1.500000	-0.553300	0.066320)
(-1.250000	-0.534900	0.067120)
(-1.000000	-0.517200	0.067410)
(-0.750000	-0.500500	0.067910)
(-0.500000	-0.481300	0.068220)
(-0.250000	-0.462100	0.068270)
(0.000000	-0.445200	0.068360)
(0.250000	-0.426500	0.068580)
(0.500000	-0.407300	0.068820)
(0.750000	-0.388600	0.069050)
(1.000000	-0.370100	0.069280)
(1.250000	-0.352100	0.069490)
(1.500000	-0.334100	0.069710)
(1.750000	-0.315500	0.070010)
(2.000000	-0.294900	0.070510)
(2.250000	-0.268500	0.071530)
(2.500000	-0.251800	0.071670)
(2.750000	-0.235000	0.071970)
(3.000000	-0.215300	0.072620)
(3.250000	-0.187300	0.073960)
(3.500000	-0.173000	0.074100)
(3.750000	-0.155900	0.074680)
(4.000000	-0.128300	0.076220)
(4.250000	-0.112600	0.076610)
(4.500000	-0.097700	0.077160)
(4.750000	-0.072700	0.078640)
(5.000000	-0.053400	0.079440)
(5.250000	-0.037600	0.080120)
(5.500000	-0.011600	0.081710)
(5.750000	0.020900	0.083610)
(6.000000	0.045700	0.084900)
(6.250000	0.074800	0.086610)
(6.500000	0.098200	0.088020)
(6.750000	0.127500	0.090260)
(7.000000	0.143500	0.091410)
(7.250000	0.164000	0.093190)
(7.500000	0.192900	0.095790)
(7.750000	0.223100	0.098430)
(8.000000	0.241100	0.100130)
(8.250000	0.261500	0.102240)
(8.500000	0.285300	0.104750)
(8.750000	0.317600	0.108060)
(9.000000	0.338900	0.110300)
(9.250000	0.355900	0.112350)
(9.750000	0.392600	0.117030)
(10.000000	0.412400	0.119600)
(10.250000	0.433700	0.122340)
(10.500000	0.456900	0.125310)
(10.750000	0.478500	0.128130)
(11.000000	0.493000	0.130320)
(11.250000	0.507400	0.132580)
(11.500000	0.521600	0.134890)
(11.750000	0.535800	0.137260)
(12.000000	0.549800	0.139640)
(12.250000	0.563700	0.142060)
(12.500000	0.577400	0.144490)
(12.750000	0.590900	0.146940)
(13.000000	0.604300	0.149410)
(13.250000	0.617600	0.151900)
(13.500000	0.630900	0.154430)
(13.750000	0.644000	0.156960)
(14.000000	0.657200	0.159560)
(14.250000	0.670200	0.162190)
(14.500000	0.683300	0.164860)
(14.750000	0.693700	0.167310)
(15.000000	0.703100	0.169660)
(15.250000	0.712600	0.172030)
(15.500000	0.722300	0.174430)
(15.750000	0.732100	0.176880)
(16.000000	0.742100	0.179370)
(16.250000	0.752200	0.181890)
(16.500000	0.762400	0.184450)
(16.750000	0.772700	0.187040)
(17.000000	0.783100	0.189670)
(17.250000	0.793600	0.192310)
(17.500000	0.804100	0.194980)
(17.750000	0.814500	0.197620)
(18.000000	0.824800	0.200280)
(18.250000	0.835000	0.202960)
(18.500000	0.844900	0.205570)
(18.750000	0.854000	0.208110)
(19.000000	0.863100	0.210670)
(19.250000	0.872400	0.213250)
(19.500000	0.880600	0.215800)
(19.750000	0.888500	0.218230)
(20.000000	0.895800	0.220620)
(20.250000	0.902900	0.222970)
(20.500000	0.910100	0.225340)
(20.750000	0.918100	0.227770)
(21.000000	0.927200	0.230390)
(21.250000	0.937800	0.233230)
(21.500000	0.950700	0.236610)
(21.750000	0.955200	0.238700)
(22.000000	0.961000	0.240960)
(22.250000	0.968700	0.243470)
(22.500000	0.977800	0.246150)
(22.750000	0.987400	0.248970)
(23.000000	0.996600	0.251770)
(23.250000	1.004800	0.254480)
(23.500000	1.012000	0.256990)
(23.750000	1.018500	0.259380)
(24.000000	1.024800	0.261830)
(24.250000	1.031500	0.264330)
(24.500000	1.039200	0.266920)
(24.750000	1.048900	0.269850)
(25.000000	1.057900	0.272500)
(25.250000	1.062000	0.274480)
(25.500000	1.068700	0.276830)
(25.750000	1.078900	0.279890)
(26.000000	1.085100	0.281840)
(26.250000	1.090400	0.284070)
(26.500000	1.099700	0.286860)
(26.750000	1.106400	0.288930)
(27.000000	1.111700	0.291110)
(27.250000	1.121500	0.294110)
(27.500000	1.126400	0.295840)
(27.750000	1.132800	0.298010)
(28.000000	1.142100	0.300730)
(28.250000	1.146100	0.302490)
(28.500000	1.154700	0.305120)
(28.750000	1.160100	0.306920)
(29.000000	1.166500	0.309070)
(29.250000	1.174000	0.311460)
(29.500000	1.179000	0.313210)
(29.750000	1.187900	0.315990)
(30.000000	1.191700	0.317460)
(34.285714	1.113070	0.405335)
(38.571429	1.044670	0.498554)
(42.857143	0.979359	0.595043)
(47.142857	0.912736	0.692653)
(51.428571	0.842131	0.789210)
(55.714286	0.766064	0.882567)
(60.000000	0.683926	0.970647)
(64.285714	0.595779	1.051491)
(68.571429	0.502218	1.123303)
(72.857143	0.404271	1.184489)
(77.142857	0.303315	1.233692)
(81.428571	0.201008	1.269825)
(85.714286	0.099225	1.292089)
(90.000000	0.000000	1.300000)
(94.285714	-0.069458	1.292089)
(98.571429	-0.140705	1.269825)
(102.857143	-0.212320	1.233692)
(107.142857	-0.282989	1.184489)
(111.428571	-0.351553	1.123303)
(115.714286	-0.417045	1.051491)
(120.000000	-0.478748	0.970647)
(124.285714	-0.536245	0.882567)
(128.571429	-0.589492	0.789210)
(132.857143	-0.638915	0.692653)
(137.142857	-0.685552	0.595043)
(141.428571	-0.731269	0.498554)
(145.714286	-0.779149	0.405335)
(150.000000	-0.834190	0.317460)
(152.142857	-0.774605	0.276144)
(154.285714	-0.715020	0.236887)
(156.428571	-0.655435	0.199908)
(158.571429	-0.595850	0.165412)
(160.714286	-0.536265	0.133592)
(162.857143	-0.476680	0.104625)
(165.000000	-0.417095	0.078674)
(167.142857	-0.357510	0.055882)
(169.285714	-0.297925	0.036377)
(171.428571	-0.238340	0.020268)
(173.571429	-0.178755	0.007645)
(175.714286	-0.119170	0.001000)
(177.857143	-0.059585	0.001000)
(180.000000	0.000000	0.001000)
