// Re = 0.1
(-180.000000	0.000000	0.084912)
(-179.410714	0.022745	0.085045)
(-178.821429	0.045490	0.085444)
(-178.232143	0.068235	0.086108)
(-177.642857	0.090980	0.087039)
(-177.053571	0.113725	0.088234)
(-176.464286	0.136470	0.089694)
(-175.875000	0.159215	0.091418)
(-175.285714	0.181960	0.093405)
(-174.696429	0.204705	0.095655)
(-174.107143	0.227450	0.098166)
(-173.517857	0.250195	0.100937)
(-172.928571	0.272940	0.103967)
(-172.339286	0.295685	0.107256)
(-171.750000	0.318430	0.110800)
(-165.910714	0.321983	0.159395)
(-160.071429	0.363477	0.230858)
(-154.232143	0.407977	0.322151)
(-148.392857	0.444541	0.429390)
(-142.553571	0.468012	0.548007)
(-136.714286	0.475609	0.672938)
(-130.875000	0.465991	0.798837)
(-125.035714	0.438911	0.920298)
(-119.196429	0.395062	1.032080)
(-113.357143	0.335960	1.129328)
(-107.517857	0.263843	1.207775)
(-101.678571	0.181550	1.263921)
(-95.839286	0.092390	1.295183)
(-90.000000	0.000000	1.300000)
(-84.160714	-0.092390	1.295183)
(-78.321429	-0.181550	1.263921)
(-72.482143	-0.263843	1.207775)
(-66.642857	-0.335960	1.129328)
(-60.803571	-0.395062	1.032080)
(-54.964286	-0.438911	0.920298)
(-49.125000	-0.465991	0.798837)
(-43.285714	-0.475609	0.672938)
(-37.446429	-0.468012	0.548007)
(-31.607143	-0.444541	0.429390)
(-25.767857	-0.407977	0.322151)
(-19.928571	-0.363477	0.230858)
(-14.089286	-0.321983	0.159395)
(-8.250000	-0.318430	0.110800)
(-7.303571	-0.279306	0.109291)
(-6.357143	-0.240183	0.107781)
(-5.410714	-0.201059	0.106272)
(-4.464286	-0.161936	0.104763)
(-3.517857	-0.122812	0.103254)
(-2.571429	-0.083689	0.101744)
(-1.625000	-0.044565	0.100235)
(-0.678571	-0.005441	0.098726)
(0.267857	0.033682	0.097216)
(1.214286	0.072806	0.095707)
(2.160714	0.111929	0.094198)
(3.107143	0.151053	0.092689)
(5.000000	0.229300	0.089670)
(5.250000	0.255100	0.091010)
(5.500000	0.267900	0.092540)
(5.750000	0.279400	0.094080)
(6.000000	0.313800	0.095720)
(6.250000	0.322200	0.097200)
(6.500000	0.333700	0.098880)
(6.750000	0.351300	0.100680)
(7.000000	0.378600	0.102170)
(7.250000	0.390200	0.103950)
(7.500000	0.399400	0.105620)
(7.750000	0.415200	0.107510)
(8.000000	0.448400	0.109200)
(8.250000	0.454900	0.110800)
(14.089286	0.459976	0.159395)
(19.928571	0.519252	0.230858)
(25.767857	0.582824	0.322151)
(31.607143	0.635059	0.429390)
(37.446429	0.668588	0.548007)
(43.285714	0.679442	0.672938)
(49.125000	0.665702	0.798837)
(54.964286	0.627016	0.920298)
(60.803571	0.564374	1.032080)
(66.642857	0.479943	1.129328)
(72.482143	0.376919	1.207775)
(78.321429	0.259357	1.263921)
(84.160714	0.131986	1.295183)
(90.000000	0.000000	1.300000)
(95.839286	-0.092390	1.295183)
(101.678571	-0.181550	1.263921)
(107.517857	-0.263843	1.207775)
(113.357143	-0.335960	1.129328)
(119.196429	-0.395062	1.032080)
(125.035714	-0.438911	0.920298)
(130.875000	-0.465991	0.798837)
(136.714286	-0.475609	0.672938)
(142.553571	-0.468012	0.548007)
(148.392857	-0.444541	0.429390)
(154.232143	-0.407977	0.322151)
(160.071429	-0.363477	0.230858)
(165.910714	-0.321983	0.159395)
(171.750000	-0.318430	0.110800)
(172.339286	-0.295685	0.107256)
(172.928571	-0.272940	0.103967)
(173.517857	-0.250195	0.100937)
(174.107143	-0.227450	0.098166)
(174.696429	-0.204705	0.095655)
(175.285714	-0.181960	0.093405)
(175.875000	-0.159215	0.091418)
(176.464286	-0.136470	0.089694)
(177.053571	-0.113725	0.088234)
(177.642857	-0.090980	0.087039)
(178.232143	-0.068235	0.086108)
(178.821429	-0.045490	0.085444)
(179.410714	-0.022745	0.085045)
(180.000000	0.000000	0.084912)
