// Re = 0.21
(-180.000000	0.000000	0.001000)
(-178.321429	0.069030	0.001000)
(-176.642857	0.138060	0.003172)
(-174.964286	0.207090	0.008733)
(-173.285714	0.276120	0.016492)
(-171.607143	0.345150	0.026421)
(-169.928571	0.414180	0.038488)
(-168.250000	0.483210	0.052650)
(-166.571429	0.552240	0.068859)
(-164.892857	0.621270	0.087060)
(-163.214286	0.690300	0.107189)
(-161.535714	0.759330	0.129178)
(-159.857143	0.828360	0.152952)
(-158.178571	0.897390	0.178428)
(-156.500000	0.966420	0.205520)
(-151.750000	0.871963	0.290106)
(-147.000000	0.803662	0.384541)
(-142.250000	0.747312	0.486235)
(-137.500000	0.695001	0.592399)
(-132.750000	0.642116	0.700124)
(-128.000000	0.585998	0.806456)
(-123.250000	0.525263	0.908481)
(-118.500000	0.459432	1.003401)
(-113.750000	0.388703	1.088615)
(-109.000000	0.313806	1.161788)
(-104.250000	0.235889	1.220914)
(-99.500000	0.156431	1.264375)
(-94.750000	0.077164	1.290979)
(-90.000000	0.000000	1.300000)
(-85.250000	-0.077164	1.290979)
(-80.500000	-0.156431	1.264375)
(-75.750000	-0.235889	1.220914)
(-71.000000	-0.313806	1.161788)
(-66.250000	-0.388703	1.088615)
(-61.500000	-0.459432	1.003401)
(-56.750000	-0.525263	0.908481)
(-52.000000	-0.585998	0.806456)
(-47.250000	-0.642116	0.700124)
(-42.500000	-0.695001	0.592399)
(-37.750000	-0.747312	0.486235)
(-33.000000	-0.803662	0.384541)
(-28.250000	-0.871963	0.290106)
(-23.500000	-0.966420	0.205520)
(-22.178571	-0.895476	0.191849)
(-20.857143	-0.824531	0.178177)
(-19.535714	-0.753587	0.164506)
(-18.214286	-0.682643	0.150834)
(-16.892857	-0.611699	0.137163)
(-15.571429	-0.540754	0.123491)
(-14.250000	-0.469810	0.109820)
(-12.928571	-0.398866	0.096149)
(-11.607143	-0.327921	0.082477)
(-10.285714	-0.256977	0.068806)
(-8.964286	-0.186033	0.055134)
(-7.642857	-0.115089	0.041463)
(-5.000000	0.026800	0.014120)
(-4.750000	0.056200	0.013350)
(-4.500000	0.086700	0.013230)
(-4.250000	0.115400	0.013280)
(-4.000000	0.143600	0.013380)
(-3.750000	0.172400	0.013500)
(-3.500000	0.202200	0.013630)
(-3.250000	0.229400	0.013800)
(-3.000000	0.256600	0.013950)
(-2.750000	0.286300	0.014030)
(-2.500000	0.313500	0.014140)
(-2.250000	0.340100	0.014310)
(-2.000000	0.368400	0.014450)
(-1.750000	0.395900	0.014560)
(-1.500000	0.422500	0.014680)
(-1.250000	0.450800	0.014740)
(-1.000000	0.479600	0.014770)
(-0.750000	0.507200	0.014830)
(-0.500000	0.535100	0.014880)
(-0.250000	0.563400	0.014910)
(0.000000	0.591100	0.014980)
(0.250000	0.621000	0.015000)
(0.500000	0.647500	0.015080)
(0.750000	0.674800	0.015160)
(1.000000	0.705000	0.015190)
(1.250000	0.731800	0.015300)
(1.500000	0.758900	0.015390)
(1.750000	0.787500	0.015450)
(2.000000	0.814000	0.015570)
(2.250000	0.842800	0.015660)
(2.500000	0.870600	0.015760)
(2.750000	0.896300	0.015890)
(3.000000	0.925900	0.015950)
(3.250000	0.950900	0.016110)
(3.500000	0.977900	0.016240)
(3.750000	1.006700	0.016330)
(4.000000	1.032000	0.016500)
(4.250000	1.059100	0.016630)
(4.500000	1.086100	0.016730)
(4.750000	1.110600	0.016900)
(5.000000	1.137300	0.017030)
(5.250000	1.164000	0.017140)
(5.500000	1.188100	0.017320)
(5.750000	1.213800	0.017450)
(6.000000	1.241000	0.017510)
(6.250000	1.263600	0.017580)
(6.500000	1.286500	0.017570)
(6.750000	1.309200	0.017590)
(7.000000	1.330500	0.017690)
(7.250000	1.350900	0.017790)
(7.500000	1.370400	0.017850)
(7.750000	1.388400	0.017840)
(8.000000	1.404300	0.017750)
(8.250000	1.411700	0.017640)
(8.500000	1.434000	0.017640)
(8.750000	1.459400	0.017920)
(9.000000	1.483100	0.018230)
(9.250000	1.503500	0.018580)
(9.500000	1.520200	0.018950)
(9.750000	1.533100	0.019450)
(10.000000	1.542800	0.020070)
(10.250000	1.549100	0.020880)
(10.500000	1.552900	0.021920)
(10.750000	1.554000	0.023240)
(11.000000	1.551900	0.024900)
(11.250000	1.547200	0.026910)
(11.500000	1.539800	0.029280)
(11.750000	1.530900	0.031950)
(12.000000	1.521300	0.034840)
(12.250000	1.511600	0.037890)
(12.500000	1.502100	0.041080)
(12.750000	1.493000	0.044380)
(13.000000	1.485000	0.047710)
(13.250000	1.477400	0.051130)
(13.500000	1.470400	0.054590)
(13.750000	1.464100	0.058070)
(14.000000	1.458600	0.061540)
(14.250000	1.452900	0.065090)
(14.500000	1.448500	0.068580)
(14.750000	1.443200	0.072210)
(15.000000	1.437900	0.075910)
(15.250000	1.432900	0.079630)
(15.500000	1.426400	0.083610)
(15.750000	1.418800	0.087740)
(16.000000	1.412500	0.091750)
(16.250000	1.407600	0.095620)
(16.500000	1.403900	0.099300)
(16.750000	1.402400	0.102720)
(17.000000	1.402500	0.105920)
(17.250000	1.403500	0.108950)
(17.500000	1.405700	0.111820)
(17.750000	1.408900	0.114510)
(18.000000	1.412700	0.117100)
(18.250000	1.417700	0.119480)
(18.500000	1.422500	0.121930)
(18.750000	1.430600	0.123610)
(19.000000	1.434300	0.126340)
(19.250000	1.440600	0.128480)
(19.500000	1.449700	0.130000)
(19.750000	1.452500	0.132880)
(20.000000	1.458000	0.135200)
(20.250000	1.467500	0.136650)
(20.500000	1.471200	0.139280)
(20.750000	1.469800	0.143000)
(21.000000	1.470200	0.146350)
(21.250000	1.473300	0.149160)
(21.500000	1.481300	0.150890)
(21.750000	1.483200	0.153920)
(22.000000	1.473500	0.159540)
(22.250000	1.463000	0.165430)
(22.500000	1.451100	0.171810)
(22.750000	1.437200	0.178770)
(23.000000	1.421100	0.186540)
(23.250000	1.401900	0.195460)
(23.500000	1.380600	0.205520)
(28.250000	1.245661	0.290106)
(33.000000	1.148089	0.384541)
(37.750000	1.067589	0.486235)
(42.500000	0.992858	0.592399)
(47.250000	0.917308	0.700124)
(52.000000	0.837140	0.806456)
(56.750000	0.750376	0.908481)
(61.500000	0.656331	1.003401)
(66.250000	0.555290	1.088615)
(71.000000	0.448294	1.161788)
(75.750000	0.336985	1.220914)
(80.500000	0.223474	1.264375)
(85.250000	0.110234	1.290979)
(90.000000	0.000000	1.300000)
(94.750000	-0.077164	1.290979)
(99.500000	-0.156431	1.264375)
(104.250000	-0.235889	1.220914)
(109.000000	-0.313806	1.161788)
(113.750000	-0.388703	1.088615)
(118.500000	-0.459432	1.003401)
(123.250000	-0.525263	0.908481)
(128.000000	-0.585998	0.806456)
(132.750000	-0.642116	0.700124)
(137.500000	-0.695001	0.592399)
(142.250000	-0.747312	0.486235)
(147.000000	-0.803662	0.384541)
(151.750000	-0.871963	0.290106)
(156.500000	-0.966420	0.205520)
(158.178571	-0.897390	0.178428)
(159.857143	-0.828360	0.152952)
(161.535714	-0.759330	0.129178)
(163.214286	-0.690300	0.107189)
(164.892857	-0.621270	0.087060)
(166.571429	-0.552240	0.068859)
(168.250000	-0.483210	0.052650)
(169.928571	-0.414180	0.038488)
(171.607143	-0.345150	0.026421)
(173.285714	-0.276120	0.016492)
(174.964286	-0.207090	0.008733)
(176.642857	-0.138060	0.003172)
(178.321429	-0.069030	0.001000)
(180.000000	0.000000	0.001000)
