// Re = 0.4
(-180.000000	0.000000	0.001000)
(-178.214286	0.066580	0.001000)
(-176.428571	0.133160	0.001000)
(-174.642857	0.199740	0.001000)
(-172.857143	0.266320	0.001000)
(-171.071429	0.332900	0.006693)
(-169.285714	0.399480	0.020443)
(-167.500000	0.466060	0.036568)
(-165.714286	0.532640	0.055004)
(-163.928571	0.599220	0.075680)
(-162.142857	0.665800	0.098518)
(-160.357143	0.732380	0.123428)
(-158.571429	0.798960	0.150316)
(-156.785714	0.865540	0.179077)
(-155.000000	0.932120	0.209600)
(-150.357143	0.849746	0.296346)
(-145.714286	0.787417	0.391936)
(-141.071429	0.734000	0.493884)
(-136.428571	0.683101	0.599543)
(-131.785714	0.630936	0.706169)
(-127.142857	0.575320	0.810998)
(-122.500000	0.515146	0.911311)
(-117.857143	0.450089	1.004512)
(-113.214286	0.380415	1.088194)
(-108.571429	0.306860	1.160198)
(-103.928571	0.230532	1.218676)
(-99.285714	0.152833	1.262131)
(-94.642857	0.075392	1.289465)
(-90.000000	0.000000	1.300000)
(-85.357143	-0.075392	1.289465)
(-80.714286	-0.152833	1.262131)
(-76.071429	-0.230532	1.218676)
(-71.428571	-0.306860	1.160198)
(-66.785714	-0.380415	1.088194)
(-62.142857	-0.450089	1.004512)
(-57.500000	-0.515146	0.911311)
(-52.857143	-0.575320	0.810998)
(-48.214286	-0.630936	0.706169)
(-43.571429	-0.683101	0.599543)
(-38.928571	-0.734000	0.493884)
(-34.285714	-0.787417	0.391936)
(-29.642857	-0.849746	0.296346)
(-25.000000	-0.932120	0.209600)
(-23.571429	-0.883119	0.195340)
(-22.142857	-0.834117	0.181080)
(-20.714286	-0.785116	0.166820)
(-19.285714	-0.736114	0.152560)
(-17.857143	-0.687113	0.138300)
(-16.428571	-0.638111	0.124040)
(-15.000000	-0.589110	0.109780)
(-13.571429	-0.540109	0.095520)
(-12.142857	-0.491107	0.081260)
(-10.714286	-0.442106	0.067000)
(-9.285714	-0.393104	0.052740)
(-7.857143	-0.344103	0.038480)
(-5.000000	-0.246100	0.009960)
(-4.750000	-0.217200	0.009940)
(-4.500000	-0.188200	0.009930)
(-4.250000	-0.159200	0.009930)
(-4.000000	-0.130200	0.009930)
(-3.750000	-0.101000	0.009950)
(-3.500000	-0.072000	0.009960)
(-3.250000	-0.042800	0.009990)
(-3.000000	-0.013600	0.010020)
(-2.750000	0.015500	0.010040)
(-2.500000	0.044600	0.010050)
(-2.250000	0.073800	0.010060)
(-2.000000	0.103100	0.010060)
(-1.750000	0.132400	0.010080)
(-1.500000	0.161500	0.010090)
(-1.250000	0.190700	0.010090)
(-1.000000	0.220100	0.010110)
(-0.750000	0.249300	0.010140)
(-0.500000	0.278300	0.010150)
(-0.250000	0.307700	0.010180)
(0.000000	0.336800	0.010210)
(0.250000	0.365900	0.010240)
(0.500000	0.395100	0.010280)
(0.750000	0.424100	0.010310)
(1.000000	0.453200	0.010360)
(1.250000	0.482300	0.010420)
(1.500000	0.511000	0.010460)
(1.750000	0.540200	0.010520)
(2.000000	0.568900	0.010580)
(2.250000	0.597600	0.010630)
(2.500000	0.626700	0.010710)
(2.750000	0.655100	0.010760)
(3.000000	0.683600	0.010830)
(3.250000	0.712500	0.010920)
(3.500000	0.740500	0.010980)
(3.750000	0.768700	0.011060)
(4.000000	0.797200	0.011140)
(4.250000	0.825200	0.011220)
(4.500000	0.852700	0.011280)
(4.750000	0.880200	0.011350)
(5.250000	0.934700	0.011510)
(5.500000	0.961500	0.011590)
(5.750000	0.987800	0.011660)
(6.000000	1.013600	0.011740)
(6.250000	1.039000	0.011820)
(6.500000	1.064600	0.011940)
(6.750000	1.089700	0.012080)
(7.000000	1.114400	0.012220)
(7.250000	1.138300	0.012390)
(7.500000	1.161400	0.012590)
(7.750000	1.183100	0.012850)
(8.000000	1.203300	0.013160)
(8.250000	1.220800	0.013580)
(8.500000	1.234500	0.014150)
(8.750000	1.243100	0.014880)
(9.000000	1.245500	0.015700)
(9.250000	1.247000	0.016690)
(9.500000	1.247300	0.017830)
(9.750000	1.246700	0.019070)
(10.000000	1.244800	0.020420)
(10.250000	1.242200	0.021780)
(10.500000	1.246100	0.023370)
(10.750000	1.250200	0.025240)
(11.000000	1.253800	0.027160)
(11.250000	1.257200	0.029120)
(11.500000	1.261300	0.031080)
(11.750000	1.264600	0.033150)
(12.000000	1.268800	0.035180)
(12.250000	1.272800	0.037290)
(12.500000	1.276100	0.039480)
(12.750000	1.278900	0.041810)
(13.000000	1.283400	0.044040)
(13.250000	1.287400	0.046370)
(13.500000	1.290200	0.048890)
(13.750000	1.293700	0.051380)
(14.000000	1.297600	0.053890)
(14.250000	1.299500	0.056640)
(14.500000	1.304500	0.059120)
(14.750000	1.306500	0.061960)
(15.000000	1.311600	0.064510)
(15.250000	1.314300	0.067330)
(15.500000	1.319000	0.069990)
(15.750000	1.322800	0.072770)
(16.000000	1.326700	0.075540)
(16.250000	1.331100	0.078320)
(16.500000	1.335300	0.081040)
(16.750000	1.339500	0.083940)
(17.000000	1.344200	0.086700)
(17.250000	1.349200	0.089380)
(17.500000	1.353000	0.092370)
(17.750000	1.358300	0.095060)
(18.000000	1.364000	0.097640)
(18.250000	1.367300	0.100750)
(18.500000	1.372600	0.103450)
(18.750000	1.380600	0.105620)
(19.000000	1.382100	0.109040)
(19.250000	1.386600	0.111920)
(19.500000	1.394700	0.114060)
(19.750000	1.398000	0.117120)
(20.000000	1.399800	0.120460)
(20.250000	1.404900	0.123170)
(20.500000	1.415400	0.124800)
(20.750000	1.413900	0.128750)
(21.000000	1.414200	0.132340)
(21.250000	1.417900	0.135300)
(21.500000	1.426700	0.137190)
(21.750000	1.427700	0.140600)
(22.000000	1.422600	0.145210)
(22.250000	1.421800	0.149010)
(22.500000	1.425000	0.152000)
(22.750000	1.435700	0.153410)
(23.000000	1.430300	0.158090)
(23.250000	1.419000	0.164010)
(23.500000	1.410300	0.169430)
(23.750000	1.405100	0.174160)
(24.000000	1.406500	0.177520)
(24.250000	1.419500	0.178250)
(24.500000	1.405100	0.185000)
(24.750000	1.377400	0.194860)
(25.000000	1.331600	0.209600)
(29.642857	1.213923	0.296346)
(34.285714	1.124881	0.391936)
(38.928571	1.048571	0.493884)
(43.571429	0.975859	0.599543)
(48.214286	0.901337	0.706169)
(52.857143	0.821885	0.810998)
(57.500000	0.735924	0.911311)
(62.142857	0.642984	1.004512)
(66.785714	0.543450	1.088194)
(71.428571	0.438371	1.160198)
(76.071429	0.329331	1.218676)
(80.714286	0.218333	1.262131)
(85.357143	0.107702	1.289465)
(90.000000	0.000000	1.300000)
(94.642857	-0.075392	1.289465)
(99.285714	-0.152833	1.262131)
(103.928571	-0.230532	1.218676)
(108.571429	-0.306860	1.160198)
(113.214286	-0.380415	1.088194)
(117.857143	-0.450089	1.004512)
(122.500000	-0.515146	0.911311)
(127.142857	-0.575320	0.810998)
(131.785714	-0.630936	0.706169)
(136.428571	-0.683101	0.599543)
(141.071429	-0.734000	0.493884)
(145.714286	-0.787417	0.391936)
(150.357143	-0.849746	0.296346)
(155.000000	-0.932120	0.209600)
(156.785714	-0.865540	0.179077)
(158.571429	-0.798960	0.150316)
(160.357143	-0.732380	0.123428)
(162.142857	-0.665800	0.098518)
(163.928571	-0.599220	0.075680)
(165.714286	-0.532640	0.055004)
(167.500000	-0.466060	0.036568)
(169.285714	-0.399480	0.020443)
(171.071429	-0.332900	0.006693)
(172.857143	-0.266320	0.001000)
(174.642857	-0.199740	0.001000)
(176.428571	-0.133160	0.001000)
(178.214286	-0.066580	0.001000)
(180.000000	0.000000	0.001000)
