// Re = 0.21
(-180.000000	0.000000	0.006352)
(-178.571429	0.063080	0.007158)
(-177.142857	0.126160	0.009574)
(-175.714286	0.189240	0.013594)
(-174.285714	0.252320	0.019208)
(-172.857143	0.315400	0.026402)
(-171.428571	0.378480	0.035159)
(-170.000000	0.441560	0.045455)
(-168.571429	0.504640	0.057266)
(-167.142857	0.567720	0.070563)
(-165.714286	0.630800	0.085312)
(-164.285714	0.693880	0.101475)
(-162.857143	0.756960	0.119015)
(-161.428571	0.820040	0.137885)
(-160.000000	0.883120	0.158040)
(-155.000000	0.793196	0.237945)
(-150.000000	0.737206	0.330501)
(-145.000000	0.695199	0.432890)
(-140.000000	0.656946	0.541995)
(-135.000000	0.616769	0.654492)
(-130.000000	0.571481	0.766954)
(-125.000000	0.519442	0.875956)
(-120.000000	0.460084	0.978176)
(-115.000000	0.393635	1.070496)
(-110.000000	0.320948	1.150101)
(-105.000000	0.243366	1.214561)
(-100.000000	0.162624	1.261903)
(-95.000000	0.080754	1.290679)
(-90.000000	0.000000	1.300000)
(-85.000000	-0.080754	1.290679)
(-80.000000	-0.162624	1.261903)
(-75.000000	-0.243366	1.214561)
(-70.000000	-0.320948	1.150101)
(-65.000000	-0.393635	1.070496)
(-60.000000	-0.460084	0.978176)
(-55.000000	-0.519442	0.875956)
(-50.000000	-0.571481	0.766954)
(-45.000000	-0.616769	0.654492)
(-40.000000	-0.656946	0.541995)
(-35.000000	-0.695199	0.432890)
(-30.000000	-0.737206	0.330501)
(-25.000000	-0.793196	0.237945)
(-20.000000	-0.883120	0.158040)
(-18.928571	-0.818626	0.147995)
(-17.857143	-0.754131	0.137950)
(-16.785714	-0.689637	0.127905)
(-15.714286	-0.625143	0.117860)
(-14.642857	-0.560649	0.107815)
(-13.571429	-0.496154	0.097770)
(-12.500000	-0.431660	0.087725)
(-11.428571	-0.367166	0.077680)
(-10.357143	-0.302671	0.067635)
(-9.285714	-0.238177	0.057590)
(-8.214286	-0.173683	0.047545)
(-7.142857	-0.109189	0.037500)
(-5.000000	0.019800	0.017410)
(-4.750000	0.045900	0.016800)
(-4.500000	0.072700	0.016230)
(-4.250000	0.101200	0.015650)
(-4.000000	0.130100	0.015090)
(-3.750000	0.156400	0.014600)
(-3.500000	0.184100	0.014010)
(-3.250000	0.214100	0.012210)
(-3.000000	0.240600	0.012050)
(-2.750000	0.267300	0.012090)
(-2.500000	0.295700	0.012150)
(-2.250000	0.323900	0.012220)
(-2.000000	0.349400	0.012350)
(-1.750000	0.375600	0.012500)
(-1.500000	0.402800	0.012670)
(-1.250000	0.426600	0.012820)
(-1.000000	0.452900	0.012890)
(-0.750000	0.481900	0.012900)
(-0.500000	0.506900	0.012950)
(-0.250000	0.533300	0.012990)
(0.000000	0.562400	0.012990)
(0.250000	0.587100	0.013050)
(0.500000	0.613100	0.013100)
(0.750000	0.642100	0.013110)
(1.000000	0.666500	0.013180)
(1.250000	0.692000	0.013240)
(1.500000	0.720700	0.013260)
(1.750000	0.744700	0.013350)
(2.000000	0.769900	0.013420)
(2.250000	0.798000	0.013450)
(2.500000	0.820900	0.013530)
(2.750000	0.844800	0.013610)
(3.000000	0.871600	0.013650)
(3.250000	0.894400	0.013710)
(3.500000	0.916700	0.013780)
(3.750000	0.939800	0.013810)
(4.000000	0.962500	0.013830)
(4.250000	0.981200	0.013870)
(4.500000	1.000100	0.013860)
(4.750000	1.022300	0.013800)
(5.000000	1.055600	0.013780)
(5.250000	1.087100	0.013930)
(5.500000	1.117600	0.014040)
(5.750000	1.147100	0.014140)
(6.000000	1.175600	0.014240)
(6.250000	1.200700	0.014380)
(6.500000	1.224800	0.014500)
(6.750000	1.249200	0.014570)
(7.000000	1.268900	0.014660)
(7.250000	1.288400	0.014780)
(7.500000	1.307900	0.014970)
(7.750000	1.326900	0.015190)
(8.000000	1.344000	0.015450)
(8.250000	1.358900	0.015760)
(8.500000	1.370200	0.016130)
(8.750000	1.379200	0.016620)
(9.000000	1.384800	0.017310)
(9.250000	1.385500	0.018320)
(9.500000	1.381800	0.019690)
(9.750000	1.375300	0.021400)
(10.000000	1.367400	0.023420)
(10.250000	1.358400	0.025720)
(10.500000	1.349200	0.028240)
(10.750000	1.340600	0.030890)
(11.000000	1.334500	0.033480)
(11.250000	1.330900	0.035960)
(11.500000	1.329500	0.038340)
(11.750000	1.328700	0.040720)
(12.000000	1.328600	0.043100)
(12.250000	1.328800	0.045510)
(12.500000	1.328700	0.047980)
(12.750000	1.329700	0.050420)
(13.000000	1.330600	0.052880)
(13.250000	1.332200	0.055300)
(13.500000	1.334300	0.057660)
(13.750000	1.337400	0.059960)
(14.000000	1.341900	0.062050)
(14.250000	1.346600	0.064210)
(14.500000	1.352400	0.066240)
(14.750000	1.359400	0.068120)
(15.000000	1.366900	0.069980)
(15.250000	1.374300	0.071890)
(15.500000	1.381900	0.073820)
(15.750000	1.389700	0.075740)
(16.000000	1.400100	0.077320)
(16.250000	1.400400	0.080310)
(16.500000	1.407500	0.082410)
(16.750000	1.408100	0.085410)
(17.000000	1.413900	0.087700)
(17.250000	1.406700	0.091820)
(17.500000	1.409700	0.094480)
(17.750000	1.405200	0.098280)
(18.000000	1.392800	0.103370)
(18.250000	1.382200	0.108310)
(18.500000	1.372600	0.113210)
(18.750000	1.362200	0.118350)
(19.000000	1.349100	0.124130)
(19.250000	1.329500	0.131440)
(19.500000	1.306100	0.139920)
(19.750000	1.282400	0.149020)
(20.000000	1.261600	0.158040)
(25.000000	1.133138	0.237945)
(30.000000	1.053152	0.330501)
(35.000000	0.993141	0.432890)
(40.000000	0.938494	0.541995)
(45.000000	0.881099	0.654492)
(50.000000	0.816402	0.766954)
(55.000000	0.742060	0.875956)
(60.000000	0.657262	0.978176)
(65.000000	0.562336	1.070496)
(70.000000	0.458497	1.150101)
(75.000000	0.347665	1.214561)
(80.000000	0.232320	1.261903)
(85.000000	0.115363	1.290679)
(90.000000	0.000000	1.300000)
(95.000000	-0.080754	1.290679)
(100.000000	-0.162624	1.261903)
(105.000000	-0.243366	1.214561)
(110.000000	-0.320948	1.150101)
(115.000000	-0.393635	1.070496)
(120.000000	-0.460084	0.978176)
(125.000000	-0.519442	0.875956)
(130.000000	-0.571481	0.766954)
(135.000000	-0.616769	0.654492)
(140.000000	-0.656946	0.541995)
(145.000000	-0.695199	0.432890)
(150.000000	-0.737206	0.330501)
(155.000000	-0.793196	0.237945)
(160.000000	-0.883120	0.158040)
(161.428571	-0.820040	0.137885)
(162.857143	-0.756960	0.119015)
(164.285714	-0.693880	0.101475)
(165.714286	-0.630800	0.085312)
(167.142857	-0.567720	0.070563)
(168.571429	-0.504640	0.057266)
(170.000000	-0.441560	0.045455)
(171.428571	-0.378480	0.035159)
(172.857143	-0.315400	0.026402)
(174.285714	-0.252320	0.019208)
(175.714286	-0.189240	0.013594)
(177.142857	-0.126160	0.009574)
(178.571429	-0.063080	0.007158)
(180.000000	0.000000	0.006352)
