// Re = 0.18
(-180.000000	0.000000	0.001000)
(-178.535714	0.061415	0.001000)
(-177.071429	0.122830	0.001000)
(-175.607143	0.184245	0.001000)
(-174.142857	0.245660	0.001050)
(-172.678571	0.307075	0.008660)
(-171.214286	0.368490	0.017922)
(-169.750000	0.429905	0.028810)
(-168.285714	0.491320	0.041296)
(-166.821429	0.552735	0.055348)
(-165.357143	0.614150	0.070930)
(-163.892857	0.675565	0.088000)
(-162.428571	0.736980	0.106514)
(-160.964286	0.798395	0.126425)
(-159.500000	0.859810	0.147680)
(-154.535714	0.778026	0.228978)
(-149.571429	0.726311	0.322633)
(-144.607143	0.686731	0.425850)
(-139.642857	0.649952	0.535551)
(-134.678571	0.610751	0.648466)
(-129.714286	0.566191	0.761228)
(-124.750000	0.514780	0.870479)
(-119.785714	0.456034	0.972965)
(-114.821429	0.390223	1.065638)
(-109.857143	0.318212	1.145742)
(-104.892857	0.241339	1.210902)
(-99.928571	0.161315	1.259188)
(-94.964286	0.080135	1.289179)
(-90.000000	0.000000	1.300000)
(-85.035714	-0.080135	1.289179)
(-80.071429	-0.161315	1.259188)
(-75.107143	-0.241339	1.210902)
(-70.142857	-0.318212	1.145742)
(-65.178571	-0.390223	1.065638)
(-60.214286	-0.456034	0.972965)
(-55.250000	-0.514780	0.870479)
(-50.285714	-0.566191	0.761228)
(-45.321429	-0.610751	0.648466)
(-40.357143	-0.649952	0.535551)
(-35.392857	-0.686731	0.425850)
(-30.428571	-0.726311	0.322633)
(-25.464286	-0.778026	0.228978)
(-20.500000	-0.859810	0.147680)
(-19.392857	-0.798702	0.138494)
(-18.285714	-0.737594	0.129309)
(-17.178571	-0.676486	0.120123)
(-16.071429	-0.615379	0.110937)
(-14.964286	-0.554271	0.101751)
(-13.857143	-0.493163	0.092566)
(-12.750000	-0.432055	0.083380)
(-11.642857	-0.370947	0.074194)
(-10.535714	-0.309839	0.065009)
(-9.428571	-0.248731	0.055823)
(-8.321429	-0.187624	0.046637)
(-7.214286	-0.126516	0.037451)
(-5.000000	-0.004300	0.019080)
(-4.750000	0.029600	0.018260)
(-4.500000	0.053900	0.017710)
(-4.000000	0.113100	0.016400)
(-3.750000	0.136300	0.015820)
(-3.500000	0.156400	0.014160)
(-3.250000	0.182600	0.013800)
(-3.000000	0.211900	0.013830)
(-2.750000	0.236300	0.013970)
(-2.500000	0.264800	0.014070)
(-2.250000	0.292500	0.014190)
(-2.000000	0.315500	0.014440)
(-1.750000	0.343200	0.014630)
(-1.500000	0.367800	0.014770)
(-1.250000	0.391000	0.014910)
(-1.000000	0.422800	0.014900)
(-0.750000	0.444600	0.014980)
(-0.500000	0.469100	0.015030)
(-0.250000	0.499300	0.015000)
(0.000000	0.521200	0.015070)
(0.250000	0.546900	0.015100)
(0.500000	0.574800	0.015100)
(0.750000	0.597100	0.015180)
(1.000000	0.625600	0.015180)
(1.250000	0.649000	0.015230)
(1.500000	0.671800	0.015310)
(1.750000	0.701300	0.015300)
(2.000000	0.721000	0.015410)
(2.250000	0.745400	0.015460)
(2.500000	0.770900	0.015490)
(2.750000	0.791100	0.015600)
(3.000000	0.819600	0.015580)
(3.250000	0.837400	0.015680)
(3.500000	0.858100	0.015760)
(3.750000	0.884800	0.015740)
(4.000000	0.900300	0.015830)
(4.250000	0.921500	0.015840)
(4.500000	0.946400	0.015810)
(4.750000	0.969200	0.015850)
(5.000000	1.008900	0.015870)
(5.250000	1.055000	0.015870)
(5.500000	1.082100	0.016070)
(5.750000	1.109300	0.016240)
(6.000000	1.136500	0.016350)
(6.250000	1.163000	0.016410)
(6.500000	1.188300	0.016480)
(6.750000	1.212500	0.016570)
(7.000000	1.235800	0.016670)
(7.250000	1.258900	0.016720)
(7.500000	1.273500	0.016770)
(7.750000	1.291800	0.016750)
(8.000000	1.302700	0.016910)
(8.250000	1.318600	0.017040)
(8.500000	1.326700	0.017240)
(8.750000	1.336500	0.017460)
(9.000000	1.344000	0.017750)
(9.250000	1.350800	0.018120)
(9.500000	1.355100	0.018600)
(9.750000	1.357600	0.019220)
(10.000000	1.357000	0.020070)
(10.250000	1.353200	0.021230)
(10.500000	1.346200	0.022740)
(10.750000	1.337100	0.024590)
(11.000000	1.327000	0.026730)
(11.250000	1.317100	0.029080)
(11.500000	1.307200	0.031610)
(11.750000	1.297900	0.034270)
(12.000000	1.289000	0.037060)
(12.250000	1.281500	0.039870)
(12.500000	1.275300	0.042680)
(12.750000	1.270500	0.045470)
(13.000000	1.266500	0.048270)
(13.250000	1.263800	0.051020)
(13.500000	1.261100	0.053850)
(13.750000	1.258900	0.056650)
(14.000000	1.257500	0.059420)
(14.250000	1.256900	0.062120)
(14.500000	1.257600	0.064670)
(14.750000	1.260000	0.067080)
(15.000000	1.263900	0.069280)
(15.250000	1.269100	0.071360)
(15.500000	1.276300	0.073160)
(15.750000	1.285400	0.074740)
(16.000000	1.294300	0.076440)
(16.250000	1.304600	0.077960)
(16.500000	1.311600	0.079970)
(16.750000	1.318000	0.082120)
(17.000000	1.327600	0.083870)
(17.250000	1.336400	0.085720)
(17.500000	1.337000	0.088730)
(17.750000	1.343000	0.090970)
(18.000000	1.340800	0.094380)
(18.250000	1.335100	0.098350)
(18.500000	1.334400	0.101620)
(18.750000	1.338900	0.104150)
(19.000000	1.324900	0.109450)
(19.250000	1.310500	0.114970)
(19.500000	1.295300	0.120800)
(19.750000	1.279100	0.127020)
(20.000000	1.262100	0.133640)
(20.250000	1.244900	0.140570)
(20.500000	1.228300	0.147680)
(25.464286	1.111465	0.228978)
(30.428571	1.037586	0.322633)
(35.392857	0.981044	0.425850)
(40.357143	0.928502	0.535551)
(45.321429	0.872501	0.648466)
(50.285714	0.808844	0.761228)
(55.250000	0.735401	0.870479)
(60.214286	0.651477	0.972965)
(65.178571	0.557461	1.065638)
(70.142857	0.454588	1.145742)
(75.107143	0.344770	1.210902)
(80.071429	0.230450	1.259188)
(85.035714	0.114479	1.289179)
(90.000000	0.000000	1.300000)
(94.964286	-0.080135	1.289179)
(99.928571	-0.161315	1.259188)
(104.892857	-0.241339	1.210902)
(109.857143	-0.318212	1.145742)
(114.821429	-0.390223	1.065638)
(119.785714	-0.456034	0.972965)
(124.750000	-0.514780	0.870479)
(129.714286	-0.566191	0.761228)
(134.678571	-0.610751	0.648466)
(139.642857	-0.649952	0.535551)
(144.607143	-0.686731	0.425850)
(149.571429	-0.726311	0.322633)
(154.535714	-0.778026	0.228978)
(159.500000	-0.859810	0.147680)
(160.964286	-0.798395	0.126425)
(162.428571	-0.736980	0.106514)
(163.892857	-0.675565	0.088000)
(165.357143	-0.614150	0.070930)
(166.821429	-0.552735	0.055348)
(168.285714	-0.491320	0.041296)
(169.750000	-0.429905	0.028810)
(171.214286	-0.368490	0.017922)
(172.678571	-0.307075	0.008660)
(174.142857	-0.245660	0.001050)
(175.607143	-0.184245	0.001000)
(177.071429	-0.122830	0.001000)
(178.535714	-0.061415	0.001000)
(180.000000	0.000000	0.001000)
