// Re = 0.08
(-180.000000	0.000000	0.010001)
(-178.785714	0.062645	0.010583)
(-177.571429	0.125290	0.012327)
(-176.357143	0.187935	0.015229)
(-175.142857	0.250580	0.019286)
(-173.928571	0.313225	0.024488)
(-172.714286	0.375870	0.030828)
(-171.500000	0.438515	0.038293)
(-170.285714	0.501160	0.046871)
(-169.071429	0.563805	0.056545)
(-167.857143	0.626450	0.067299)
(-166.642857	0.689095	0.079112)
(-165.428571	0.751740	0.091964)
(-164.214286	0.814385	0.105832)
(-163.000000	0.877030	0.120690)
(-157.785714	0.769729	0.195079)
(-152.571429	0.712476	0.284726)
(-147.357143	0.674969	0.386661)
(-142.142857	0.643115	0.497504)
(-136.928571	0.609505	0.613581)
(-131.714286	0.570076	0.731042)
(-126.500000	0.522727	0.845991)
(-121.285714	0.466663	0.954611)
(-116.071429	0.402043	1.053297)
(-110.857143	0.329765	1.138768)
(-105.642857	0.251313	1.208179)
(-100.428571	0.168629	1.259217)
(-95.214286	0.084010	1.290172)
(-90.000000	0.000000	1.300000)
(-84.785714	-0.084010	1.290172)
(-79.571429	-0.168629	1.259217)
(-74.357143	-0.251313	1.208179)
(-69.142857	-0.329765	1.138768)
(-63.928571	-0.402043	1.053297)
(-58.714286	-0.466663	0.954611)
(-53.500000	-0.522727	0.845991)
(-48.285714	-0.570076	0.731042)
(-43.071429	-0.609505	0.613581)
(-37.857143	-0.643115	0.497504)
(-32.642857	-0.674969	0.386661)
(-27.428571	-0.712476	0.284726)
(-22.214286	-0.769729	0.195079)
(-17.000000	-0.877030	0.120690)
(-16.142857	-0.836878	0.114993)
(-15.285714	-0.796726	0.109296)
(-14.428571	-0.756574	0.103599)
(-13.571429	-0.716421	0.097901)
(-12.714286	-0.676269	0.092204)
(-11.857143	-0.636117	0.086507)
(-11.000000	-0.595965	0.080810)
(-10.142857	-0.555813	0.075113)
(-9.285714	-0.515661	0.069416)
(-8.428571	-0.475509	0.063719)
(-7.571429	-0.435356	0.058021)
(-6.714286	-0.395204	0.052324)
(-5.000000	-0.314900	0.040930)
(-4.750000	-0.276900	0.038460)
(-4.500000	-0.240100	0.036620)
(-4.250000	-0.204400	0.035220)
(-4.000000	-0.170000	0.034100)
(-3.750000	-0.135700	0.033170)
(-3.500000	-0.100100	0.032350)
(-3.250000	-0.068300	0.031690)
(-3.000000	-0.039800	0.031160)
(-2.750000	-0.010100	0.030600)
(-2.500000	0.037400	0.028220)
(-2.250000	0.056800	0.029200)
(-2.000000	0.071800	0.030030)
(-1.750000	0.085400	0.030770)
(-1.500000	0.097100	0.031460)
(-1.250000	0.104200	0.032110)
(-1.000000	0.108100	0.032660)
(-0.750000	0.115000	0.032990)
(-0.500000	0.120700	0.033210)
(-0.250000	0.128000	0.033450)
(0.000000	0.141600	0.033640)
(0.250000	0.163200	0.033680)
(0.500000	0.177500	0.033850)
(0.750000	0.195400	0.034140)
(1.000000	0.236500	0.034470)
(1.250000	0.281200	0.034790)
(1.500000	0.309400	0.035590)
(1.750000	0.343000	0.036360)
(2.000000	0.389800	0.036780)
(2.250000	0.416700	0.037800)
(2.750000	0.479300	0.039570)
(3.000000	0.516400	0.040180)
(3.250000	0.539200	0.041330)
(3.500000	0.562900	0.042420)
(3.750000	0.588700	0.043390)
(4.000000	0.628600	0.043680)
(4.250000	0.647700	0.044880)
(4.500000	0.667200	0.046050)
(4.750000	0.687200	0.047190)
(5.000000	0.707700	0.048280)
(5.250000	0.728600	0.049340)
(5.500000	0.749900	0.050340)
(5.750000	0.771400	0.051310)
(6.000000	0.793200	0.052210)
(6.250000	0.815500	0.053040)
(6.500000	0.838800	0.053750)
(6.750000	0.863700	0.054290)
(7.000000	0.890500	0.054570)
(7.500000	0.951400	0.054180)
(7.750000	0.985500	0.053410)
(8.000000	1.022400	0.052160)
(8.500000	1.109400	0.047380)
(8.750000	1.171100	0.043020)
(9.000000	1.292300	0.033120)
(9.250000	1.329000	0.030900)
(9.500000	1.350600	0.029960)
(9.750000	1.354000	0.030140)
(10.000000	1.356100	0.030460)
(10.250000	1.352200	0.031310)
(10.500000	1.344700	0.032640)
(10.750000	1.334000	0.034490)
(11.000000	1.318400	0.037130)
(11.250000	1.300500	0.040390)
(11.750000	1.273300	0.047040)
(12.000000	1.270800	0.049650)
(12.250000	1.276000	0.051700)
(12.500000	1.286400	0.053460)
(12.750000	1.301200	0.055010)
(13.000000	1.320100	0.056480)
(13.250000	1.337500	0.058260)
(13.500000	1.359400	0.060010)
(13.750000	1.382400	0.061970)
(14.000000	1.338400	0.066880)
(14.250000	1.360300	0.069290)
(14.500000	1.366500	0.072520)
(14.750000	1.372100	0.075810)
(15.000000	1.355500	0.080150)
(15.250000	1.405300	0.081320)
(15.500000	1.406000	0.084860)
(15.750000	1.386100	0.089490)
(16.000000	1.365500	0.094390)
(16.250000	1.344500	0.099530)
(16.500000	1.323400	0.104990)
(17.000000	1.252900	0.120690)
(22.214286	1.099612	0.195079)
(27.428571	1.017822	0.284726)
(32.642857	0.964242	0.386661)
(37.857143	0.918736	0.497504)
(43.071429	0.870722	0.613581)
(48.285714	0.814395	0.731042)
(53.500000	0.746753	0.845991)
(58.714286	0.666662	0.954611)
(63.928571	0.574348	1.053297)
(69.142857	0.471094	1.138768)
(74.357143	0.359018	1.208179)
(79.571429	0.240898	1.259217)
(84.785714	0.120015	1.290172)
(90.000000	0.000000	1.300000)
(95.214286	-0.084010	1.290172)
(100.428571	-0.168629	1.259217)
(105.642857	-0.251313	1.208179)
(110.857143	-0.329765	1.138768)
(116.071429	-0.402043	1.053297)
(121.285714	-0.466663	0.954611)
(126.500000	-0.522727	0.845991)
(131.714286	-0.570076	0.731042)
(136.928571	-0.609505	0.613581)
(142.142857	-0.643115	0.497504)
(147.357143	-0.674969	0.386661)
(152.571429	-0.712476	0.284726)
(157.785714	-0.769729	0.195079)
(163.000000	-0.877030	0.120690)
(164.214286	-0.814385	0.105832)
(165.428571	-0.751740	0.091964)
(166.642857	-0.689095	0.079112)
(167.857143	-0.626450	0.067299)
(169.071429	-0.563805	0.056545)
(170.285714	-0.501160	0.046871)
(171.500000	-0.438515	0.038293)
(172.714286	-0.375870	0.030828)
(173.928571	-0.313225	0.024488)
(175.142857	-0.250580	0.019286)
(176.357143	-0.187935	0.015229)
(177.571429	-0.125290	0.012327)
(178.785714	-0.062645	0.010583)
(180.000000	0.000000	0.010001)
