// Re = 0.15
(-180.000000	0.000000	0.001000)
(-178.357143	0.068110	0.001000)
(-176.714286	0.136220	0.001000)
(-175.071429	0.204330	0.001000)
(-173.428571	0.272440	0.001000)
(-171.785714	0.340550	0.001000)
(-170.142857	0.408660	0.007635)
(-168.500000	0.476770	0.021373)
(-166.857143	0.544880	0.037102)
(-165.214286	0.612990	0.054772)
(-163.571429	0.681100	0.074325)
(-161.928571	0.749210	0.095698)
(-160.285714	0.817320	0.118821)
(-158.642857	0.885430	0.143619)
(-157.000000	0.953540	0.170010)
(-152.214286	0.860158	0.255149)
(-147.428571	0.793799	0.350711)
(-142.642857	0.739598	0.454061)
(-137.857143	0.689357	0.562354)
(-133.071429	0.638331	0.672609)
(-128.285714	0.583793	0.781794)
(-123.500000	0.524327	0.886909)
(-118.714286	0.459442	0.985073)
(-113.928571	0.389345	1.073597)
(-109.142857	0.314782	1.150066)
(-104.357143	0.236930	1.212400)
(-99.571429	0.157303	1.258916)
(-94.785714	0.077673	1.288372)
(-90.000000	0.000000	1.300000)
(-85.214286	-0.077673	1.288372)
(-80.428571	-0.157303	1.258916)
(-75.642857	-0.236930	1.212400)
(-70.857143	-0.314782	1.150066)
(-66.071429	-0.389345	1.073597)
(-61.285714	-0.459442	0.985073)
(-56.500000	-0.524327	0.886909)
(-51.714286	-0.583793	0.781794)
(-46.928571	-0.638331	0.672609)
(-42.142857	-0.689357	0.562354)
(-37.357143	-0.739598	0.454061)
(-32.571429	-0.793799	0.350711)
(-27.785714	-0.860158	0.255149)
(-23.000000	-0.953540	0.170010)
(-21.714286	-0.888266	0.159126)
(-20.428571	-0.822991	0.148241)
(-19.142857	-0.757717	0.137357)
(-17.857143	-0.692443	0.126473)
(-16.571429	-0.627169	0.115589)
(-15.285714	-0.561894	0.104704)
(-14.000000	-0.496620	0.093820)
(-12.714286	-0.431346	0.082936)
(-11.428571	-0.366071	0.072051)
(-10.142857	-0.300797	0.061167)
(-8.857143	-0.235523	0.050283)
(-7.571429	-0.170249	0.039399)
(-5.000000	-0.039700	0.017630)
(-4.750000	-0.006800	0.017370)
(-4.500000	0.016300	0.017620)
(-4.250000	0.045100	0.017830)
(-4.000000	0.072500	0.018080)
(-3.750000	0.097200	0.018410)
(-3.500000	0.127500	0.018610)
(-3.250000	0.149600	0.018970)
(-3.000000	0.180800	0.019100)
(-2.750000	0.202100	0.019390)
(-2.500000	0.233600	0.019540)
(-2.250000	0.252800	0.019940)
(-2.000000	0.280400	0.020110)
(-1.750000	0.303600	0.020290)
(-1.500000	0.329400	0.020390)
(-1.250000	0.356500	0.020430)
(-1.000000	0.380200	0.020560)
(-0.750000	0.408100	0.020550)
(-0.500000	0.433400	0.020600)
(-0.250000	0.461200	0.020600)
(0.000000	0.484900	0.020710)
(0.250000	0.516100	0.020620)
(0.500000	0.536700	0.020830)
(0.750000	0.567400	0.020760)
(1.000000	0.589600	0.020960)
(1.250000	0.618700	0.020940)
(1.500000	0.641500	0.021140)
(1.750000	0.670800	0.021120)
(2.000000	0.691500	0.021380)
(2.250000	0.722000	0.021350)
(2.500000	0.743600	0.021630)
(2.750000	0.771800	0.021620)
(3.000000	0.791800	0.021920)
(3.250000	0.822300	0.021890)
(3.500000	0.842100	0.022230)
(3.750000	0.872200	0.022180)
(4.000000	0.889400	0.022560)
(4.250000	0.920200	0.022470)
(4.500000	0.936400	0.022890)
(4.750000	0.968500	0.022750)
(5.000000	0.983100	0.023210)
(5.250000	1.016800	0.023010)
(5.500000	1.029100	0.023510)
(5.750000	1.063400	0.023210)
(6.000000	1.073000	0.023720)
(6.250000	1.090800	0.023940)
(6.500000	1.117400	0.023830)
(6.750000	1.128500	0.024170)
(7.000000	1.160600	0.023730)
(7.250000	1.166600	0.024050)
(7.500000	1.186800	0.024060)
(7.750000	1.234300	0.023600)
(8.000000	1.273300	0.023370)
(8.250000	1.305900	0.023280)
(8.500000	1.336600	0.023250)
(8.750000	1.364500	0.023310)
(9.000000	1.390300	0.023420)
(9.250000	1.415800	0.023470)
(9.500000	1.439400	0.023460)
(9.750000	1.449200	0.023720)
(10.000000	1.462000	0.023840)
(10.250000	1.478500	0.023880)
(10.500000	1.481800	0.024470)
(10.750000	1.492900	0.024850)
(11.000000	1.495500	0.025650)
(11.250000	1.502400	0.026340)
(11.500000	1.503400	0.027390)
(11.750000	1.503700	0.028610)
(12.000000	1.501500	0.030100)
(12.250000	1.497200	0.031870)
(12.500000	1.491300	0.033910)
(12.750000	1.483500	0.036240)
(13.000000	1.473700	0.038910)
(13.250000	1.462500	0.041880)
(13.500000	1.450600	0.045110)
(13.750000	1.438500	0.048540)
(14.000000	1.427000	0.052090)
(14.250000	1.416300	0.055700)
(14.500000	1.406300	0.059350)
(14.750000	1.397800	0.062960)
(15.000000	1.389600	0.066620)
(15.250000	1.382300	0.070270)
(15.500000	1.375400	0.073950)
(15.750000	1.368900	0.077610)
(16.000000	1.363200	0.081260)
(16.250000	1.358300	0.084860)
(16.500000	1.353800	0.088470)
(16.750000	1.349400	0.092100)
(17.000000	1.345100	0.095740)
(17.250000	1.341000	0.099410)
(17.500000	1.337500	0.103000)
(17.750000	1.335400	0.106350)
(18.000000	1.335300	0.109380)
(18.250000	1.337900	0.111910)
(18.500000	1.342900	0.114080)
(18.750000	1.350700	0.115720)
(19.000000	1.358000	0.117530)
(19.250000	1.367200	0.119000)
(19.500000	1.377800	0.120210)
(19.750000	1.389300	0.121280)
(20.000000	1.392900	0.123850)
(20.250000	1.401600	0.125460)
(20.500000	1.409600	0.127220)
(20.750000	1.414600	0.129540)
(21.000000	1.414900	0.132700)
(21.250000	1.425700	0.133930)
(21.500000	1.416200	0.138910)
(21.750000	1.409000	0.143510)
(22.000000	1.405900	0.147340)
(22.250000	1.410900	0.149670)
(22.500000	1.395600	0.156050)
(22.750000	1.379400	0.162830)
(23.000000	1.362200	0.170010)
(27.785714	1.228797	0.255149)
(32.571429	1.133999	0.350711)
(37.357143	1.056569	0.454061)
(42.142857	0.984796	0.562354)
(46.928571	0.911902	0.672609)
(51.714286	0.833990	0.781794)
(56.500000	0.749038	0.886909)
(61.285714	0.656346	0.985073)
(66.071429	0.556207	1.073597)
(70.857143	0.449688	1.150066)
(75.642857	0.338471	1.212400)
(80.428571	0.224718	1.258916)
(85.214286	0.110962	1.288372)
(90.000000	0.000000	1.300000)
(94.785714	-0.077673	1.288372)
(99.571429	-0.157303	1.258916)
(104.357143	-0.236930	1.212400)
(109.142857	-0.314782	1.150066)
(113.928571	-0.389345	1.073597)
(118.714286	-0.459442	0.985073)
(123.500000	-0.524327	0.886909)
(128.285714	-0.583793	0.781794)
(133.071429	-0.638331	0.672609)
(137.857143	-0.689357	0.562354)
(142.642857	-0.739598	0.454061)
(147.428571	-0.793799	0.350711)
(152.214286	-0.860158	0.255149)
(157.000000	-0.953540	0.170010)
(158.642857	-0.885430	0.143619)
(160.285714	-0.817320	0.118821)
(161.928571	-0.749210	0.095698)
(163.571429	-0.681100	0.074325)
(165.214286	-0.612990	0.054772)
(166.857143	-0.544880	0.037102)
(168.500000	-0.476770	0.021373)
(170.142857	-0.408660	0.007635)
(171.785714	-0.340550	0.001000)
(173.428571	-0.272440	0.001000)
(175.071429	-0.204330	0.001000)
(176.714286	-0.136220	0.001000)
(178.357143	-0.068110	0.001000)
(180.000000	0.000000	0.001000)
