// Re = 0.05
(-180.000000	0.000000	0.001000)
(-177.857143	0.062525	0.001771)
(-175.714286	0.125050	0.007214)
(-173.571429	0.187575	0.016251)
(-171.428571	0.250100	0.028832)
(-169.285714	0.312625	0.044887)
(-167.142857	0.375150	0.064325)
(-165.000000	0.437675	0.087039)
(-162.857143	0.500200	0.112901)
(-160.714286	0.562725	0.141766)
(-158.571429	0.625250	0.173473)
(-156.428571	0.687775	0.207845)
(-154.285714	0.750300	0.244690)
(-152.142857	0.812825	0.283801)
(-150.000000	0.875350	0.324960)
(-145.714286	0.812403	0.412490)
(-141.428571	0.758171	0.505325)
(-137.142857	0.707230	0.601392)
(-132.857143	0.656233	0.698543)
(-128.571429	0.603135	0.794610)
(-124.285714	0.546783	0.887446)
(-120.000000	0.486669	0.974977)
(-115.714286	0.422779	1.055248)
(-111.428571	0.355487	1.126467)
(-107.142857	0.285484	1.187042)
(-102.857143	0.213714	1.235619)
(-98.571429	0.141322	1.271115)
(-94.285714	0.069611	1.292737)
(-90.000000	0.000000	1.300000)
(-85.714286	-0.069611	1.292737)
(-81.428571	-0.141322	1.271115)
(-77.142857	-0.213714	1.235619)
(-72.857143	-0.285484	1.187042)
(-68.571429	-0.355487	1.126467)
(-64.285714	-0.422779	1.055248)
(-60.000000	-0.486669	0.974977)
(-55.714286	-0.546783	0.887446)
(-51.428571	-0.603135	0.794610)
(-47.142857	-0.656233	0.698543)
(-42.857143	-0.707230	0.601392)
(-38.571429	-0.758171	0.505325)
(-34.285714	-0.812403	0.412490)
(-30.000000	-0.875350	0.324960)
(-28.214286	-0.857568	0.304769)
(-26.428571	-0.839786	0.284577)
(-24.642857	-0.822004	0.264386)
(-22.857143	-0.804221	0.244194)
(-21.071429	-0.786439	0.224003)
(-19.285714	-0.768657	0.203811)
(-17.500000	-0.750875	0.183620)
(-15.714286	-0.733093	0.163429)
(-13.928571	-0.715311	0.143237)
(-12.142857	-0.697529	0.123046)
(-10.357143	-0.679746	0.102854)
(-8.571429	-0.661964	0.082663)
(-5.000000	-0.626400	0.042280)
(-4.750000	-0.606500	0.041430)
(-4.500000	-0.587300	0.040710)
(-4.250000	-0.567600	0.040040)
(-4.000000	-0.547000	0.039380)
(-3.750000	-0.525100	0.038810)
(-3.500000	-0.509100	0.039440)
(-3.250000	-0.501500	0.041270)
(-3.000000	-0.496000	0.043090)
(-2.750000	-0.490300	0.044710)
(-2.500000	-0.482600	0.046090)
(-2.250000	-0.477800	0.047380)
(-2.000000	-0.473200	0.048530)
(-1.750000	-0.468800	0.049530)
(-1.500000	-0.464200	0.050350)
(-1.250000	-0.458600	0.050960)
(-1.000000	-0.451800	0.051400)
(-0.750000	-0.444500	0.051720)
(-0.500000	-0.436700	0.051960)
(-0.250000	-0.416100	0.052980)
(0.000000	-0.397300	0.053710)
(0.250000	-0.375000	0.054400)
(0.500000	-0.351500	0.055100)
(0.750000	-0.330200	0.055590)
(1.000000	-0.309200	0.056050)
(1.250000	-0.283900	0.056810)
(1.500000	-0.262200	0.057270)
(1.750000	-0.238000	0.057970)
(2.000000	-0.212200	0.058850)
(2.250000	-0.191100	0.059350)
(2.500000	-0.167000	0.060060)
(2.750000	-0.139100	0.061020)
(3.000000	-0.105800	0.062290)
(3.250000	-0.067600	0.063860)
(3.500000	-0.026300	0.065630)
(3.750000	0.003400	0.066810)
(4.000000	0.021600	0.067640)
(4.250000	0.044800	0.068860)
(4.500000	0.070600	0.070350)
(4.750000	0.097800	0.072050)
(5.000000	0.126200	0.073950)
(5.250000	0.156400	0.076090)
(5.500000	0.189700	0.078600)
(5.750000	0.222400	0.081090)
(6.000000	0.246700	0.083000)
(6.250000	0.270600	0.085010)
(6.500000	0.293900	0.087090)
(6.750000	0.316700	0.089250)
(7.000000	0.338900	0.091460)
(7.500000	0.381200	0.096000)
(7.750000	0.401200	0.098310)
(8.000000	0.420500	0.100640)
(8.250000	0.439100	0.102980)
(8.500000	0.457000	0.105330)
(8.750000	0.474300	0.107690)
(9.000000	0.491000	0.110060)
(9.250000	0.507200	0.112440)
(9.500000	0.523100	0.114840)
(10.000000	0.554300	0.119720)
(10.250000	0.570000	0.122220)
(10.500000	0.586200	0.124800)
(10.750000	0.603200	0.127510)
(11.000000	0.616000	0.129970)
(11.250000	0.622700	0.131880)
(11.500000	0.634200	0.134140)
(11.750000	0.649900	0.136740)
(12.000000	0.670000	0.139830)
(12.250000	0.673900	0.141720)
(12.500000	0.685000	0.144040)
(12.750000	0.704300	0.147100)
(13.000000	0.710300	0.149330)
(13.250000	0.719600	0.151660)
(13.500000	0.738800	0.154820)
(13.750000	0.743700	0.157110)
(14.000000	0.751600	0.159470)
(14.250000	0.767900	0.162460)
(14.500000	0.777400	0.165250)
(14.750000	0.782400	0.167540)
(15.000000	0.792600	0.170160)
(15.500000	0.815500	0.175940)
(15.750000	0.821000	0.178370)
(16.000000	0.829800	0.181000)
(16.250000	0.842700	0.183980)
(16.500000	0.855100	0.187160)
(17.000000	0.866800	0.192360)
(17.250000	0.873900	0.195000)
(17.500000	0.882000	0.197750)
(17.750000	0.891200	0.200580)
(18.000000	0.901800	0.203560)
(18.250000	0.915200	0.207000)
(18.500000	0.920300	0.209530)
(18.750000	0.925000	0.211940)
(19.000000	0.933200	0.214600)
(19.250000	0.947400	0.218120)
(19.500000	0.949900	0.220230)
(19.750000	0.962500	0.223370)
(20.000000	0.968000	0.226030)
(20.250000	0.974500	0.228580)
(20.500000	0.988700	0.232200)
(20.750000	0.994500	0.234910)
(21.000000	1.000600	0.237600)
(21.250000	1.007700	0.240390)
(21.500000	1.015800	0.243300)
(21.750000	1.024600	0.246300)
(22.000000	1.033700	0.249280)
(22.250000	1.038000	0.251420)
(22.500000	1.043400	0.253890)
(22.750000	1.050200	0.256560)
(23.000000	1.058900	0.259320)
(23.250000	1.070100	0.262710)
(23.500000	1.074400	0.264600)
(23.750000	1.080000	0.267060)
(24.000000	1.088300	0.269720)
(24.250000	1.099100	0.272940)
(24.500000	1.102700	0.274700)
(24.750000	1.109200	0.277130)
(25.000000	1.119400	0.280290)
(25.250000	1.124600	0.282210)
(25.500000	1.130500	0.284470)
(25.750000	1.140400	0.287550)
(26.000000	1.145500	0.289370)
(26.250000	1.151700	0.291600)
(26.500000	1.162000	0.294740)
(26.750000	1.165600	0.296260)
(27.000000	1.172900	0.298640)
(27.250000	1.180600	0.301110)
(27.500000	1.185600	0.303120)
(27.750000	1.194500	0.305980)
(28.000000	1.199100	0.307580)
(28.250000	1.206100	0.309940)
(28.500000	1.212800	0.312220)
(28.750000	1.218300	0.314120)
(29.000000	1.226600	0.316750)
(29.250000	1.230900	0.318380)
(29.500000	1.239100	0.321150)
(29.750000	1.243300	0.322600)
(30.000000	1.250500	0.324960)
(34.285714	1.160576	0.412490)
(38.571429	1.083101	0.505325)
(42.857143	1.010329	0.601392)
(47.142857	0.937475	0.698543)
(51.428571	0.861622	0.794610)
(55.714286	0.781119	0.887446)
(60.000000	0.695242	0.974977)
(64.285714	0.603970	1.055248)
(68.571429	0.507839	1.126467)
(72.857143	0.407835	1.187042)
(77.142857	0.305306	1.235619)
(81.428571	0.201888	1.271115)
(85.714286	0.099445	1.292737)
(90.000000	0.000000	1.300000)
(94.285714	-0.069611	1.292737)
(98.571429	-0.141322	1.271115)
(102.857143	-0.213714	1.235619)
(107.142857	-0.285484	1.187042)
(111.428571	-0.355487	1.126467)
(115.714286	-0.422779	1.055248)
(120.000000	-0.486669	0.974977)
(124.285714	-0.546783	0.887446)
(128.571429	-0.603135	0.794610)
(132.857143	-0.656233	0.698543)
(137.142857	-0.707230	0.601392)
(141.428571	-0.758171	0.505325)
(145.714286	-0.812403	0.412490)
(150.000000	-0.875350	0.324960)
(152.142857	-0.812825	0.283801)
(154.285714	-0.750300	0.244690)
(156.428571	-0.687775	0.207845)
(158.571429	-0.625250	0.173473)
(160.714286	-0.562725	0.141766)
(162.857143	-0.500200	0.112901)
(165.000000	-0.437675	0.087039)
(167.142857	-0.375150	0.064325)
(169.285714	-0.312625	0.044887)
(171.428571	-0.250100	0.028832)
(173.571429	-0.187575	0.016251)
(175.714286	-0.125050	0.007214)
(177.857143	-0.062525	0.001771)
(180.000000	0.000000	0.001000)
