// Re = 0.17
(-180.000000	0.000000	0.001000)
(-178.303571	0.066825	0.001000)
(-176.607143	0.133650	0.001000)
(-174.910714	0.200475	0.001000)
(-173.214286	0.267300	0.001000)
(-171.517857	0.334125	0.002818)
(-169.821429	0.400950	0.015256)
(-168.125000	0.467775	0.029852)
(-166.428571	0.534600	0.046555)
(-164.732143	0.601425	0.065309)
(-163.035714	0.668250	0.086046)
(-161.339286	0.735075	0.108696)
(-159.642857	0.801900	0.133180)
(-157.946429	0.868725	0.159411)
(-156.250000	0.935550	0.187300)
(-151.517857	0.848788	0.273014)
(-146.785714	0.785652	0.368530)
(-142.053571	0.733011	0.471268)
(-137.321429	0.683507	0.578458)
(-132.589286	0.632839	0.687209)
(-127.857143	0.578537	0.794592)
(-123.125000	0.519331	0.897716)
(-118.392857	0.454814	0.993809)
(-113.660714	0.385227	1.080292)
(-108.928571	0.311322	1.154851)
(-104.196429	0.234256	1.215496)
(-99.464286	0.155505	1.260617)
(-94.732143	0.076787	1.289028)
(-90.000000	0.000000	1.300000)
(-85.267857	-0.076787	1.289028)
(-80.535714	-0.155505	1.260617)
(-75.803571	-0.234256	1.215496)
(-71.071429	-0.311322	1.154851)
(-66.339286	-0.385227	1.080292)
(-61.607143	-0.454814	0.993809)
(-56.875000	-0.519331	0.897716)
(-52.142857	-0.578537	0.794592)
(-47.410714	-0.632839	0.687209)
(-42.678571	-0.683507	0.578458)
(-37.946429	-0.733011	0.471268)
(-33.214286	-0.785652	0.368530)
(-28.482143	-0.848788	0.273014)
(-23.750000	-0.935550	0.187300)
(-22.410714	-0.870139	0.175059)
(-21.071429	-0.804729	0.162817)
(-19.732143	-0.739318	0.150576)
(-18.392857	-0.673907	0.138334)
(-17.053571	-0.608496	0.126093)
(-15.714286	-0.543086	0.113851)
(-14.375000	-0.477675	0.101610)
(-13.035714	-0.412264	0.089369)
(-11.696429	-0.346854	0.077127)
(-10.357143	-0.281443	0.064886)
(-9.017857	-0.216032	0.052644)
(-7.678571	-0.150621	0.040403)
(-5.000000	-0.019800	0.015920)
(-4.750000	0.009800	0.015720)
(-4.500000	0.034900	0.015860)
(-4.250000	0.067200	0.015940)
(-4.000000	0.090900	0.016190)
(-3.750000	0.119000	0.016400)
(-3.500000	0.145800	0.016610)
(-3.250000	0.171300	0.016860)
(-3.000000	0.200300	0.016990)
(-2.750000	0.224600	0.017190)
(-2.500000	0.254500	0.017310)
(-2.250000	0.277200	0.017590)
(-2.000000	0.307400	0.017700)
(-1.750000	0.328900	0.017930)
(-1.500000	0.360200	0.017930)
(-1.250000	0.382400	0.018080)
(-1.000000	0.411900	0.018080)
(-0.750000	0.435500	0.018180)
(-0.500000	0.465100	0.018140)
(-0.250000	0.489400	0.018240)
(0.000000	0.517800	0.018240)
(0.250000	0.543700	0.018310)
(0.500000	0.570700	0.018360)
(0.750000	0.598100	0.018400)
(1.000000	0.623800	0.018490)
(1.250000	0.650400	0.018560)
(1.500000	0.677500	0.018640)
(1.750000	0.702600	0.018740)
(2.000000	0.730200	0.018820)
(2.250000	0.755200	0.018940)
(2.500000	0.781600	0.019040)
(2.750000	0.807200	0.019170)
(3.000000	0.834000	0.019280)
(3.250000	0.857800	0.019420)
(3.500000	0.883800	0.019540)
(3.750000	0.909300	0.019670)
(4.000000	0.934600	0.019830)
(4.250000	0.959400	0.019940)
(4.500000	0.982200	0.020140)
(4.750000	1.008700	0.020210)
(5.000000	1.029800	0.020450)
(5.250000	1.058000	0.020470)
(5.500000	1.076800	0.020740)
(5.750000	1.107200	0.020690)
(6.000000	1.123700	0.021010)
(6.250000	1.153600	0.020930)
(6.500000	1.168800	0.021180)
(6.750000	1.188700	0.021320)
(7.000000	1.215300	0.021200)
(7.250000	1.228700	0.021370)
(7.500000	1.246100	0.021320)
(7.750000	1.268200	0.021010)
(8.000000	1.292600	0.020670)
(8.250000	1.326000	0.020600)
(8.500000	1.355400	0.020730)
(8.750000	1.382600	0.020900)
(9.000000	1.408800	0.021030)
(9.250000	1.430400	0.021180)
(9.500000	1.445000	0.021400)
(9.750000	1.458200	0.021580)
(10.000000	1.474400	0.021720)
(10.250000	1.480800	0.022220)
(10.500000	1.490500	0.022690)
(10.750000	1.498100	0.023290)
(11.000000	1.503900	0.024030)
(11.250000	1.506600	0.024980)
(11.500000	1.508200	0.026100)
(11.750000	1.508000	0.027420)
(12.000000	1.504700	0.029090)
(12.250000	1.499900	0.031000)
(12.500000	1.492700	0.033240)
(12.750000	1.483600	0.035790)
(13.000000	1.473000	0.038640)
(13.250000	1.461600	0.041740)
(13.500000	1.450100	0.045050)
(13.750000	1.439000	0.048480)
(14.000000	1.428600	0.051990)
(14.250000	1.418800	0.055550)
(14.500000	1.410600	0.059080)
(14.750000	1.402400	0.062670)
(15.000000	1.395300	0.066260)
(15.250000	1.388400	0.069890)
(15.500000	1.381600	0.073560)
(15.750000	1.375800	0.077200)
(16.000000	1.370400	0.080840)
(16.250000	1.365300	0.084500)
(16.500000	1.360300	0.088180)
(16.750000	1.355400	0.091890)
(17.000000	1.350800	0.095640)
(17.250000	1.345900	0.099460)
(17.500000	1.341300	0.103210)
(17.750000	1.338000	0.106750)
(18.000000	1.336800	0.109960)
(18.250000	1.337900	0.112800)
(18.500000	1.341300	0.115230)
(18.750000	1.347400	0.117160)
(19.000000	1.354100	0.119050)
(19.250000	1.362500	0.120630)
(19.500000	1.369600	0.122520)
(19.750000	1.376100	0.124500)
(20.000000	1.384300	0.126170)
(20.250000	1.396900	0.127000)
(20.500000	1.399500	0.129720)
(20.750000	1.413400	0.130280)
(21.000000	1.411100	0.133960)
(21.250000	1.418700	0.135710)
(21.500000	1.421000	0.138510)
(21.750000	1.416700	0.142540)
(22.000000	1.416800	0.145740)
(22.250000	1.428300	0.146690)
(22.500000	1.416800	0.152260)
(22.750000	1.404400	0.158090)
(23.000000	1.390300	0.164420)
(23.250000	1.374200	0.171360)
(23.500000	1.355900	0.179020)
(23.750000	1.336500	0.187300)
(28.482143	1.212555	0.273014)
(33.214286	1.122360	0.368530)
(37.946429	1.047159	0.471268)
(42.678571	0.976438	0.578458)
(47.410714	0.904056	0.687209)
(52.142857	0.826481	0.794592)
(56.875000	0.741901	0.897716)
(61.607143	0.649734	0.993809)
(66.339286	0.550324	1.080292)
(71.071429	0.444746	1.154851)
(75.803571	0.334652	1.215496)
(80.535714	0.222149	1.260617)
(85.267857	0.109696	1.289028)
(90.000000	0.000000	1.300000)
(94.732143	-0.076787	1.289028)
(99.464286	-0.155505	1.260617)
(104.196429	-0.234256	1.215496)
(108.928571	-0.311322	1.154851)
(113.660714	-0.385227	1.080292)
(118.392857	-0.454814	0.993809)
(123.125000	-0.519331	0.897716)
(127.857143	-0.578537	0.794592)
(132.589286	-0.632839	0.687209)
(137.321429	-0.683507	0.578458)
(142.053571	-0.733011	0.471268)
(146.785714	-0.785652	0.368530)
(151.517857	-0.848788	0.273014)
(156.250000	-0.935550	0.187300)
(157.946429	-0.868725	0.159411)
(159.642857	-0.801900	0.133180)
(161.339286	-0.735075	0.108696)
(163.035714	-0.668250	0.086046)
(164.732143	-0.601425	0.065309)
(166.428571	-0.534600	0.046555)
(168.125000	-0.467775	0.029852)
(169.821429	-0.400950	0.015256)
(171.517857	-0.334125	0.002818)
(173.214286	-0.267300	0.001000)
(174.910714	-0.200475	0.001000)
(176.607143	-0.133650	0.001000)
(178.303571	-0.066825	0.001000)
(180.000000	0.000000	0.001000)
