// Re = 0.04e6 
// (alpha_deg cl cd)
(-180	0.0000	0.1093)
(-170	0.3316	0.1465)
(-160	0.6631	0.2536)
(-150	0.6077	0.4171)
(-140	0.5765	0.6167)
(-130	0.5225	0.8272)
(-120	0.4327	1.0221)
(-110	0.3082	1.1765)
(-100	0.1588	1.2701)
(-90	0.0000	1.2900)
(-80	-0.1588	1.2701)
(-70	-0.3082	1.1765)
(-60	-0.4327	1.0221)
(-50	-0.5225	0.8272)
(-40	-0.5765	0.6167)
(-30	-0.6077	0.4171)
(-20	-0.6631	0.2536)
(-10	-0.6402	0.1233)
(-4.75	-0.6282	0.0549)
(-4.5	-0.6140	0.0560)
(-4.25	-0.5997	0.0567)
(-4	-0.5859	0.0570)
(-3.5	-0.5607	0.0566)
(-3.25	-0.5453	0.0562)
(-3	-0.5318	0.0556)
(-2.75	-0.5215	0.0548)
(-2.5	-0.5093	0.0540)
(-2.25	-0.4953	0.0533)
(-2	-0.4820	0.0525)
(-1.75	-0.4729	0.0517)
(-1.5	-0.4577	0.0510)
(-1.25	-0.4407	0.0504)
(-1	-0.4287	0.0498)
(-0.75	-0.4078	0.0494)
(-0.5	-0.3865	0.0491)
(-0.25	-0.3626	0.0489)
(0	-0.3340	0.0490)
(1	-0.1729	0.0517)
(1.25	-0.1324	0.0527)
(1.5	-0.0936	0.0538)
(1.75	-0.0962	0.0534)
(2	-0.0990	0.0529)
(2.25	-0.1020	0.0524)
(2.5	-0.1048	0.0519)
(2.75	-0.1070	0.0513)
(3	-0.1071	0.0509)
(3.25	-0.1005	0.0509)
(3.5	-0.0871	0.0514)
(3.75	-0.0690	0.0522)
(4	-0.0480	0.0534)
(4.25	-0.0134	0.0558)
(4.5	0.0321	0.0590)
(4.75	0.0739	0.0621)
(5	0.1096	0.0647)
(6	0.2359	0.0754)
(6.25	0.2626	0.0779)
(6.5	0.2877	0.0805)
(6.75	0.3132	0.0832)
(7	0.3430	0.0865)
(7.25	0.3622	0.0888)
(7.5	0.3801	0.0912)
(7.75	0.3996	0.0939)
(8	0.4233	0.0971)
(8.25	0.4448	0.1000)
(8.5	0.4586	0.1025)
(8.75	0.4734	0.1052)
(9	0.4894	0.1081)
(9.25	0.5064	0.1111)
(9.5	0.5236	0.1143)
(9.75	0.5401	0.1174)
(10	0.5553	0.1205)
(10.25	0.5692	0.1236)
(10.5	0.5819	0.1266)
(10.75	0.5936	0.1296)
(11	0.6049	0.1327)
(11.25	0.6164	0.1358)
(11.5	0.6309	0.1390)
(11.75	0.6476	0.1426)
(12	0.7381	0.1336)
(12.25	0.7576	0.1351)
(12.5	0.7642	0.1379)
(12.75	0.7742	0.1407)
(13	0.7823	0.1439)
(13.25	0.7922	0.1470)
(13.5	0.7924	0.1516)
(13.75	0.7950	0.1561)
(14	0.7905	0.1618)
(14.25	0.7940	0.1674)
(16	0.7970	0.2019)
(16.25	0.8064	0.2052)
(16.5	0.8161	0.2087)
(16.75	0.8265	0.2123)
(17	0.8374	0.2159)
(17.25	0.8490	0.2196)
(17.5	0.8568	0.2225)
(17.75	0.8630	0.2251)
(18	0.8706	0.2280)
(18.25	0.8794	0.2311)
(18.5	0.8900	0.2346)
(18.75	0.9030	0.2386)
(19	0.9109	0.2413)
(19.25	0.9167	0.2436)
(19.5	0.9253	0.2467)
(19.75	0.9377	0.2506)
(20	0.9473	0.2536)
(30	0.8681	0.4171)
(40	0.8236	0.6167)
(50	0.7465	0.8272)
(60	0.6181	1.0221)
(70	0.4403	1.1765)
(80	0.2269	1.2701)
(90	0.0000	1.2900)
(100	-0.1588	1.2701)
(110	-0.3082	1.1765)
(120	-0.4327	1.0221)
(130	-0.5225	0.8272)
(140	-0.5765	0.6167)
(150	-0.6077	0.4171)
(160	-0.6631	0.2536)
(170	-0.3316	0.1465)
(180	0.0000	0.1093)
