// Re = 0.08
(-180.000000	0.000000	0.040394)
(-178.375000	0.051665	0.041423)
(-176.750000	0.103330	0.044507)
(-175.125000	0.154995	0.049636)
(-173.500000	0.206660	0.056793)
(-171.875000	0.258325	0.065956)
(-170.250000	0.309990	0.077093)
(-168.625000	0.361655	0.090170)
(-167.000000	0.413320	0.105142)
(-165.375000	0.464985	0.121962)
(-163.750000	0.516650	0.140575)
(-162.125000	0.568315	0.160921)
(-160.500000	0.619980	0.182932)
(-158.875000	0.671645	0.206537)
(-157.250000	0.723310	0.231660)
(-152.446429	0.681321	0.313984)
(-147.642857	0.653170	0.406486)
(-142.839286	0.628727	0.506535)
(-138.035714	0.602380	0.611286)
(-133.232143	0.570900	0.717754)
(-128.428571	0.532501	0.822903)
(-123.625000	0.486378	0.923730)
(-118.821429	0.432451	1.017350)
(-114.017857	0.371208	1.101075)
(-109.214286	0.303598	1.172493)
(-104.410714	0.230943	1.229535)
(-99.607143	0.154864	1.270533)
(-94.803571	0.077212	1.294266)
(-90.000000	0.000000	1.300000)
(-85.196429	-0.077212	1.294266)
(-80.392857	-0.154864	1.270533)
(-75.589286	-0.230943	1.229535)
(-70.785714	-0.303598	1.172493)
(-65.982143	-0.371208	1.101075)
(-61.178571	-0.432451	1.017350)
(-56.375000	-0.486378	0.923730)
(-51.571429	-0.532501	0.822903)
(-46.767857	-0.570900	0.717754)
(-41.964286	-0.602380	0.611286)
(-37.160714	-0.628727	0.506535)
(-32.357143	-0.653170	0.406486)
(-27.553571	-0.681321	0.313984)
(-22.750000	-0.723310	0.231660)
(-21.482143	-0.698974	0.218184)
(-20.214286	-0.674637	0.204707)
(-18.946429	-0.650301	0.191231)
(-17.678571	-0.625964	0.177754)
(-16.410714	-0.601628	0.164278)
(-15.142857	-0.577291	0.150801)
(-13.875000	-0.552955	0.137325)
(-12.607143	-0.528619	0.123849)
(-11.339286	-0.504282	0.110372)
(-10.071429	-0.479946	0.096896)
(-8.803571	-0.455609	0.083419)
(-7.535714	-0.431273	0.069943)
(-5.000000	-0.382600	0.042990)
(-4.750000	-0.381700	0.044070)
(-4.500000	-0.353000	0.046010)
(-4.250000	-0.354700	0.047260)
(-4.000000	-0.324200	0.048780)
(-3.750000	-0.329500	0.049790)
(-3.500000	-0.304000	0.050990)
(-3.250000	-0.305000	0.051920)
(-3.000000	-0.288700	0.052920)
(-2.750000	-0.277600	0.053880)
(-2.500000	-0.273500	0.054780)
(-2.250000	-0.251400	0.055710)
(-2.000000	-0.249500	0.056500)
(-1.750000	-0.243900	0.057190)
(-1.500000	-0.232500	0.057930)
(-1.250000	-0.211200	0.058520)
(-1.000000	-0.206200	0.059170)
(-0.750000	-0.194500	0.059780)
(-0.500000	-0.181700	0.060700)
(0.500000	-0.192300	0.065350)
(0.750000	-0.176400	0.065920)
(1.000000	-0.162300	0.066530)
(1.250000	-0.133400	0.067420)
(1.500000	-0.124200	0.067870)
(1.750000	-0.091800	0.069070)
(2.000000	-0.080600	0.069460)
(2.500000	-0.035700	0.071290)
(2.750000	-0.018900	0.072300)
(3.000000	0.006100	0.073270)
(3.250000	0.017200	0.074040)
(3.500000	0.049200	0.075520)
(3.750000	0.059900	0.076240)
(4.000000	0.082700	0.077640)
(4.250000	0.100800	0.078590)
(4.500000	0.112300	0.079610)
(4.750000	0.143200	0.081270)
(5.000000	0.150800	0.082070)
(5.250000	0.166300	0.083410)
(5.500000	0.191700	0.084860)
(5.750000	0.198600	0.085820)
(6.000000	0.215100	0.087300)
(6.250000	0.238300	0.088750)
(6.500000	0.246100	0.089890)
(6.750000	0.260400	0.091380)
(7.000000	0.284600	0.092940)
(7.250000	0.291000	0.094100)
(7.500000	0.301800	0.095540)
(8.000000	0.334700	0.098410)
(8.250000	0.340900	0.099650)
(8.500000	0.350800	0.101000)
(9.000000	0.388600	0.103830)
(9.250000	0.405000	0.105650)
(9.500000	0.424200	0.108000)
(9.750000	0.444000	0.110430)
(10.000000	0.463900	0.112890)
(10.250000	0.483700	0.115360)
(10.500000	0.503200	0.117820)
(10.750000	0.522200	0.120260)
(11.000000	0.540800	0.122670)
(11.250000	0.559000	0.125040)
(11.750000	0.597200	0.129630)
(12.000000	0.622200	0.131850)
(12.250000	0.632600	0.134170)
(12.500000	0.639400	0.136340)
(12.750000	0.723000	0.128800)
(13.000000	0.734800	0.130560)
(13.250000	0.749100	0.132160)
(13.500000	0.774300	0.132810)
(14.000000	0.795800	0.136600)
(14.250000	0.813400	0.137840)
(14.500000	0.835200	0.138550)
(14.750000	0.857400	0.139060)
(15.000000	0.851600	0.142860)
(15.250000	0.863400	0.144620)
(15.500000	0.878200	0.145990)
(15.750000	0.893800	0.147150)
(16.000000	0.909600	0.148310)
(16.500000	0.912500	0.154870)
(16.750000	0.917900	0.157660)
(17.000000	0.924300	0.160350)
(17.250000	0.930400	0.163120)
(17.500000	0.936000	0.165990)
(17.750000	0.940900	0.169010)
(18.000000	0.945200	0.172160)
(18.250000	0.949400	0.175370)
(18.500000	0.953700	0.178510)
(18.750000	0.958400	0.181640)
(19.000000	0.963400	0.184710)
(19.250000	0.968400	0.187780)
(19.500000	0.973100	0.190880)
(19.750000	0.977500	0.194000)
(20.000000	0.981800	0.197160)
(20.250000	0.986800	0.200070)
(20.500000	1.005000	0.199980)
(20.750000	1.004200	0.204150)
(21.000000	1.005800	0.207770)
(21.250000	1.020100	0.208200)
(21.500000	1.019000	0.212560)
(21.750000	1.032900	0.213080)
(22.000000	1.031100	0.217920)
(22.250000	1.032300	0.222080)
(22.500000	1.035100	0.226010)
(22.750000	1.033300	0.231660)
(27.553571	0.973316	0.313984)
(32.357143	0.933100	0.406486)
(37.160714	0.898181	0.506535)
(41.964286	0.860542	0.611286)
(46.767857	0.815571	0.717754)
(51.571429	0.760716	0.822903)
(56.375000	0.694826	0.923730)
(61.178571	0.617788	1.017350)
(65.982143	0.530298	1.101075)
(70.785714	0.433712	1.172493)
(75.589286	0.329918	1.229535)
(80.392857	0.221234	1.270533)
(85.196429	0.110302	1.294266)
(90.000000	0.000000	1.300000)
(94.803571	-0.077212	1.294266)
(99.607143	-0.154864	1.270533)
(104.410714	-0.230943	1.229535)
(109.214286	-0.303598	1.172493)
(114.017857	-0.371208	1.101075)
(118.821429	-0.432451	1.017350)
(123.625000	-0.486378	0.923730)
(128.428571	-0.532501	0.822903)
(133.232143	-0.570900	0.717754)
(138.035714	-0.602380	0.611286)
(142.839286	-0.628727	0.506535)
(147.642857	-0.653170	0.406486)
(152.446429	-0.681321	0.313984)
(157.250000	-0.723310	0.231660)
(158.875000	-0.671645	0.206537)
(160.500000	-0.619980	0.182932)
(162.125000	-0.568315	0.160921)
(163.750000	-0.516650	0.140575)
(165.375000	-0.464985	0.121962)
(167.000000	-0.413320	0.105142)
(168.625000	-0.361655	0.090170)
(170.250000	-0.309990	0.077093)
(171.875000	-0.258325	0.065956)
(173.500000	-0.206660	0.056793)
(175.125000	-0.154995	0.049636)
(176.750000	-0.103330	0.044507)
(178.375000	-0.051665	0.041423)
(180.000000	0.000000	0.040394)
