// Re = 0.06
(-180.000000	0.000000	0.023996)
(-178.035714	0.060510	0.025509)
(-176.071429	0.121020	0.030042)
(-174.107143	0.181530	0.037572)
(-172.142857	0.242040	0.048065)
(-170.178571	0.302550	0.061470)
(-168.214286	0.363060	0.077725)
(-166.250000	0.423570	0.096751)
(-164.285714	0.484080	0.118460)
(-162.321429	0.544590	0.142748)
(-160.357143	0.605100	0.169501)
(-158.392857	0.665610	0.198591)
(-156.428571	0.726120	0.229882)
(-154.464286	0.786630	0.263224)
(-152.500000	0.847140	0.298460)
(-148.035714	0.787249	0.384688)
(-143.571429	0.738328	0.477716)
(-139.107143	0.693372	0.575270)
(-134.642857	0.648189	0.674965)
(-130.178571	0.600260	0.774361)
(-125.714286	0.548159	0.871024)
(-121.250000	0.491240	0.962585)
(-116.785714	0.429435	1.046797)
(-112.321429	0.363139	1.121589)
(-107.857143	0.293110	1.185118)
(-103.392857	0.220404	1.235812)
(-98.928571	0.146312	1.272410)
(-94.464286	0.072309	1.293991)
(-90.000000	0.000000	1.300000)
(-85.535714	-0.072309	1.293991)
(-81.071429	-0.146312	1.272410)
(-76.607143	-0.220404	1.235812)
(-72.142857	-0.293110	1.185118)
(-67.678571	-0.363139	1.121589)
(-63.214286	-0.429435	1.046797)
(-58.750000	-0.491240	0.962585)
(-54.285714	-0.548159	0.871024)
(-49.821429	-0.600260	0.774361)
(-45.357143	-0.648189	0.674965)
(-40.892857	-0.693372	0.575270)
(-36.428571	-0.738328	0.477716)
(-31.964286	-0.787249	0.384688)
(-27.500000	-0.847140	0.298460)
(-25.875000	-0.833687	0.283232)
(-24.250000	-0.820234	0.268004)
(-22.625000	-0.806781	0.252776)
(-21.000000	-0.793329	0.237549)
(-19.375000	-0.779876	0.222321)
(-17.750000	-0.766423	0.207093)
(-16.125000	-0.752970	0.191865)
(-14.500000	-0.739517	0.176637)
(-12.875000	-0.726064	0.161409)
(-11.250000	-0.712611	0.146181)
(-9.625000	-0.699159	0.130954)
(-8.000000	-0.685706	0.115726)
(-4.750000	-0.658800	0.085270)
(-4.500000	-0.627700	0.087920)
(-4.250000	-0.622200	0.087210)
(-4.000000	-0.592200	0.089510)
(-3.750000	-0.585100	0.088880)
(-3.500000	-0.557500	0.090690)
(-3.250000	-0.541100	0.091320)
(-3.000000	-0.544900	0.089850)
(-2.750000	-0.525100	0.090840)
(-2.500000	-0.503900	0.091650)
(-2.250000	-0.496100	0.091100)
(-2.000000	-0.498000	0.089740)
(-1.750000	-0.487600	0.089640)
(-1.500000	-0.466500	0.090200)
(-1.250000	-0.460900	0.089400)
(-1.000000	-0.456800	0.088500)
(-0.750000	-0.442800	0.088330)
(-0.500000	-0.427400	0.088360)
(-0.250000	-0.420500	0.087790)
(0.000000	-0.406100	0.087530)
(0.250000	-0.390600	0.087000)
(0.500000	-0.381700	0.086720)
(0.750000	-0.361800	0.086890)
(1.000000	-0.344600	0.086510)
(1.250000	-0.334500	0.086410)
(1.500000	-0.305700	0.087100)
(1.750000	-0.295200	0.086820)
(2.000000	-0.278200	0.086920)
(2.250000	-0.250200	0.087910)
(2.500000	-0.237500	0.087800)
(2.750000	-0.219400	0.088320)
(3.000000	-0.192100	0.089320)
(3.250000	-0.177900	0.089570)
(3.500000	-0.156200	0.090500)
(3.750000	-0.130800	0.091510)
(4.000000	-0.117200	0.092000)
(4.250000	-0.090800	0.093380)
(4.500000	-0.071800	0.094220)
(4.750000	-0.054000	0.095120)
(5.000000	-0.029600	0.096660)
(5.250000	-0.008100	0.097750)
(5.500000	0.003500	0.098520)
(5.750000	0.030800	0.100360)
(6.000000	0.048700	0.101460)
(6.250000	0.062200	0.102490)
(6.500000	0.086400	0.104310)
(6.750000	0.105300	0.105640)
(7.000000	0.118700	0.106790)
(7.250000	0.137700	0.108450)
(7.500000	0.162000	0.110320)
(7.750000	0.173000	0.111400)
(8.000000	0.188800	0.112980)
(8.250000	0.215100	0.115270)
(8.500000	0.227600	0.116460)
(8.750000	0.238700	0.117780)
(9.000000	0.254500	0.119510)
(9.250000	0.279300	0.121720)
(9.500000	0.288400	0.122900)
(9.750000	0.299800	0.124390)
(10.000000	0.316600	0.126280)
(10.250000	0.335600	0.128120)
(10.500000	0.343400	0.129310)
(10.750000	0.353400	0.130720)
(11.000000	0.369700	0.132490)
(11.250000	0.388100	0.134070)
(11.500000	0.401600	0.134490)
(11.750000	0.422400	0.137010)
(12.000000	0.444400	0.139730)
(12.250000	0.468400	0.142650)
(12.500000	0.496600	0.145900)
(12.750000	0.524400	0.149080)
(13.000000	0.542900	0.151540)
(13.250000	0.561900	0.154130)
(13.500000	0.581100	0.156820)
(13.750000	0.600400	0.159570)
(14.000000	0.619700	0.162340)
(14.250000	0.638700	0.165150)
(14.500000	0.657600	0.167960)
(14.750000	0.676200	0.170770)
(15.000000	0.694800	0.173630)
(15.250000	0.713800	0.176540)
(15.500000	0.733500	0.179540)
(15.750000	0.752200	0.182380)
(16.000000	0.764300	0.184730)
(16.250000	0.776000	0.187130)
(16.500000	0.787600	0.189600)
(16.750000	0.799500	0.192130)
(17.000000	0.812300	0.194750)
(17.250000	0.827100	0.197460)
(17.500000	0.844700	0.200460)
(17.750000	0.857000	0.202880)
(18.000000	0.865300	0.205060)
(18.250000	0.874600	0.207430)
(18.500000	0.885100	0.209910)
(18.750000	0.897200	0.212500)
(19.000000	0.911900	0.215350)
(19.250000	0.927400	0.218130)
(19.500000	0.934200	0.220160)
(19.750000	0.942000	0.222400)
(20.000000	0.950700	0.224810)
(20.250000	0.960600	0.227310)
(20.500000	0.972400	0.229930)
(20.750000	0.986600	0.232810)
(21.000000	0.997800	0.235280)
(21.250000	1.004100	0.237370)
(21.500000	1.011400	0.239660)
(21.750000	1.019600	0.242080)
(22.000000	1.028800	0.244570)
(22.250000	1.039100	0.247120)
(22.500000	1.050300	0.249800)
(22.750000	1.061600	0.252440)
(23.000000	1.072200	0.255030)
(23.250000	1.081900	0.257590)
(23.500000	1.090600	0.259960)
(23.750000	1.098500	0.262350)
(24.000000	1.105900	0.264590)
(24.250000	1.113400	0.266980)
(24.500000	1.121400	0.269400)
(24.750000	1.130200	0.271940)
(25.000000	1.140100	0.274590)
(25.250000	1.145500	0.276690)
(25.500000	1.150200	0.278940)
(25.750000	1.156200	0.281440)
(26.000000	1.165100	0.284010)
(26.250000	1.177100	0.286790)
(26.500000	1.179400	0.288700)
(26.750000	1.186500	0.291180)
(27.000000	1.198100	0.293840)
(27.250000	1.200500	0.295850)
(27.500000	1.210200	0.298460)
(31.964286	1.124641	0.384688)
(36.428571	1.054754	0.477716)
(40.892857	0.990532	0.575270)
(45.357143	0.925985	0.674965)
(49.821429	0.857514	0.774361)
(54.285714	0.783085	0.871024)
(58.750000	0.701771	0.962585)
(63.214286	0.613479	1.046797)
(67.678571	0.518769	1.121589)
(72.142857	0.418728	1.185118)
(76.607143	0.314862	1.235812)
(81.071429	0.209018	1.272410)
(85.535714	0.103299	1.293991)
(90.000000	0.000000	1.300000)
(94.464286	-0.072309	1.293991)
(98.928571	-0.146312	1.272410)
(103.392857	-0.220404	1.235812)
(107.857143	-0.293110	1.185118)
(112.321429	-0.363139	1.121589)
(116.785714	-0.429435	1.046797)
(121.250000	-0.491240	0.962585)
(125.714286	-0.548159	0.871024)
(130.178571	-0.600260	0.774361)
(134.642857	-0.648189	0.674965)
(139.107143	-0.693372	0.575270)
(143.571429	-0.738328	0.477716)
(148.035714	-0.787249	0.384688)
(152.500000	-0.847140	0.298460)
(154.464286	-0.786630	0.263224)
(156.428571	-0.726120	0.229882)
(158.392857	-0.665610	0.198591)
(160.357143	-0.605100	0.169501)
(162.321429	-0.544590	0.142748)
(164.285714	-0.484080	0.118460)
(166.250000	-0.423570	0.096751)
(168.214286	-0.363060	0.077725)
(170.178571	-0.302550	0.061470)
(172.142857	-0.242040	0.048065)
(174.107143	-0.181530	0.037572)
(176.071429	-0.121020	0.030042)
(178.035714	-0.060510	0.025509)
(180.000000	0.000000	0.023996)
