// Re = 0.12
(-180.000000	0.000000	0.001000)
(-178.196429	0.069545	0.001000)
(-176.392857	0.139090	0.001000)
(-174.589286	0.208635	0.001000)
(-172.785714	0.278180	0.001000)
(-170.982143	0.347725	0.002500)
(-169.178571	0.417270	0.016547)
(-167.375000	0.486815	0.033018)
(-165.571429	0.556360	0.051846)
(-163.767857	0.625905	0.072959)
(-161.964286	0.695450	0.096273)
(-160.160714	0.764995	0.121697)
(-158.357143	0.834540	0.149131)
(-156.553571	0.904085	0.178467)
(-154.750000	0.973630	0.209590)
(-150.125000	0.883062	0.296701)
(-145.500000	0.814041	0.392496)
(-140.875000	0.755073	0.494509)
(-136.250000	0.699527	0.600116)
(-131.625000	0.643463	0.706600)
(-127.000000	0.584592	0.811226)
(-122.375000	0.521732	0.911309)
(-117.750000	0.454501	1.004285)
(-113.125000	0.383122	1.087777)
(-108.500000	0.308291	1.159655)
(-103.875000	0.231084	1.218094)
(-99.250000	0.152872	1.261619)
(-94.625000	0.075255	1.289144)
(-90.000000	0.000000	1.300000)
(-85.375000	-0.075255	1.289144)
(-80.750000	-0.152872	1.261619)
(-76.125000	-0.231084	1.218094)
(-71.500000	-0.308291	1.159655)
(-66.875000	-0.383122	1.087777)
(-62.250000	-0.454501	1.004285)
(-57.625000	-0.521732	0.911309)
(-53.000000	-0.584592	0.811226)
(-48.375000	-0.643463	0.706600)
(-43.750000	-0.699527	0.600116)
(-39.125000	-0.755073	0.494509)
(-34.500000	-0.814041	0.392496)
(-29.875000	-0.883062	0.296701)
(-25.250000	-0.973630	0.209590)
(-23.803571	-0.909406	0.196516)
(-22.357143	-0.845183	0.183443)
(-20.910714	-0.780959	0.170369)
(-19.464286	-0.716736	0.157296)
(-18.017857	-0.652512	0.144222)
(-16.571429	-0.588289	0.131149)
(-15.125000	-0.524065	0.118075)
(-13.678571	-0.459841	0.105001)
(-12.232143	-0.395618	0.091928)
(-10.785714	-0.331394	0.078854)
(-9.339286	-0.267171	0.065781)
(-7.892857	-0.202947	0.052707)
(-5.000000	-0.074500	0.026560)
(-4.500000	-0.023800	0.027540)
(-4.250000	-0.010800	0.028540)
(-4.000000	0.019200	0.028860)
(-3.750000	0.036300	0.029380)
(-3.500000	0.070300	0.029570)
(-3.250000	0.081300	0.030340)
(-3.000000	0.113700	0.030710)
(-2.750000	0.120900	0.031640)
(-2.500000	0.156900	0.031260)
(-2.250000	0.164300	0.031980)
(-2.000000	0.199900	0.031610)
(-1.750000	0.211400	0.031960)
(-1.500000	0.242800	0.031910)
(-1.250000	0.253000	0.032410)
(-1.000000	0.285000	0.032270)
(-0.750000	0.292600	0.033010)
(-0.500000	0.327000	0.032720)
(0.000000	0.369900	0.033210)
(0.500000	0.410900	0.033880)
(1.000000	0.436200	0.035500)
(1.500000	0.437300	0.038640)
(1.750000	0.484200	0.037790)
(2.000000	0.527600	0.037030)
(2.250000	0.476500	0.043040)
(2.500000	0.511800	0.042320)
(5.250000	0.623600	0.061620)
(5.500000	0.652100	0.062000)
(5.750000	0.688900	0.061300)
(6.000000	0.687100	0.064020)
(6.500000	0.727100	0.065920)
(6.750000	0.726000	0.068480)
(7.250000	0.733000	0.073250)
(7.500000	0.769000	0.072500)
(8.000000	0.777300	0.077020)
(8.250000	0.814100	0.075870)
(8.500000	0.818000	0.077990)
(8.750000	0.823300	0.079940)
(9.250000	0.868000	0.080120)
(10.250000	0.880700	0.085520)
(10.500000	0.932100	0.083510)
(10.750000	0.948400	0.085430)
(11.000000	0.973700	0.086260)
(11.750000	1.034600	0.089430)
(12.000000	1.085000	0.086510)
(14.750000	1.516200	0.061170)
(15.000000	1.521600	0.062800)
(15.250000	1.525300	0.064680)
(15.500000	1.527200	0.066800)
(15.750000	1.526500	0.069250)
(16.000000	1.519100	0.072630)
(16.250000	1.512500	0.075990)
(16.500000	1.506500	0.079360)
(16.750000	1.501000	0.082730)
(17.000000	1.496600	0.086020)
(17.250000	1.493000	0.089250)
(17.500000	1.487800	0.092800)
(17.750000	1.485200	0.096000)
(18.000000	1.484800	0.098880)
(18.250000	1.479800	0.102570)
(18.500000	1.477400	0.105850)
(18.750000	1.475400	0.109100)
(19.000000	1.470500	0.112840)
(19.250000	1.467200	0.116370)
(19.500000	1.464100	0.119860)
(19.750000	1.460400	0.123500)
(20.000000	1.455500	0.127350)
(20.250000	1.451500	0.131100)
(20.500000	1.448400	0.134700)
(20.750000	1.445600	0.138220)
(21.000000	1.445100	0.141340)
(21.250000	1.445500	0.144370)
(21.500000	1.447200	0.147170)
(21.750000	1.454400	0.148890)
(22.000000	1.458300	0.151280)
(22.250000	1.463500	0.153440)
(22.500000	1.470100	0.155300)
(22.750000	1.478000	0.156940)
(23.000000	1.487900	0.158090)
(23.250000	1.487200	0.161410)
(23.500000	1.491200	0.163810)
(23.750000	1.501000	0.164980)
(24.000000	1.492700	0.169890)
(24.250000	1.490500	0.173480)
(24.500000	1.492300	0.176330)
(24.750000	1.472200	0.183830)
(25.000000	1.444700	0.193200)
(25.250000	1.390900	0.209590)
(29.875000	1.261516	0.296701)
(34.500000	1.162916	0.392496)
(39.125000	1.078675	0.494509)
(43.750000	0.999324	0.600116)
(48.375000	0.919232	0.706600)
(53.000000	0.835131	0.811226)
(57.625000	0.745332	0.911309)
(62.250000	0.649288	1.004285)
(66.875000	0.547317	1.087777)
(71.500000	0.440416	1.159655)
(76.125000	0.330120	1.218094)
(80.750000	0.218388	1.261619)
(85.375000	0.107508	1.289144)
(90.000000	0.000000	1.300000)
(94.625000	-0.075255	1.289144)
(99.250000	-0.152872	1.261619)
(103.875000	-0.231084	1.218094)
(108.500000	-0.308291	1.159655)
(113.125000	-0.383122	1.087777)
(117.750000	-0.454501	1.004285)
(122.375000	-0.521732	0.911309)
(127.000000	-0.584592	0.811226)
(131.625000	-0.643463	0.706600)
(136.250000	-0.699527	0.600116)
(140.875000	-0.755073	0.494509)
(145.500000	-0.814041	0.392496)
(150.125000	-0.883062	0.296701)
(154.750000	-0.973630	0.209590)
(156.553571	-0.904085	0.178467)
(158.357143	-0.834540	0.149131)
(160.160714	-0.764995	0.121697)
(161.964286	-0.695450	0.096273)
(163.767857	-0.625905	0.072959)
(165.571429	-0.556360	0.051846)
(167.375000	-0.486815	0.033018)
(169.178571	-0.417270	0.016547)
(170.982143	-0.347725	0.002500)
(172.785714	-0.278180	0.001000)
(174.589286	-0.208635	0.001000)
(176.392857	-0.139090	0.001000)
(178.196429	-0.069545	0.001000)
(180.000000	0.000000	0.001000)
