// Re = 0.18
(-180.000000	0.000000	0.011116)
(-178.696429	0.064180	0.011786)
(-177.392857	0.128360	0.013794)
(-176.089286	0.192540	0.017137)
(-174.785714	0.256720	0.021807)
(-173.482143	0.320900	0.027795)
(-172.178571	0.385080	0.035088)
(-170.875000	0.449260	0.043671)
(-169.571429	0.513440	0.053526)
(-168.267857	0.577620	0.064633)
(-166.964286	0.641800	0.076969)
(-165.660714	0.705980	0.090508)
(-164.357143	0.770160	0.105222)
(-163.053571	0.834340	0.121080)
(-161.750000	0.898520	0.138050)
(-156.625000	0.794404	0.214835)
(-151.500000	0.734459	0.305754)
(-146.375000	0.692569	0.407894)
(-141.250000	0.656057	0.517984)
(-136.125000	0.618097	0.632494)
(-131.000000	0.574903	0.747755)
(-125.875000	0.524509	0.860071)
(-120.750000	0.466177	0.965837)
(-115.625000	0.400071	1.061658)
(-110.500000	0.327052	1.144454)
(-105.375000	0.248532	1.211561)
(-100.250000	0.166359	1.260815)
(-95.125000	0.082711	1.290619)
(-90.000000	0.000000	1.300000)
(-84.875000	-0.082711	1.290619)
(-79.750000	-0.166359	1.260815)
(-74.625000	-0.248532	1.211561)
(-69.500000	-0.327052	1.144454)
(-64.375000	-0.400071	1.061658)
(-59.250000	-0.466177	0.965837)
(-54.125000	-0.524509	0.860071)
(-49.000000	-0.574903	0.747755)
(-43.875000	-0.618097	0.632494)
(-38.750000	-0.656057	0.517984)
(-33.625000	-0.692569	0.407894)
(-28.500000	-0.734459	0.305754)
(-23.375000	-0.794404	0.214835)
(-18.250000	-0.898520	0.138050)
(-17.303571	-0.834869	0.129656)
(-16.357143	-0.771217	0.121263)
(-15.410714	-0.707566	0.112869)
(-14.464286	-0.643914	0.104476)
(-13.517857	-0.580263	0.096082)
(-12.571429	-0.516611	0.087689)
(-11.625000	-0.452960	0.079295)
(-10.678571	-0.389309	0.070901)
(-9.732143	-0.325657	0.062508)
(-8.785714	-0.262006	0.054114)
(-7.839286	-0.198354	0.045721)
(-6.892857	-0.134703	0.037327)
(-5.000000	-0.007400	0.020540)
(-4.750000	0.025100	0.019560)
(-4.500000	0.059300	0.018620)
(-4.250000	0.087700	0.017900)
(-4.000000	0.117600	0.017220)
(-3.750000	0.151900	0.016460)
(-3.500000	0.179900	0.015890)
(-3.250000	0.209400	0.015260)
(-3.000000	0.244500	0.013270)
(-2.750000	0.273300	0.013220)
(-2.500000	0.299800	0.013320)
(-2.250000	0.327300	0.013420)
(-2.000000	0.357800	0.013470)
(-1.750000	0.381100	0.013680)
(-1.500000	0.404400	0.013930)
(-1.250000	0.429300	0.014080)
(-1.000000	0.456100	0.014120)
(-0.750000	0.481700	0.014180)
(-0.500000	0.508100	0.014200)
(-0.250000	0.537100	0.014150)
(0.000000	0.561600	0.014200)
(0.250000	0.587200	0.014240)
(0.500000	0.616400	0.014200)
(0.750000	0.640700	0.014250)
(1.000000	0.666000	0.014310)
(1.250000	0.692800	0.014310)
(1.500000	0.717800	0.014340)
(1.750000	0.741400	0.014410)
(2.000000	0.766200	0.014440)
(2.250000	0.791600	0.014440)
(2.500000	0.812700	0.014510)
(2.750000	0.834700	0.014550)
(3.000000	0.859200	0.014500)
(3.250000	0.877100	0.014540)
(3.500000	0.895500	0.014540)
(3.750000	0.918200	0.014450)
(4.000000	0.956200	0.014410)
(4.250000	0.988400	0.014600)
(4.500000	1.020700	0.014760)
(4.750000	1.052300	0.014900)
(5.000000	1.083100	0.015040)
(5.250000	1.113100	0.015190)
(5.500000	1.141700	0.015260)
(5.750000	1.169900	0.015260)
(6.000000	1.197100	0.015300)
(6.250000	1.220800	0.015380)
(6.500000	1.245400	0.015390)
(6.750000	1.267800	0.015410)
(7.000000	1.288000	0.015500)
(7.250000	1.308000	0.015660)
(7.500000	1.326900	0.015870)
(7.750000	1.344400	0.016130)
(8.000000	1.359800	0.016450)
(8.250000	1.372100	0.016880)
(8.500000	1.379100	0.017450)
(8.750000	1.380900	0.018340)
(9.000000	1.375800	0.019710)
(9.250000	1.365800	0.021570)
(9.500000	1.353900	0.023840)
(9.750000	1.340900	0.026450)
(10.000000	1.330100	0.029160)
(10.250000	1.324500	0.031660)
(10.500000	1.322400	0.033970)
(10.750000	1.322600	0.036180)
(11.000000	1.323200	0.038410)
(11.250000	1.324400	0.040630)
(11.500000	1.325900	0.042870)
(11.750000	1.327600	0.045120)
(12.000000	1.330200	0.047320)
(12.250000	1.333700	0.049480)
(12.500000	1.338100	0.051550)
(12.750000	1.343800	0.053550)
(13.000000	1.351100	0.055430)
(13.250000	1.360900	0.057070)
(13.500000	1.371000	0.058810)
(13.750000	1.382400	0.060480)
(14.000000	1.395200	0.062080)
(14.250000	1.407700	0.063850)
(14.500000	1.417900	0.065930)
(14.750000	1.426800	0.068120)
(15.250000	1.433500	0.073640)
(15.500000	1.435300	0.076670)
(16.000000	1.429500	0.083780)
(16.250000	1.416800	0.088440)
(16.500000	1.403200	0.093340)
(16.750000	1.388700	0.098500)
(17.000000	1.372900	0.104050)
(17.250000	1.355500	0.110070)
(17.500000	1.337200	0.116580)
(17.750000	1.318500	0.123500)
(18.000000	1.300300	0.130700)
(18.250000	1.283600	0.138050)
(23.375000	1.134862	0.214835)
(28.500000	1.049227	0.305754)
(33.625000	0.989385	0.407894)
(38.750000	0.937224	0.517984)
(43.875000	0.882996	0.632494)
(49.000000	0.821290	0.747755)
(54.125000	0.749298	0.860071)
(59.250000	0.665967	0.965837)
(64.375000	0.571531	1.061658)
(69.500000	0.467218	1.144454)
(74.625000	0.355046	1.211561)
(79.750000	0.237656	1.260815)
(84.875000	0.118158	1.290619)
(90.000000	0.000000	1.300000)
(95.125000	-0.082711	1.290619)
(100.250000	-0.166359	1.260815)
(105.375000	-0.248532	1.211561)
(110.500000	-0.327052	1.144454)
(115.625000	-0.400071	1.061658)
(120.750000	-0.466177	0.965837)
(125.875000	-0.524509	0.860071)
(131.000000	-0.574903	0.747755)
(136.125000	-0.618097	0.632494)
(141.250000	-0.656057	0.517984)
(146.375000	-0.692569	0.407894)
(151.500000	-0.734459	0.305754)
(156.625000	-0.794404	0.214835)
(161.750000	-0.898520	0.138050)
(163.053571	-0.834340	0.121080)
(164.357143	-0.770160	0.105222)
(165.660714	-0.705980	0.090508)
(166.964286	-0.641800	0.076969)
(168.267857	-0.577620	0.064633)
(169.571429	-0.513440	0.053526)
(170.875000	-0.449260	0.043671)
(172.178571	-0.385080	0.035088)
(173.482143	-0.320900	0.027795)
(174.785714	-0.256720	0.021807)
(176.089286	-0.192540	0.017137)
(177.392857	-0.128360	0.013794)
(178.696429	-0.064180	0.011786)
(180.000000	0.000000	0.011116)
