// Re = 0.21
(-180.000000	0.000000	0.001000)
(-178.464286	0.062240	0.001000)
(-176.928571	0.124480	0.001000)
(-175.392857	0.186720	0.003770)
(-173.857143	0.248960	0.010280)
(-172.321429	0.311200	0.018618)
(-170.785714	0.373440	0.028760)
(-169.250000	0.435680	0.040677)
(-167.714286	0.497920	0.054335)
(-166.178571	0.560160	0.069695)
(-164.642857	0.622400	0.086712)
(-163.107143	0.684640	0.105337)
(-161.571429	0.746880	0.125518)
(-160.035714	0.809120	0.147197)
(-158.500000	0.871360	0.170310)
(-153.607143	0.791116	0.252732)
(-148.714286	0.737902	0.346624)
(-143.821429	0.695772	0.449257)
(-138.928571	0.656211	0.557650)
(-134.035714	0.614386	0.668655)
(-129.142857	0.567565	0.779046)
(-124.250000	0.514362	0.885619)
(-119.357143	0.454339	0.985278)
(-114.464286	0.387775	1.075131)
(-109.571429	0.315510	1.152572)
(-104.678571	0.238831	1.215354)
(-99.785714	0.159380	1.261659)
(-94.892857	0.079068	1.290148)
(-90.000000	0.000000	1.300000)
(-85.107143	-0.079068	1.290148)
(-80.214286	-0.159380	1.261659)
(-75.321429	-0.238831	1.215354)
(-70.428571	-0.315510	1.152572)
(-65.535714	-0.387775	1.075131)
(-60.642857	-0.454339	0.985278)
(-55.750000	-0.514362	0.885619)
(-50.857143	-0.567565	0.779046)
(-45.964286	-0.614386	0.668655)
(-41.071429	-0.656211	0.557650)
(-36.178571	-0.695772	0.449257)
(-31.285714	-0.737902	0.346624)
(-26.392857	-0.791116	0.252732)
(-21.500000	-0.871360	0.170310)
(-20.321429	-0.826470	0.159160)
(-19.142857	-0.781580	0.148010)
(-17.964286	-0.736690	0.136860)
(-16.785714	-0.691800	0.125710)
(-15.607143	-0.646910	0.114560)
(-14.428571	-0.602020	0.103410)
(-13.250000	-0.557130	0.092260)
(-12.071429	-0.512240	0.081110)
(-10.892857	-0.467350	0.069960)
(-9.714286	-0.422460	0.058810)
(-8.535714	-0.377570	0.047660)
(-7.357143	-0.332680	0.036510)
(-5.000000	-0.242900	0.014210)
(-4.750000	-0.214900	0.014310)
(-4.500000	-0.187200	0.014410)
(-4.250000	-0.159500	0.014540)
(-4.000000	-0.131400	0.014660)
(-3.750000	-0.103200	0.014750)
(-3.500000	-0.075500	0.014860)
(-3.250000	-0.047500	0.014940)
(-3.000000	-0.018700	0.014960)
(-2.750000	0.009000	0.015020)
(-2.500000	0.037000	0.015050)
(-2.250000	0.065800	0.015040)
(-2.000000	0.094200	0.015030)
(-1.750000	0.122200	0.015060)
(-1.500000	0.151000	0.015050)
(-1.250000	0.179500	0.015040)
(-1.000000	0.207600	0.015080)
(-0.750000	0.236500	0.015070)
(-0.500000	0.264900	0.015080)
(-0.250000	0.292900	0.015130)
(0.000000	0.322100	0.015130)
(0.250000	0.350200	0.015170)
(0.500000	0.378200	0.015230)
(0.750000	0.407200	0.015240)
(1.000000	0.435300	0.015310)
(1.250000	0.463500	0.015370)
(1.500000	0.491800	0.015420)
(1.750000	0.519900	0.015500)
(2.000000	0.548900	0.015540)
(2.250000	0.576000	0.015640)
(2.500000	0.603900	0.015730)
(2.750000	0.633400	0.015760)
(3.000000	0.659700	0.015880)
(3.250000	0.687300	0.015980)
(3.500000	0.716400	0.016020)
(3.750000	0.743300	0.016140)
(4.000000	0.770000	0.016250)
(4.250000	0.798800	0.016280)
(4.500000	0.825100	0.016390)
(4.750000	0.851800	0.016490)
(5.000000	0.878900	0.016560)
(5.250000	0.905900	0.016580)
(5.500000	0.932300	0.016590)
(5.750000	0.958500	0.016600)
(6.000000	0.984400	0.016620)
(6.250000	1.009000	0.016620)
(6.500000	1.032900	0.016580)
(6.750000	1.057300	0.016480)
(7.000000	1.079300	0.016460)
(7.250000	1.102100	0.016460)
(7.500000	1.123600	0.016500)
(7.750000	1.143500	0.016540)
(8.000000	1.161800	0.016600)
(8.250000	1.179100	0.016690)
(8.500000	1.194100	0.016810)
(8.750000	1.206500	0.016960)
(9.000000	1.215400	0.017140)
(9.250000	1.221800	0.017350)
(9.500000	1.235500	0.018000)
(9.750000	1.243000	0.019150)
(10.000000	1.244700	0.020680)
(10.250000	1.243100	0.022530)
(10.500000	1.239100	0.024660)
(10.750000	1.234200	0.027020)
(11.000000	1.228800	0.029560)
(11.250000	1.223500	0.032220)
(11.500000	1.219700	0.034870)
(11.750000	1.216500	0.037560)
(12.000000	1.215000	0.040190)
(12.250000	1.213500	0.042860)
(12.500000	1.214700	0.045380)
(12.750000	1.216300	0.047910)
(13.000000	1.219000	0.050400)
(13.250000	1.222600	0.052830)
(13.500000	1.227100	0.055190)
(13.750000	1.232500	0.057470)
(14.000000	1.239100	0.059650)
(14.250000	1.246400	0.061800)
(14.500000	1.254700	0.063800)
(14.750000	1.263800	0.065730)
(15.000000	1.272600	0.067760)
(15.250000	1.285200	0.069240)
(15.500000	1.293100	0.071450)
(15.750000	1.306100	0.072930)
(16.000000	1.314800	0.075060)
(16.250000	1.328400	0.076500)
(16.500000	1.335800	0.078840)
(16.750000	1.352500	0.079890)
(17.000000	1.354900	0.082930)
(17.250000	1.368700	0.084400)
(17.500000	1.374700	0.086980)
(17.750000	1.378200	0.089890)
(18.000000	1.397200	0.090640)
(18.250000	1.392500	0.094720)
(18.500000	1.390500	0.098440)
(18.750000	1.401500	0.100260)
(19.000000	1.407200	0.102890)
(19.250000	1.394500	0.108230)
(19.500000	1.385700	0.113090)
(19.750000	1.383000	0.117040)
(20.000000	1.407300	0.116680)
(20.250000	1.386400	0.123540)
(20.500000	1.365400	0.130710)
(20.750000	1.342100	0.138550)
(21.000000	1.315400	0.147390)
(21.250000	1.283200	0.157860)
(21.500000	1.244800	0.170310)
(26.392857	1.130165	0.252732)
(31.285714	1.054146	0.346624)
(36.178571	0.993960	0.449257)
(41.071429	0.937444	0.557650)
(45.964286	0.877694	0.668655)
(50.857143	0.810808	0.779046)
(55.750000	0.734803	0.885619)
(60.642857	0.649056	0.985278)
(65.535714	0.553965	1.075131)
(70.428571	0.450729	1.152572)
(75.321429	0.341187	1.215354)
(80.214286	0.227685	1.261659)
(85.107143	0.112954	1.290148)
(90.000000	0.000000	1.300000)
(94.892857	-0.079068	1.290148)
(99.785714	-0.159380	1.261659)
(104.678571	-0.238831	1.215354)
(109.571429	-0.315510	1.152572)
(114.464286	-0.387775	1.075131)
(119.357143	-0.454339	0.985278)
(124.250000	-0.514362	0.885619)
(129.142857	-0.567565	0.779046)
(134.035714	-0.614386	0.668655)
(138.928571	-0.656211	0.557650)
(143.821429	-0.695772	0.449257)
(148.714286	-0.737902	0.346624)
(153.607143	-0.791116	0.252732)
(158.500000	-0.871360	0.170310)
(160.035714	-0.809120	0.147197)
(161.571429	-0.746880	0.125518)
(163.107143	-0.684640	0.105337)
(164.642857	-0.622400	0.086712)
(166.178571	-0.560160	0.069695)
(167.714286	-0.497920	0.054335)
(169.250000	-0.435680	0.040677)
(170.785714	-0.373440	0.028760)
(172.321429	-0.311200	0.018618)
(173.857143	-0.248960	0.010280)
(175.392857	-0.186720	0.003770)
(176.928571	-0.124480	0.001000)
(178.464286	-0.062240	0.001000)
(180.000000	0.000000	0.001000)
