// Re = 0.13e6 
// (alpha_deg cl cd)
(-180	0.0000	0.0016)
(-170	0.4505	0.0404)
(-160	0.8500	0.1524)
(-150	0.7162	0.3239)
(-140	0.6426	0.5342)
(-130	0.5616	0.7580)
(-120	0.4536	0.9683)
(-110	0.3172	1.1396)
(-100	0.1611	1.2514)
(-90	0.0000	1.2900)
(-80	-0.1611	1.2514)
(-70	-0.3172	1.1396)
(-60	-0.4536	0.9683)
(-50	-0.5616	0.7580)
(-40	-0.6426	0.5342)
(-30	-0.7162	0.3239)
(-20	-0.8500	0.1524)
(-10	-0.4599	0.0635)
(-5	-0.2397	0.0213)
(-4.75	-0.2142	0.0216)
(-4.5	-0.1871	0.0220)
(-4.25	-0.1618	0.0224)
(-4	-0.1369	0.0228)
(-3.75	-0.1113	0.0231)
(-3.5	-0.0848	0.0232)
(-3.25	-0.0601	0.0233)
(-3	-0.0345	0.0233)
(-2.75	-0.0077	0.0234)
(-2.5	0.0168	0.0235)
(-2.25	0.0427	0.0235)
(-2	0.0705	0.0233)
(-1.75	0.0943	0.0235)
(-1.5	0.1214	0.0234)
(-1.25	0.1484	0.0233)
(-1	0.1724	0.0235)
(-0.75	0.2015	0.0233)
(-0.5	0.2267	0.0234)
(-0.25	0.2516	0.0235)
(0	0.2795	0.0234)
(0.25	0.3051	0.0235)
(0.5	0.3332	0.0234)
(0.75	0.3570	0.0236)
(1	0.3843	0.0237)
(1.25	0.4101	0.0238)
(1.5	0.4342	0.0240)
(1.75	0.4651	0.0238)
(2	0.4867	0.0242)
(2.25	0.5126	0.0243)
(2.5	0.5398	0.0243)
(2.75	0.5638	0.0247)
(3	0.5930	0.0245)
(3.25	0.6140	0.0249)
(3.5	0.6385	0.0251)
(3.75	0.6676	0.0250)
(4	0.6894	0.0254)
(4.5	0.7415	0.0254)
(4.75	0.7624	0.0257)
(5	0.7889	0.0257)
(5.25	0.8155	0.0256)
(5.5	0.8366	0.0258)
(5.75	0.8603	0.0258)
(6	0.8893	0.0253)
(6.25	0.9146	0.0250)
(6.5	0.9367	0.0248)
(6.75	0.9589	0.0246)
(7	0.9823	0.0243)
(7.25	1.0066	0.0238)
(7.5	1.0335	0.0230)
(7.75	1.0570	0.0226)
(8	1.0974	0.0219)
(8.25	1.1283	0.0217)
(8.5	1.1579	0.0216)
(8.75	1.1859	0.0215)
(9	1.2101	0.0216)
(9.25	1.2323	0.0217)
(9.5	1.2489	0.0221)
(9.75	1.2594	0.0227)
(10	1.2644	0.0237)
(10.25	1.2647	0.0251)
(10.5	1.2600	0.0271)
(10.75	1.2518	0.0296)
(11	1.2418	0.0324)
(11.25	1.2318	0.0355)
(11.5	1.2232	0.0386)
(11.75	1.2169	0.0415)
(12	1.2134	0.0444)
(12.25	1.2128	0.0470)
(12.5	1.2146	0.0494)
(12.75	1.2191	0.0516)
(13	1.2256	0.0537)
(13.25	1.2339	0.0556)
(13.5	1.2440	0.0573)
(13.75	1.2560	0.0589)
(14	1.2701	0.0604)
(14.25	1.2885	0.0614)
(14.5	1.2977	0.0635)
(14.75	1.3132	0.0649)
(15	1.3372	0.0657)
(15.25	1.3412	0.0684)
(15.5	1.3641	0.0694)
(15.75	1.3652	0.0724)
(16	1.3922	0.0732)
(16.25	1.3835	0.0771)
(16.5	1.3848	0.0802)
(16.75	1.4070	0.0815)
(17	1.3914	0.0862)
(17.25	1.3782	0.0909)
(17.5	1.3680	0.0955)
(17.75	1.3725	0.0984)
(18	1.3751	0.1017)
(18.25	1.3504	0.1083)
(18.5	1.3246	0.1155)
(18.75	1.2972	0.1234)
(19	1.2683	0.1322)
(19.25	1.2389	0.1417)
(20	1.2143	0.1524)
(30	1.0232	0.3239)
(40	0.9180	0.5342)
(50	0.8023	0.7580)
(60	0.6480	0.9683)
(70	0.4532	1.1396)
(80	0.2301	1.2514)
(90	0.0000	1.2900)
(100	-0.1611	1.2514)
(110	-0.3172	1.1396)
(120	-0.4536	0.9683)
(130	-0.5616	0.7580)
(140	-0.6426	0.5342)
(150	-0.7162	0.3239)
(160	-0.8500	0.1524)
(170	-0.4505	0.0404)
(180	0.0000	0.0016)
