// Re = 0.05e6 
// (alpha_deg cl cd)
(-180	0.0000	0.1071)
(-170	0.3347	0.1444)
(-160	0.6694	0.2515)
(-150	0.6113	0.4152)
(-140	0.5787	0.6150)
(-130	0.5239	0.8258)
(-120	0.4334	1.0210)
(-110	0.3085	1.1757)
(-100	0.1589	1.2697)
(-90	0.0000	1.2900)
(-80	-0.1589	1.2697)
(-70	-0.3085	1.1757)
(-60	-0.4334	1.0210)
(-50	-0.5239	0.8258)
(-40	-0.5787	0.6150)
(-30	-0.6113	0.4152)
(-20	-0.6694	0.2515)
(-10	-0.6330	0.1132)
(-5	-0.6148	0.0441)
(-4.75	-0.5881	0.0463)
(-4.5	-0.5599	0.0488)
(-3.75	-0.4855	0.0520)
(-3	-0.4247	0.0522)
(-2.75	-0.4012	0.0523)
(-2.5	-0.3857	0.0519)
(-2.25	-0.3754	0.0515)
(-2	-0.3586	0.0512)
(-1.75	-0.3460	0.0509)
(-1.5	-0.3355	0.0504)
(-1.25	-0.3248	0.0501)
(-1	-0.3098	0.0499)
(-0.75	-0.2951	0.0498)
(-0.25	-0.2851	0.0491)
(0	-0.2884	0.0487)
(1.25	-0.3127	0.0446)
(1.5	-0.2895	0.0450)
(1.75	-0.2631	0.0455)
(2	-0.2317	0.0463)
(2.25	-0.1957	0.0475)
(2.5	-0.1465	0.0494)
(2.75	-0.0830	0.0523)
(3	-0.0349	0.0545)
(3.25	-0.0146	0.0554)
(3.5	0.0065	0.0564)
(3.75	0.0280	0.0574)
(4	0.0555	0.0589)
(4.25	0.0877	0.0609)
(4.5	0.1187	0.0628)
(4.75	0.1450	0.0645)
(5	0.1821	0.0671)
(6	0.2902	0.0757)
(6.25	0.3137	0.0778)
(6.5	0.3373	0.0801)
(6.75	0.3644	0.0827)
(7	0.3817	0.0848)
(7.25	0.4121	0.0878)
(7.5	0.4277	0.0899)
(7.75	0.4442	0.0923)
(8	0.4675	0.0951)
(8.25	0.4929	0.0980)
(8.5	0.5069	0.1003)
(8.75	0.5215	0.1027)
(9	0.5378	0.1054)
(9.5	0.5764	0.1107)
(9.75	0.5865	0.1130)
(10	0.7048	0.1035)
(10.25	0.7214	0.1049)
(10.5	0.7575	0.1044)
(10.75	0.7672	0.1063)
(11	0.8110	0.1040)
(11.5	0.8685	0.1013)
(11.75	0.8730	0.1034)
(12	1.1964	0.0539)
(12.25	1.2172	0.0547)
(12.5	1.2223	0.0572)
(12.75	1.2478	0.0586)
(13	1.2525	0.0615)
(13.25	1.2705	0.0638)
(13.5	1.2762	0.0669)
(14	1.2892	0.0735)
(14.25	1.2634	0.0789)
(14.5	1.2391	0.0847)
(14.75	1.1915	0.0933)
(15	1.1368	0.1042)
(16.25	0.8221	0.2025)
(16.5	0.8296	0.2059)
(16.75	0.8402	0.2095)
(17	0.8536	0.2136)
(17.25	0.8604	0.2165)
(17.5	0.8649	0.2193)
(17.75	0.8726	0.2225)
(18	0.8843	0.2262)
(18.25	0.8979	0.2301)
(18.5	0.9005	0.2322)
(18.75	0.9076	0.2352)
(19	0.9203	0.2391)
(19.25	0.9296	0.2421)
(19.5	0.9341	0.2445)
(19.75	0.9446	0.2481)
(20	0.9563	0.2515)
(30	0.8733	0.4152)
(40	0.8268	0.6150)
(50	0.7484	0.8258)
(60	0.6192	1.0210)
(70	0.4407	1.1757)
(80	0.2270	1.2697)
(90	0.0000	1.2900)
(100	-0.1589	1.2697)
(110	-0.3085	1.1757)
(120	-0.4334	1.0210)
(130	-0.5239	0.8258)
(140	-0.5787	0.6150)
(150	-0.6113	0.4152)
(160	-0.6694	0.2515)
(170	-0.3347	0.1444)
(180	0.0000	0.1071)
