// Re = 0.05
(-180.000000	0.000000	0.078168)
(-178.767857	0.048325	0.078751)
(-177.535714	0.096650	0.080499)
(-176.303571	0.144975	0.083409)
(-175.071429	0.193300	0.087475)
(-173.839286	0.241625	0.092689)
(-172.607143	0.289950	0.099042)
(-171.375000	0.338275	0.106521)
(-170.142857	0.386600	0.115113)
(-168.910714	0.434925	0.124801)
(-167.678571	0.483250	0.135567)
(-166.446429	0.531575	0.147390)
(-165.214286	0.579900	0.160248)
(-163.982143	0.628225	0.174117)
(-162.750000	0.676550	0.188970)
(-157.553571	0.625789	0.261768)
(-152.357143	0.604341	0.349081)
(-147.160714	0.591889	0.447971)
(-141.964286	0.578727	0.555104)
(-136.767857	0.559670	0.666866)
(-131.571429	0.531891	0.779475)
(-126.375000	0.494023	0.889111)
(-121.178571	0.445725	0.992041)
(-115.982143	0.387444	1.084744)
(-110.785714	0.320260	1.164024)
(-105.589286	0.245767	1.227120)
(-100.392857	0.165973	1.271795)
(-95.196429	0.083202	1.296416)
(-90.000000	0.000000	1.300000)
(-84.803571	-0.083202	1.296416)
(-79.607143	-0.165973	1.271795)
(-74.410714	-0.245767	1.227120)
(-69.214286	-0.320260	1.164024)
(-64.017857	-0.387444	1.084744)
(-58.821429	-0.445725	0.992041)
(-53.625000	-0.494023	0.889111)
(-48.428571	-0.531891	0.779475)
(-43.232143	-0.559670	0.666866)
(-38.035714	-0.578727	0.555104)
(-32.839286	-0.591889	0.447971)
(-27.642857	-0.604341	0.349081)
(-22.446429	-0.625789	0.261768)
(-17.250000	-0.676550	0.188970)
(-16.375000	-0.670139	0.178601)
(-15.500000	-0.663729	0.168233)
(-14.625000	-0.657318	0.157864)
(-13.750000	-0.650907	0.147496)
(-12.875000	-0.644496	0.137127)
(-12.000000	-0.638086	0.126759)
(-11.125000	-0.631675	0.116390)
(-10.250000	-0.625264	0.106021)
(-9.375000	-0.618854	0.095653)
(-8.500000	-0.612443	0.085284)
(-7.625000	-0.606032	0.074916)
(-6.750000	-0.599621	0.064547)
(-5.000000	-0.586800	0.043810)
(-4.750000	-0.565400	0.042550)
(-4.500000	-0.543900	0.041480)
(-4.250000	-0.522600	0.040570)
(-4.000000	-0.501600	0.039810)
(-3.750000	-0.480900	0.039140)
(-3.500000	-0.459300	0.038500)
(-3.250000	-0.436200	0.037840)
(-3.000000	-0.413300	0.037600)
(-2.750000	-0.405200	0.039140)
(-2.500000	-0.401400	0.040890)
(-2.250000	-0.396400	0.042380)
(-2.000000	-0.394600	0.043650)
(-1.750000	-0.389100	0.044700)
(-1.500000	-0.385500	0.045550)
(-1.250000	-0.379700	0.046220)
(-1.000000	-0.371200	0.046760)
(-0.750000	-0.366400	0.047160)
(-0.500000	-0.361200	0.047490)
(-0.250000	-0.357200	0.047670)
(0.000000	-0.352200	0.047750)
(0.250000	-0.345500	0.047770)
(0.500000	-0.336300	0.047750)
(0.750000	-0.318000	0.048240)
(1.000000	-0.292900	0.049040)
(1.250000	-0.265700	0.049870)
(1.500000	-0.236200	0.050820)
(1.750000	-0.205400	0.051690)
(2.000000	-0.165900	0.052990)
(2.250000	-0.119400	0.054660)
(2.500000	-0.074500	0.056230)
(2.750000	-0.051200	0.057000)
(3.000000	-0.027000	0.057970)
(3.250000	0.006000	0.059660)
(3.500000	0.040100	0.061560)
(3.750000	0.067300	0.062960)
(4.000000	0.099000	0.064810)
(4.250000	0.131300	0.066810)
(4.500000	0.163000	0.068890)
(4.750000	0.193600	0.071000)
(5.000000	0.223100	0.073140)
(5.250000	0.251400	0.075300)
(5.750000	0.304100	0.079630)
(6.000000	0.328700	0.081810)
(6.250000	0.352200	0.084010)
(6.500000	0.374700	0.086230)
(6.750000	0.396400	0.088460)
(7.000000	0.417200	0.090720)
(7.250000	0.437400	0.093000)
(7.750000	0.476200	0.097670)
(8.000000	0.495100	0.100070)
(8.250000	0.513900	0.102530)
(8.500000	0.532800	0.105090)
(8.750000	0.546700	0.107350)
(9.000000	0.556400	0.109320)
(9.250000	0.568800	0.111510)
(9.500000	0.583800	0.113900)
(9.750000	0.601000	0.116490)
(10.000000	0.620600	0.119340)
(10.250000	0.631300	0.121730)
(10.500000	0.639400	0.123810)
(10.750000	0.656600	0.126500)
(11.000000	0.674200	0.129450)
(11.250000	0.678600	0.131420)
(11.500000	0.698400	0.134340)
(11.750000	0.705500	0.136720)
(12.000000	0.719500	0.139280)
(12.250000	0.731400	0.142030)
(12.500000	0.741900	0.144440)
(12.750000	0.755300	0.147340)
(13.000000	0.763400	0.149710)
(13.250000	0.778500	0.152750)
(13.500000	0.783300	0.155140)
(13.750000	0.802300	0.158310)
(14.000000	0.805400	0.160880)
(14.250000	0.813900	0.163510)
(14.500000	0.829300	0.166730)
(14.750000	0.832700	0.169270)
(15.250000	0.923600	0.161020)
(15.750000	0.949400	0.164560)
(16.000000	0.964300	0.166110)
(16.250000	0.962400	0.170370)
(16.500000	0.963700	0.174400)
(16.750000	0.967000	0.178290)
(17.000000	0.962700	0.183770)
(17.250000	0.966500	0.188970)
(22.446429	0.893985	0.261768)
(27.642857	0.863345	0.349081)
(32.839286	0.845556	0.447971)
(38.035714	0.826754	0.555104)
(43.232143	0.799529	0.666866)
(48.428571	0.759844	0.779475)
(53.625000	0.705747	0.889111)
(58.821429	0.636750	0.992041)
(64.017857	0.553492	1.084744)
(69.214286	0.457514	1.164024)
(74.410714	0.351096	1.227120)
(79.607143	0.237104	1.271795)
(84.803571	0.118860	1.296416)
(90.000000	0.000000	1.300000)
(95.196429	-0.083202	1.296416)
(100.392857	-0.165973	1.271795)
(105.589286	-0.245767	1.227120)
(110.785714	-0.320260	1.164024)
(115.982143	-0.387444	1.084744)
(121.178571	-0.445725	0.992041)
(126.375000	-0.494023	0.889111)
(131.571429	-0.531891	0.779475)
(136.767857	-0.559670	0.666866)
(141.964286	-0.578727	0.555104)
(147.160714	-0.591889	0.447971)
(152.357143	-0.604341	0.349081)
(157.553571	-0.625789	0.261768)
(162.750000	-0.676550	0.188970)
(163.982143	-0.628225	0.174117)
(165.214286	-0.579900	0.160248)
(166.446429	-0.531575	0.147390)
(167.678571	-0.483250	0.135567)
(168.910714	-0.434925	0.124801)
(170.142857	-0.386600	0.115113)
(171.375000	-0.338275	0.106521)
(172.607143	-0.289950	0.099042)
(173.839286	-0.241625	0.092689)
(175.071429	-0.193300	0.087475)
(176.303571	-0.144975	0.083409)
(177.535714	-0.096650	0.080499)
(178.767857	-0.048325	0.078751)
(180.000000	0.000000	0.078168)
