// Re = 0.11
(-180.000000	0.000000	0.001000)
(-178.625000	0.063965	0.001093)
(-177.250000	0.127930	0.003337)
(-175.875000	0.191895	0.007070)
(-174.500000	0.255860	0.012285)
(-173.125000	0.319825	0.018970)
(-171.750000	0.383790	0.027108)
(-170.375000	0.447755	0.036682)
(-169.000000	0.511720	0.047669)
(-167.625000	0.575685	0.060043)
(-166.250000	0.639650	0.073778)
(-164.875000	0.703615	0.088840)
(-163.500000	0.767580	0.105195)
(-162.125000	0.831545	0.122805)
(-160.750000	0.895510	0.141630)
(-155.696429	0.798397	0.220522)
(-150.642857	0.739765	0.312751)
(-145.589286	0.697038	0.415455)
(-140.535714	0.658904	0.525445)
(-135.482143	0.619161	0.639307)
(-130.428571	0.574341	0.753506)
(-125.375000	0.522651	0.864498)
(-120.321429	0.463439	0.968838)
(-115.267857	0.396899	1.063285)
(-110.214286	0.323882	1.144909)
(-105.160714	0.245756	1.211175)
(-100.107143	0.164302	1.260025)
(-95.053571	0.081612	1.289943)
(-90.000000	0.000000	1.300000)
(-84.946429	-0.081612	1.289943)
(-79.892857	-0.164302	1.260025)
(-74.839286	-0.245756	1.211175)
(-69.785714	-0.323882	1.144909)
(-64.732143	-0.396899	1.063285)
(-59.678571	-0.463439	0.968838)
(-54.625000	-0.522651	0.864498)
(-49.571429	-0.574341	0.753506)
(-44.517857	-0.619161	0.639307)
(-39.464286	-0.658904	0.525445)
(-34.410714	-0.697038	0.415455)
(-29.357143	-0.739765	0.312751)
(-24.303571	-0.798397	0.220522)
(-19.250000	-0.895510	0.141630)
(-18.232143	-0.842916	0.133573)
(-17.214286	-0.790323	0.125516)
(-16.196429	-0.737729	0.117459)
(-15.178571	-0.685136	0.109401)
(-14.160714	-0.632542	0.101344)
(-13.142857	-0.579949	0.093287)
(-12.125000	-0.527355	0.085230)
(-11.107143	-0.474761	0.077173)
(-10.089286	-0.422168	0.069116)
(-9.071429	-0.369574	0.061059)
(-8.053571	-0.316981	0.053001)
(-7.035714	-0.264387	0.044944)
(-5.000000	-0.159200	0.028830)
(-4.750000	-0.130300	0.028030)
(-4.500000	-0.091600	0.027030)
(-4.250000	-0.066400	0.026450)
(-4.000000	-0.024500	0.025440)
(-3.750000	0.001000	0.024810)
(-3.250000	0.073700	0.022560)
(-3.000000	0.095100	0.023110)
(-2.500000	0.148600	0.023930)
(-2.250000	0.163200	0.024610)
(-2.000000	0.178900	0.025220)
(-1.750000	0.207000	0.025360)
(-1.500000	0.223100	0.025780)
(-1.250000	0.254000	0.025700)
(-1.000000	0.269500	0.026100)
(-0.750000	0.283700	0.026480)
(-0.500000	0.318600	0.026150)
(-0.250000	0.334200	0.026520)
(0.250000	0.387500	0.026510)
(0.500000	0.404000	0.026940)
(0.750000	0.441100	0.026500)
(1.000000	0.454100	0.027010)
(1.500000	0.503500	0.027090)
(1.750000	0.516000	0.027690)
(2.000000	0.547900	0.027290)
(2.250000	0.561100	0.027830)
(2.750000	0.604800	0.027930)
(3.000000	0.609700	0.028690)
(3.500000	0.645000	0.029060)
(3.750000	0.676300	0.029500)
(4.000000	0.732000	0.028790)
(4.500000	0.778800	0.030940)
(4.750000	0.833100	0.030120)
(5.250000	0.906600	0.030320)
(5.500000	0.906900	0.032500)
(5.750000	0.953100	0.031760)
(6.000000	1.009600	0.030350)
(6.250000	1.031600	0.030940)
(6.750000	1.113200	0.029780)
(7.000000	1.135800	0.030150)
(7.250000	1.164000	0.030050)
(7.500000	1.202700	0.029080)
(7.750000	1.241500	0.028120)
(8.000000	1.275900	0.027540)
(8.250000	1.304100	0.027110)
(8.500000	1.329500	0.026620)
(8.750000	1.358200	0.025970)
(9.000000	1.382000	0.025610)
(9.250000	1.397400	0.025600)
(9.500000	1.411900	0.025530)
(9.750000	1.421700	0.025620)
(10.000000	1.428400	0.025890)
(10.250000	1.432400	0.026340)
(10.500000	1.432900	0.027070)
(10.750000	1.428700	0.028230)
(11.000000	1.422800	0.029690)
(11.250000	1.413500	0.031640)
(11.500000	1.401100	0.034080)
(11.750000	1.386500	0.036970)
(12.000000	1.371800	0.040130)
(12.250000	1.358100	0.043410)
(12.500000	1.346400	0.046730)
(12.750000	1.336500	0.050010)
(13.000000	1.328900	0.053180)
(13.250000	1.323600	0.056220)
(13.500000	1.320200	0.059130)
(13.750000	1.318300	0.061950)
(14.000000	1.317800	0.064650)
(14.250000	1.318200	0.067330)
(14.500000	1.321300	0.069670)
(14.750000	1.325300	0.072010)
(15.000000	1.332700	0.073960)
(15.250000	1.342300	0.075710)
(15.500000	1.355200	0.077180)
(15.750000	1.368100	0.078770)
(16.000000	1.383900	0.080180)
(16.250000	1.394500	0.082260)
(16.500000	1.405500	0.084360)
(16.750000	1.407900	0.087400)
(17.000000	1.408700	0.090640)
(17.250000	1.419900	0.092790)
(17.500000	1.405500	0.097630)
(17.750000	1.392600	0.102490)
(18.000000	1.379900	0.107460)
(18.250000	1.365700	0.112790)
(18.500000	1.347500	0.118890)
(18.750000	1.324900	0.125970)
(19.000000	1.301400	0.133670)
(19.250000	1.279300	0.141630)
(24.303571	1.140568	0.220522)
(29.357143	1.056807	0.312751)
(34.410714	0.995769	0.415455)
(39.464286	0.941291	0.525445)
(44.517857	0.884515	0.639307)
(49.571429	0.820487	0.753506)
(54.625000	0.746644	0.864498)
(59.678571	0.662056	0.968838)
(64.732143	0.566999	1.063285)
(69.785714	0.462688	1.144909)
(74.839286	0.351080	1.211175)
(79.892857	0.234717	1.260025)
(84.946429	0.116588	1.289943)
(90.000000	0.000000	1.300000)
(95.053571	-0.081612	1.289943)
(100.107143	-0.164302	1.260025)
(105.160714	-0.245756	1.211175)
(110.214286	-0.323882	1.144909)
(115.267857	-0.396899	1.063285)
(120.321429	-0.463439	0.968838)
(125.375000	-0.522651	0.864498)
(130.428571	-0.574341	0.753506)
(135.482143	-0.619161	0.639307)
(140.535714	-0.658904	0.525445)
(145.589286	-0.697038	0.415455)
(150.642857	-0.739765	0.312751)
(155.696429	-0.798397	0.220522)
(160.750000	-0.895510	0.141630)
(162.125000	-0.831545	0.122805)
(163.500000	-0.767580	0.105195)
(164.875000	-0.703615	0.088840)
(166.250000	-0.639650	0.073778)
(167.625000	-0.575685	0.060043)
(169.000000	-0.511720	0.047669)
(170.375000	-0.447755	0.036682)
(171.750000	-0.383790	0.027108)
(173.125000	-0.319825	0.018970)
(174.500000	-0.255860	0.012285)
(175.875000	-0.191895	0.007070)
(177.250000	-0.127930	0.003337)
(178.625000	-0.063965	0.001093)
(180.000000	0.000000	0.001000)
