// Re = 0.45
(-180.000000	0.000000	0.001000)
(-178.178571	0.067235	0.001000)
(-176.357143	0.134470	0.001000)
(-174.535714	0.201705	0.001000)
(-172.714286	0.268940	0.001000)
(-170.892857	0.336175	0.004244)
(-169.071429	0.403410	0.018559)
(-167.250000	0.470645	0.035341)
(-165.428571	0.537880	0.054521)
(-163.607143	0.605115	0.076024)
(-161.785714	0.672350	0.099763)
(-159.964286	0.739585	0.125642)
(-158.142857	0.806820	0.153559)
(-156.321429	0.874055	0.183402)
(-154.500000	0.941290	0.215050)
(-149.892857	0.858233	0.302291)
(-145.285714	0.794471	0.398026)
(-140.678571	0.739402	0.499808)
(-136.071429	0.686879	0.605036)
(-131.464286	0.633248	0.711025)
(-126.857143	0.576392	0.815071)
(-122.250000	0.515240	0.914525)
(-117.642857	0.449477	1.006856)
(-113.035714	0.379368	1.089720)
(-108.428571	0.305633	1.161018)
(-103.821429	0.229354	1.218954)
(-99.214286	0.151903	1.262074)
(-94.607143	0.074868	1.289308)
(-90.000000	0.000000	1.300000)
(-85.392857	-0.074868	1.289308)
(-80.785714	-0.151903	1.262074)
(-76.178571	-0.229354	1.218954)
(-71.571429	-0.305633	1.161018)
(-66.964286	-0.379368	1.089720)
(-62.357143	-0.449477	1.006856)
(-57.750000	-0.515240	0.914525)
(-53.142857	-0.576392	0.815071)
(-48.535714	-0.633248	0.711025)
(-43.928571	-0.686879	0.605036)
(-39.321429	-0.739402	0.499808)
(-34.714286	-0.794471	0.398026)
(-30.107143	-0.858233	0.302291)
(-25.500000	-0.941290	0.215050)
(-24.035714	-0.891662	0.200366)
(-22.571429	-0.842034	0.185683)
(-21.107143	-0.792406	0.170999)
(-19.642857	-0.742779	0.156316)
(-18.178571	-0.693151	0.141632)
(-16.714286	-0.643523	0.126949)
(-15.250000	-0.593895	0.112265)
(-13.785714	-0.544267	0.097581)
(-12.321429	-0.494639	0.082898)
(-10.857143	-0.445011	0.068214)
(-9.392857	-0.395384	0.053531)
(-7.928571	-0.345756	0.038847)
(-5.000000	-0.246500	0.009480)
(-4.750000	-0.217600	0.009440)
(-4.500000	-0.188500	0.009420)
(-4.250000	-0.159400	0.009400)
(-4.000000	-0.130200	0.009400)
(-3.750000	-0.101000	0.009400)
(-3.500000	-0.071800	0.009410)
(-3.250000	-0.042600	0.009430)
(-3.000000	-0.013300	0.009450)
(-2.750000	0.016000	0.009470)
(-2.500000	0.045100	0.009480)
(-2.250000	0.074400	0.009490)
(-2.000000	0.103700	0.009500)
(-1.750000	0.133100	0.009510)
(-1.500000	0.162300	0.009520)
(-1.250000	0.191600	0.009530)
(-1.000000	0.220900	0.009550)
(-0.750000	0.250200	0.009570)
(-0.500000	0.279400	0.009580)
(0.000000	0.337900	0.009640)
(0.250000	0.367000	0.009670)
(0.500000	0.396300	0.009710)
(0.750000	0.425300	0.009740)
(1.000000	0.454500	0.009790)
(1.250000	0.483600	0.009840)
(1.500000	0.512500	0.009880)
(1.750000	0.541700	0.009940)
(2.000000	0.570400	0.009990)
(2.250000	0.599200	0.010050)
(2.500000	0.628300	0.010120)
(2.750000	0.656700	0.010170)
(3.000000	0.685300	0.010240)
(3.250000	0.714200	0.010330)
(3.500000	0.742400	0.010380)
(3.750000	0.770700	0.010460)
(4.000000	0.799200	0.010550)
(4.250000	0.827100	0.010620)
(4.500000	0.854700	0.010680)
(4.750000	0.882300	0.010750)
(5.000000	0.909800	0.010840)
(5.250000	0.937000	0.010920)
(5.500000	0.963900	0.011000)
(5.750000	0.990200	0.011080)
(6.000000	1.016100	0.011170)
(6.250000	1.042100	0.011280)
(6.500000	1.067800	0.011410)
(6.750000	1.093300	0.011550)
(7.000000	1.117900	0.011730)
(7.250000	1.142000	0.011920)
(7.500000	1.165000	0.012150)
(7.750000	1.186700	0.012430)
(8.000000	1.206300	0.012810)
(8.250000	1.222800	0.013310)
(8.500000	1.235300	0.013980)
(8.750000	1.242900	0.014780)
(9.000000	1.246000	0.015620)
(9.250000	1.248200	0.016630)
(9.500000	1.249500	0.017760)
(9.750000	1.250600	0.019000)
(10.000000	1.251100	0.020330)
(10.250000	1.250900	0.021690)
(10.500000	1.249900	0.023050)
(10.750000	1.255900	0.024730)
(11.000000	1.261100	0.026520)
(11.250000	1.266100	0.028360)
(11.500000	1.270700	0.030240)
(11.750000	1.275900	0.032130)
(12.000000	1.281000	0.034070)
(12.250000	1.285600	0.036080)
(12.500000	1.289800	0.038180)
(12.750000	1.293400	0.040390)
(13.000000	1.297600	0.042610)
(13.250000	1.302300	0.044840)
(13.500000	1.305500	0.047290)
(13.750000	1.309100	0.049740)
(14.000000	1.313200	0.052190)
(14.250000	1.315400	0.054900)
(14.500000	1.320200	0.057380)
(14.750000	1.322300	0.060210)
(15.000000	1.326800	0.062790)
(15.250000	1.329600	0.065630)
(15.500000	1.333100	0.068410)
(15.750000	1.336600	0.071240)
(16.000000	1.339000	0.074210)
(16.250000	1.343100	0.077040)
(16.500000	1.346200	0.079990)
(16.750000	1.349400	0.082960)
(17.000000	1.353100	0.085940)
(17.250000	1.356600	0.088860)
(17.500000	1.360000	0.091880)
(17.750000	1.363500	0.094930)
(18.000000	1.367800	0.097770)
(18.250000	1.371700	0.100730)
(18.500000	1.374700	0.103890)
(18.750000	1.379200	0.106740)
(19.000000	1.385700	0.109160)
(19.250000	1.387100	0.112650)
(19.500000	1.390700	0.115690)
(19.750000	1.396800	0.118210)
(20.000000	1.401700	0.120960)
(20.250000	1.402700	0.124470)
(20.500000	1.406300	0.127500)
(20.750000	1.413000	0.129860)
(21.000000	1.417600	0.132610)
(21.250000	1.416700	0.136450)
(21.500000	1.418700	0.139750)
(21.750000	1.423800	0.142410)
(22.000000	1.434500	0.143880)
(22.250000	1.428200	0.148760)
(22.500000	1.426000	0.152840)
(22.750000	1.427000	0.156280)
(23.000000	1.431900	0.158900)
(23.250000	1.443000	0.160190)
(23.500000	1.431600	0.166140)
(23.750000	1.423600	0.171410)
(24.000000	1.418900	0.175990)
(24.250000	1.418400	0.179750)
(24.500000	1.423500	0.182220)
(24.750000	1.431000	0.184140)
(25.000000	1.410200	0.192300)
(25.250000	1.386800	0.201250)
(25.500000	1.344700	0.215050)
(30.107143	1.226047	0.302291)
(34.714286	1.134959	0.398026)
(39.321429	1.056288	0.499808)
(43.928571	0.981256	0.605036)
(48.535714	0.904640	0.711025)
(53.142857	0.823417	0.815071)
(57.750000	0.736057	0.914525)
(62.357143	0.642110	1.006856)
(66.964286	0.541954	1.089720)
(71.571429	0.436618	1.161018)
(76.178571	0.327649	1.218954)
(80.785714	0.217004	1.262074)
(85.392857	0.106954	1.289308)
(90.000000	0.000000	1.300000)
(94.607143	-0.074868	1.289308)
(99.214286	-0.151903	1.262074)
(103.821429	-0.229354	1.218954)
(108.428571	-0.305633	1.161018)
(113.035714	-0.379368	1.089720)
(117.642857	-0.449477	1.006856)
(122.250000	-0.515240	0.914525)
(126.857143	-0.576392	0.815071)
(131.464286	-0.633248	0.711025)
(136.071429	-0.686879	0.605036)
(140.678571	-0.739402	0.499808)
(145.285714	-0.794471	0.398026)
(149.892857	-0.858233	0.302291)
(154.500000	-0.941290	0.215050)
(156.321429	-0.874055	0.183402)
(158.142857	-0.806820	0.153559)
(159.964286	-0.739585	0.125642)
(161.785714	-0.672350	0.099763)
(163.607143	-0.605115	0.076024)
(165.428571	-0.537880	0.054521)
(167.250000	-0.470645	0.035341)
(169.071429	-0.403410	0.018559)
(170.892857	-0.336175	0.004244)
(172.714286	-0.268940	0.001000)
(174.535714	-0.201705	0.001000)
(176.357143	-0.134470	0.001000)
(178.178571	-0.067235	0.001000)
(180.000000	0.000000	0.001000)
