// Re = 0.17
(-180.000000	0.000000	0.005392)
(-178.500000	0.063250	0.006281)
(-177.000000	0.126500	0.008946)
(-175.500000	0.189750	0.013378)
(-174.000000	0.253000	0.019567)
(-172.500000	0.316250	0.027494)
(-171.000000	0.379500	0.037139)
(-169.500000	0.442750	0.048475)
(-168.000000	0.506000	0.061470)
(-166.500000	0.569250	0.076089)
(-165.000000	0.632500	0.092292)
(-163.500000	0.695750	0.110034)
(-162.000000	0.759000	0.129267)
(-160.500000	0.822250	0.149938)
(-159.000000	0.885500	0.171990)
(-154.071429	0.799775	0.253394)
(-149.142857	0.743938	0.346614)
(-144.214286	0.700528	0.448895)
(-139.285714	0.660346	0.557210)
(-134.357143	0.618208	0.668355)
(-129.428571	0.571187	0.779041)
(-124.500000	0.517782	0.885993)
(-119.571429	0.457496	0.986046)
(-114.642857	0.390575	1.076235)
(-109.714286	0.317856	1.153890)
(-104.785714	0.240639	1.216708)
(-99.857143	0.160592	1.262824)
(-94.928571	0.079662	1.290868)
(-90.000000	0.000000	1.300000)
(-85.071429	-0.079662	1.290868)
(-80.142857	-0.160592	1.262824)
(-75.214286	-0.240639	1.216708)
(-70.285714	-0.317856	1.153890)
(-65.357143	-0.390575	1.076235)
(-60.428571	-0.457496	0.986046)
(-55.500000	-0.517782	0.885993)
(-50.571429	-0.571187	0.779041)
(-45.642857	-0.618208	0.668355)
(-40.714286	-0.660346	0.557210)
(-35.785714	-0.700528	0.448895)
(-30.857143	-0.743938	0.346614)
(-25.928571	-0.799775	0.253394)
(-21.000000	-0.885500	0.171990)
(-19.857143	-0.822893	0.161075)
(-18.714286	-0.760286	0.150160)
(-17.571429	-0.697679	0.139245)
(-16.428571	-0.635071	0.128330)
(-15.285714	-0.572464	0.117415)
(-14.142857	-0.509857	0.106500)
(-13.000000	-0.447250	0.095585)
(-11.857143	-0.384643	0.084670)
(-10.714286	-0.322036	0.073755)
(-9.571429	-0.259429	0.062840)
(-8.428571	-0.196821	0.051925)
(-7.285714	-0.134214	0.041010)
(-5.000000	-0.009000	0.019180)
(-4.750000	0.018300	0.018530)
(-4.500000	0.048900	0.017810)
(-4.250000	0.073900	0.017230)
(-4.000000	0.101000	0.016370)
(-3.750000	0.132100	0.014570)
(-3.500000	0.157700	0.014610)
(-3.250000	0.185400	0.014740)
(-3.000000	0.216100	0.014830)
(-2.750000	0.241000	0.015030)
(-2.500000	0.267700	0.015240)
(-2.250000	0.294600	0.015490)
(-2.000000	0.317700	0.015740)
(-1.750000	0.346700	0.015790)
(-1.500000	0.371500	0.015930)
(-1.250000	0.394800	0.016110)
(-1.000000	0.424700	0.016100)
(-0.750000	0.448300	0.016190)
(-0.500000	0.475500	0.016220)
(-0.250000	0.504400	0.016200)
(0.000000	0.528100	0.016290)
(0.250000	0.558900	0.016230)
(0.500000	0.582000	0.016340)
(0.750000	0.608400	0.016400)
(1.000000	0.637400	0.016390)
(1.250000	0.661300	0.016500)
(1.500000	0.691300	0.016460)
(1.750000	0.713400	0.016600)
(2.000000	0.738800	0.016690)
(2.250000	0.766600	0.016700)
(2.500000	0.789500	0.016840)
(2.750000	0.819600	0.016800)
(3.000000	0.840600	0.016980)
(3.250000	0.865100	0.017080)
(3.500000	0.892200	0.017100)
(3.750000	0.912400	0.017260)
(4.000000	0.939500	0.017240)
(4.250000	0.959100	0.017380)
(4.500000	0.979700	0.017480)
(4.750000	1.004600	0.017420)
(5.000000	1.020000	0.017520)
(5.250000	1.037900	0.017490)
(5.500000	1.065100	0.017260)
(5.750000	1.099200	0.017320)
(6.000000	1.130900	0.017530)
(6.250000	1.162700	0.017740)
(6.500000	1.194100	0.017830)
(6.750000	1.223800	0.017820)
(7.000000	1.252400	0.017840)
(7.250000	1.279600	0.017960)
(7.500000	1.306800	0.017940)
(7.750000	1.326700	0.018030)
(8.000000	1.349200	0.018090)
(8.250000	1.369400	0.018240)
(8.500000	1.387600	0.018420)
(8.750000	1.403700	0.018630)
(9.000000	1.418200	0.018870)
(9.250000	1.428500	0.019160)
(9.500000	1.437100	0.019590)
(9.750000	1.443900	0.020140)
(10.000000	1.446700	0.020910)
(10.250000	1.445800	0.021970)
(10.500000	1.441200	0.023410)
(10.750000	1.432800	0.025300)
(11.000000	1.422200	0.027590)
(11.250000	1.411300	0.030140)
(11.500000	1.400700	0.032880)
(11.750000	1.390900	0.035740)
(12.000000	1.382000	0.038680)
(12.250000	1.373600	0.041690)
(12.500000	1.366600	0.044720)
(12.750000	1.360700	0.047750)
(13.000000	1.355900	0.050780)
(13.250000	1.352000	0.053800)
(13.500000	1.347900	0.056910)
(13.750000	1.344200	0.060050)
(14.000000	1.340100	0.063260)
(14.250000	1.337100	0.066420)
(14.500000	1.334700	0.069510)
(14.750000	1.333800	0.072450)
(15.000000	1.334400	0.075170)
(15.250000	1.336600	0.077730)
(15.500000	1.340800	0.080000)
(15.750000	1.345300	0.082280)
(16.000000	1.351400	0.084340)
(16.250000	1.358500	0.086250)
(16.500000	1.366200	0.088120)
(16.750000	1.375200	0.089780)
(17.000000	1.387000	0.091040)
(17.250000	1.390900	0.093600)
(17.500000	1.399100	0.095500)
(17.750000	1.404900	0.097750)
(18.000000	1.408900	0.100340)
(18.250000	1.409100	0.103530)
(18.500000	1.421300	0.104870)
(18.750000	1.411000	0.109710)
(19.000000	1.401700	0.114490)
(19.250000	1.393100	0.119210)
(19.500000	1.386500	0.123660)
(19.750000	1.391700	0.126070)
(20.000000	1.376000	0.132310)
(20.250000	1.359900	0.138840)
(20.500000	1.343500	0.145710)
(20.750000	1.286900	0.162440)
(21.000000	1.265000	0.171990)
(25.928571	1.142536	0.253394)
(30.857143	1.062769	0.346614)
(35.785714	1.000754	0.448895)
(40.714286	0.943351	0.557210)
(45.642857	0.883155	0.668355)
(50.571429	0.815981	0.779041)
(55.500000	0.739689	0.885993)
(60.428571	0.653565	0.986046)
(65.357143	0.557965	1.076235)
(70.285714	0.454081	1.153890)
(75.214286	0.343770	1.216708)
(80.142857	0.229417	1.262824)
(85.071429	0.113803	1.290868)
(90.000000	0.000000	1.300000)
(94.928571	-0.079662	1.290868)
(99.857143	-0.160592	1.262824)
(104.785714	-0.240639	1.216708)
(109.714286	-0.317856	1.153890)
(114.642857	-0.390575	1.076235)
(119.571429	-0.457496	0.986046)
(124.500000	-0.517782	0.885993)
(129.428571	-0.571187	0.779041)
(134.357143	-0.618208	0.668355)
(139.285714	-0.660346	0.557210)
(144.214286	-0.700528	0.448895)
(149.142857	-0.743938	0.346614)
(154.071429	-0.799775	0.253394)
(159.000000	-0.885500	0.171990)
(160.500000	-0.822250	0.149938)
(162.000000	-0.759000	0.129267)
(163.500000	-0.695750	0.110034)
(165.000000	-0.632500	0.092292)
(166.500000	-0.569250	0.076089)
(168.000000	-0.506000	0.061470)
(169.500000	-0.442750	0.048475)
(171.000000	-0.379500	0.037139)
(172.500000	-0.316250	0.027494)
(174.000000	-0.253000	0.019567)
(175.500000	-0.189750	0.013378)
(177.000000	-0.126500	0.008946)
(178.500000	-0.063250	0.006281)
(180.000000	0.000000	0.005392)
