// Re = 4.30e6
// (alpha_deg cl cd)
(-180.0000	0.0000	0.0010)
(-178.3393	0.0863	0.0010)
(-176.6786	0.1726	0.0010)
(-175.0179	0.2589	0.0010)
(-173.3571	0.3452	0.0010)
(-171.6964	0.4315	0.0010)
(-170.0357	0.5178	0.0010)
(-168.3750	0.6041	0.0010)
(-166.7143	0.6904	0.0010)
(-165.0536	0.7767	0.0095)
(-163.3929	0.8629	0.0299)
(-161.7321	0.9492	0.0521)
(-160.0714	1.0355	0.0762)
(-158.4107	1.1218	0.1019)
(-156.7500	1.2081	0.1294)
(-151.9821	1.0586	0.2165)
(-147.2143	0.9502	0.3142)
(-142.4464	0.8631	0.4198)
(-137.6786	0.7864	0.5304)
(-132.9107	0.7137	0.6431)
(-128.1429	0.6412	0.7549)
(-123.3750	0.5668	0.8628)
(-118.6071	0.4897	0.9638)
(-113.8393	0.4097	1.0554)
(-109.0714	0.3274	1.1352)
(-104.3036	0.2437	1.2010)
(-99.5357	0.1601	1.2511)
(-94.7679	0.0782	1.2844)
(-90.0000	0.0000	1.3000)
(-85.2321	-0.0782	1.2844)
(-80.4643	-0.1601	1.2511)
(-75.6964	-0.2437	1.2010)
(-70.9286	-0.3274	1.1352)
(-66.1607	-0.4097	1.0554)
(-61.3929	-0.4897	0.9638)
(-56.6250	-0.5668	0.8628)
(-51.8571	-0.6412	0.7549)
(-47.0893	-0.7137	0.6431)
(-42.3214	-0.7864	0.5304)
(-37.5536	-0.8631	0.4198)
(-32.7857	-0.9502	0.3142)
(-28.0179	-1.0586	0.2165)
(-23.2500	-1.2081	0.1294)
(-21.9464	-1.1182	0.1206)
(-20.6429	-1.0283	0.1119)
(-19.3393	-0.9384	0.1031)
(-18.0357	-0.8484	0.0943)
(-16.7321	-0.7585	0.0855)
(-15.4286	-0.6686	0.0768)
(-14.1250	-0.5787	0.0680)
(-12.8214	-0.4887	0.0592)
(-11.5179	-0.3988	0.0505)
(-10.2143	-0.3089	0.0417)
(-8.9107	-0.2190	0.0329)
(-7.6071	-0.1290	0.0242)
(-5.0000	0.0508	0.0066)
(-4.7500	0.0793	0.0066)
(-4.2500	0.1364	0.0064)
(-4.0000	0.1649	0.0063)
(-3.7500	0.1934	0.0063)
(-3.5000	0.2219	0.0062)
(-3.2500	0.2503	0.0061)
(-3.0000	0.2790	0.0060)
(-2.7500	0.3075	0.0059)
(-2.5000	0.3361	0.0057)
(-2.2500	0.3648	0.0056)
(-2.0000	0.3933	0.0054)
(-1.7500	0.4223	0.0053)
(-1.5000	0.4511	0.0051)
(-1.2500	0.4798	0.0049)
(-1.0000	0.5086	0.0049)
(-0.7500	0.5371	0.0048)
(-0.5000	0.5658	0.0048)
(0.0000	0.6225	0.0048)
(0.2500	0.6510	0.0048)
(0.5000	0.6792	0.0048)
(0.7500	0.7075	0.0049)
(1.0000	0.7357	0.0049)
(1.2500	0.7636	0.0049)
(1.7500	0.8190	0.0050)
(2.0000	0.8467	0.0051)
(2.2500	0.8746	0.0052)
(2.7500	0.9298	0.0053)
(3.0000	0.9569	0.0054)
(3.2500	0.9839	0.0055)
(3.5000	1.0109	0.0056)
(3.7500	1.0378	0.0056)
(4.0000	1.0647	0.0057)
(4.2500	1.0908	0.0059)
(4.5000	1.1163	0.0060)
(4.7500	1.1414	0.0062)
(5.0000	1.1664	0.0064)
(5.2500	1.1906	0.0066)
(5.5000	1.2130	0.0069)
(5.7500	1.2343	0.0073)
(6.0000	1.2529	0.0078)
(6.2500	1.2711	0.0083)
(6.5000	1.2900	0.0088)
(6.7500	1.3086	0.0093)
(7.0000	1.3258	0.0098)
(7.2500	1.3427	0.0103)
(7.5000	1.3585	0.0107)
(7.7500	1.3760	0.0111)
(8.2500	1.4095	0.0120)
(8.5000	1.4265	0.0124)
(8.7500	1.4437	0.0128)
(9.0000	1.4608	0.0132)
(9.2500	1.4775	0.0136)
(9.5000	1.4937	0.0141)
(9.7500	1.5090	0.0146)
(10.0000	1.5236	0.0152)
(10.2500	1.5376	0.0158)
(10.5000	1.5507	0.0164)
(11.0000	1.5764	0.0179)
(11.2500	1.5898	0.0186)
(11.5000	1.5983	0.0192)
(11.7500	1.6115	0.0200)
(12.0000	1.6238	0.0209)
(12.2500	1.6363	0.0218)
(12.5000	1.6476	0.0227)
(12.7500	1.6596	0.0237)
(13.0000	1.6703	0.0248)
(13.2500	1.6801	0.0260)
(13.5000	1.6908	0.0271)
(13.7500	1.7003	0.0283)
(14.0000	1.7088	0.0297)
(14.2500	1.7167	0.0311)
(14.5000	1.7255	0.0325)
(14.7500	1.7334	0.0339)
(15.0000	1.7405	0.0355)
(15.2500	1.7466	0.0372)
(15.5000	1.7517	0.0390)
(15.7500	1.7582	0.0407)
(16.0000	1.7642	0.0425)
(16.2500	1.7694	0.0444)
(16.5000	1.7738	0.0464)
(16.7500	1.7774	0.0486)
(17.0000	1.7797	0.0508)
(17.2500	1.7813	0.0532)
(17.5000	1.7848	0.0554)
(17.7500	1.7873	0.0577)
(18.0000	1.7891	0.0602)
(18.2500	1.7904	0.0627)
(18.5000	1.7910	0.0653)
(18.7500	1.7911	0.0680)
(19.0000	1.7904	0.0709)
(19.2500	1.7888	0.0738)
(19.5000	1.7864	0.0769)
(19.7500	1.7830	0.0802)
(20.0000	1.7782	0.0836)
(20.2500	1.7762	0.0867)
(20.5000	1.7738	0.0899)
(20.7500	1.7709	0.0932)
(21.0000	1.7674	0.0966)
(21.2500	1.7636	0.1000)
(21.5000	1.7597	0.1035)
(21.7500	1.7556	0.1070)
(22.0000	1.7510	0.1106)
(22.2500	1.7464	0.1143)
(22.5000	1.7417	0.1180)
(22.7500	1.7365	0.1217)
(23.0000	1.7312	0.1256)
(23.2500	1.7259	0.1294)
(28.0179	1.5123	0.2165)
(32.7857	1.3574	0.3142)
(37.5536	1.2330	0.4198)
(42.3214	1.1234	0.5304)
(47.0893	1.0195	0.6431)
(51.8571	0.9160	0.7549)
(56.6250	0.8098	0.8628)
(61.3929	0.6996	0.9638)
(66.1607	0.5854	1.0554)
(70.9286	0.4677	1.1352)
(75.6964	0.3482	1.2010)
(80.4643	0.2287	1.2511)
(85.2321	0.1117	1.2844)
(90.0000	0.0000	1.3000)
(94.7679	-0.0782	1.2844)
(99.5357	-0.1601	1.2511)
(104.3036	-0.2437	1.2010)
(109.0714	-0.3274	1.1352)
(113.8393	-0.4097	1.0554)
(118.6071	-0.4897	0.9638)
(123.3750	-0.5668	0.8628)
(128.1429	-0.6412	0.7549)
(132.9107	-0.7137	0.6431)
(137.6786	-0.7864	0.5304)
(142.4464	-0.8631	0.4198)
(147.2143	-0.9502	0.3142)
(151.9821	-1.0586	0.2165)
(156.7500	-1.2081	0.1294)
(158.4107	-1.1218	0.1019)
(160.0714	-1.0355	0.0762)
(161.7321	-0.9492	0.0521)
(163.3929	-0.8629	0.0299)
(165.0536	-0.7767	0.0095)
(166.7143	-0.6904	0.0010)
(168.3750	-0.6041	0.0010)
(170.0357	-0.5178	0.0010)
(171.6964	-0.4315	0.0010)
(173.3571	-0.3452	0.0010)
(175.0179	-0.2589	0.0010)
(176.6786	-0.1726	0.0010)
(178.3393	-0.0863	0.0010)
(180.0000	0.0000	0.0010)
