// Re = 3.10e6
// (alpha_deg cl cd)
(-180.0000	0.0000	0.0010)
(-177.8571	0.0875	0.0010)
(-175.7143	0.1751	0.0010)
(-173.5714	0.2626	0.0010)
(-171.4286	0.3501	0.0010)
(-169.2857	0.4376	0.0010)
(-167.1429	0.5252	0.0010)
(-165.0000	0.6127	0.0010)
(-162.8571	0.7002	0.0146)
(-160.7143	0.7878	0.0447)
(-158.5714	0.8753	0.0777)
(-156.4286	0.9628	0.1135)
(-154.2857	1.0504	0.1520)
(-152.1429	1.1379	0.1928)
(-150.0000	1.2254	0.2359)
(-145.7143	1.0952	0.3275)
(-141.4286	0.9870	0.4249)
(-137.1429	0.8916	0.5260)
(-132.8571	0.8035	0.6286)
(-128.5714	0.7192	0.7305)
(-124.2857	0.6364	0.8295)
(-120.0000	0.5540	0.9235)
(-115.7143	0.4715	1.0106)
(-111.4286	0.3890	1.0889)
(-107.1429	0.3067	1.1567)
(-102.8571	0.2256	1.2127)
(-98.5714	0.1466	1.2558)
(-94.2857	0.0709	1.2850)
(-90.0000	0.0000	1.3000)
(-85.7143	-0.0709	1.2850)
(-81.4286	-0.1466	1.2558)
(-77.1429	-0.2256	1.2127)
(-72.8571	-0.3067	1.1567)
(-68.5714	-0.3890	1.0889)
(-64.2857	-0.4715	1.0106)
(-60.0000	-0.5540	0.9235)
(-55.7143	-0.6364	0.8295)
(-51.4286	-0.7192	0.7305)
(-47.1429	-0.8035	0.6286)
(-42.8571	-0.8916	0.5260)
(-38.5714	-0.9870	0.4249)
(-34.2857	-1.0952	0.3275)
(-30.0000	-1.2254	0.2359)
(-28.2143	-1.1361	0.2195)
(-26.4286	-1.0467	0.2031)
(-24.6429	-0.9574	0.1867)
(-22.8571	-0.8680	0.1703)
(-21.0714	-0.7787	0.1539)
(-19.2857	-0.6893	0.1375)
(-17.5000	-0.6000	0.1211)
(-15.7143	-0.5106	0.1048)
(-13.9286	-0.4213	0.0884)
(-12.1429	-0.3319	0.0720)
(-10.3571	-0.2426	0.0556)
(-8.5714	-0.1532	0.0392)
(-5.0000	0.0255	0.0064)
(-4.7500	0.0572	0.0063)
(-4.5000	0.0885	0.0063)
(-4.2500	0.1198	0.0063)
(-4.0000	0.1512	0.0063)
(-3.7500	0.1822	0.0063)
(-3.5000	0.2136	0.0063)
(-3.2500	0.2448	0.0063)
(-3.0000	0.2758	0.0063)
(-2.7500	0.3072	0.0063)
(-2.5000	0.3382	0.0063)
(-2.2500	0.3693	0.0063)
(-2.0000	0.4005	0.0063)
(-1.7500	0.4314	0.0063)
(-1.5000	0.4624	0.0063)
(-1.2500	0.4934	0.0064)
(-1.0000	0.5243	0.0064)
(-0.7500	0.5550	0.0064)
(-0.5000	0.5861	0.0065)
(-0.2500	0.6168	0.0065)
(0.0000	0.6473	0.0065)
(0.2500	0.6782	0.0066)
(0.5000	0.7089	0.0066)
(0.7500	0.7391	0.0067)
(1.0000	0.7699	0.0067)
(1.2500	0.8006	0.0067)
(1.5000	0.8307	0.0068)
(1.7500	0.8609	0.0068)
(2.0000	0.8916	0.0069)
(2.2500	0.9217	0.0069)
(2.5000	0.9513	0.0070)
(2.7500	0.9818	0.0070)
(3.0000	1.0120	0.0071)
(3.2500	1.0416	0.0072)
(3.5000	1.0712	0.0073)
(3.7500	1.1013	0.0073)
(4.0000	1.1308	0.0074)
(4.5000	1.1895	0.0075)
(4.7500	1.2186	0.0076)
(5.0000	1.2470	0.0077)
(5.2500	1.2765	0.0078)
(5.5000	1.3052	0.0079)
(5.7500	1.3331	0.0080)
(6.0000	1.3622	0.0081)
(6.2500	1.3903	0.0082)
(6.5000	1.4176	0.0083)
(6.7500	1.4459	0.0084)
(7.0000	1.4722	0.0086)
(7.2500	1.4993	0.0087)
(7.5000	1.5253	0.0088)
(7.7500	1.5509	0.0090)
(8.0000	1.5762	0.0092)
(8.2500	1.5995	0.0093)
(8.5000	1.6219	0.0095)
(8.7500	1.6448	0.0097)
(9.0000	1.6673	0.0099)
(9.5000	1.7087	0.0105)
(9.7500	1.7268	0.0108)
(10.0000	1.7433	0.0113)
(10.2500	1.7569	0.0119)
(10.7500	1.7755	0.0135)
(11.0000	1.7814	0.0146)
(11.2500	1.7879	0.0158)
(11.5000	1.7921	0.0171)
(11.7500	1.7939	0.0186)
(12.0000	1.7967	0.0202)
(12.2500	1.7978	0.0220)
(12.5000	1.7986	0.0238)
(12.7500	1.7971	0.0259)
(13.0000	1.7962	0.0280)
(13.2500	1.7935	0.0303)
(13.5000	1.7913	0.0328)
(13.7500	1.7875	0.0354)
(14.0000	1.7835	0.0381)
(14.2500	1.7791	0.0409)
(14.5000	1.7730	0.0440)
(14.7500	1.7680	0.0471)
(15.0000	1.7632	0.0502)
(15.2500	1.7589	0.0533)
(15.7500	1.7557	0.0592)
(16.0000	1.7553	0.0621)
(16.2500	1.7550	0.0650)
(16.5000	1.7544	0.0679)
(16.7500	1.7535	0.0710)
(17.0000	1.7523	0.0741)
(17.2500	1.7510	0.0772)
(17.5000	1.7493	0.0805)
(17.7500	1.7471	0.0838)
(18.0000	1.7448	0.0872)
(18.2500	1.7418	0.0906)
(18.5000	1.7384	0.0942)
(18.7500	1.7353	0.0977)
(19.0000	1.7329	0.1012)
(19.2500	1.7305	0.1047)
(19.7500	1.7270	0.1116)
(20.0000	1.7259	0.1149)
(20.2500	1.7250	0.1183)
(20.5000	1.7242	0.1216)
(20.7500	1.7229	0.1251)
(21.0000	1.7217	0.1285)
(21.2500	1.7205	0.1320)
(21.5000	1.7191	0.1355)
(21.7500	1.7175	0.1390)
(22.0000	1.7164	0.1425)
(22.2500	1.7163	0.1459)
(22.5000	1.7175	0.1491)
(22.7500	1.7191	0.1523)
(23.0000	1.7174	0.1550)
(23.5000	1.7217	0.1608)
(23.7500	1.7234	0.1638)
(24.0000	1.7266	0.1665)
(24.2500	1.7289	0.1693)
(24.5000	1.7305	0.1722)
(24.7500	1.7335	0.1749)
(25.0000	1.7358	0.1777)
(25.2500	1.7377	0.1805)
(25.5000	1.7398	0.1834)
(25.7500	1.7407	0.1863)
(26.0000	1.7432	0.1890)
(26.2500	1.7458	0.1917)
(26.5000	1.7471	0.1946)
(26.7500	1.7480	0.1975)
(27.0000	1.7488	0.2005)
(27.2500	1.7492	0.2034)
(27.5000	1.7506	0.2063)
(27.7500	1.7519	0.2090)
(28.0000	1.7534	0.2118)
(28.2500	1.7534	0.2148)
(28.5000	1.7532	0.2178)
(28.7500	1.7530	0.2208)
(29.0000	1.7521	0.2239)
(29.2500	1.7499	0.2272)
(29.5000	1.7501	0.2301)
(29.7500	1.7503	0.2330)
(30.0000	1.7506	0.2359)
(34.2857	1.5646	0.3275)
(38.5714	1.4100	0.4249)
(42.8571	1.2737	0.5260)
(47.1429	1.1479	0.6286)
(51.4286	1.0274	0.7305)
(55.7143	0.9092	0.8295)
(60.0000	0.7915	0.9235)
(64.2857	0.6736	1.0106)
(68.5714	0.5556	1.0889)
(72.8571	0.4381	1.1567)
(77.1429	0.3222	1.2127)
(81.4286	0.2094	1.2558)
(85.7143	0.1013	1.2850)
(90.0000	0.0000	1.3000)
(94.2857	-0.0709	1.2850)
(98.5714	-0.1466	1.2558)
(102.8571	-0.2256	1.2127)
(107.1429	-0.3067	1.1567)
(111.4286	-0.3890	1.0889)
(115.7143	-0.4715	1.0106)
(120.0000	-0.5540	0.9235)
(124.2857	-0.6364	0.8295)
(128.5714	-0.7192	0.7305)
(132.8571	-0.8035	0.6286)
(137.1429	-0.8916	0.5260)
(141.4286	-0.9870	0.4249)
(145.7143	-1.0952	0.3275)
(150.0000	-1.2254	0.2359)
(152.1429	-1.1379	0.1928)
(154.2857	-1.0504	0.1520)
(156.4286	-0.9628	0.1135)
(158.5714	-0.8753	0.0777)
(160.7143	-0.7878	0.0447)
(162.8571	-0.7002	0.0146)
(165.0000	-0.6127	0.0010)
(167.1429	-0.5252	0.0010)
(169.2857	-0.4376	0.0010)
(171.4286	-0.3501	0.0010)
(173.5714	-0.2626	0.0010)
(175.7143	-0.1751	0.0010)
(177.8571	-0.0875	0.0010)
(180.0000	0.0000	0.0010)
