// Re = 2.80e6
// (alpha_deg cl cd)
(-180.0000	0.0000	0.0010)
(-177.8571	0.0710	0.0010)
(-175.7143	0.1421	0.0010)
(-173.5714	0.2131	0.0010)
(-171.4286	0.2842	0.0010)
(-169.2857	0.3552	0.0010)
(-167.1429	0.4262	0.0010)
(-165.0000	0.4973	0.0010)
(-162.8571	0.5683	0.0010)
(-160.7143	0.6394	0.0010)
(-158.5714	0.7104	0.0275)
(-156.4286	0.7814	0.0642)
(-154.2857	0.8525	0.1034)
(-152.1429	0.9235	0.1452)
(-150.0000	0.9946	0.1892)
(-145.7143	0.9087	0.2830)
(-141.4286	0.8361	0.3828)
(-137.1429	0.7700	0.4865)
(-132.8571	0.7064	0.5919)
(-128.5714	0.6427	0.6969)
(-124.2857	0.5773	0.7991)
(-120.0000	0.5096	0.8966)
(-115.7143	0.4394	0.9872)
(-111.4286	0.3669	1.0692)
(-107.1429	0.2927	1.1408)
(-102.8571	0.2177	1.2007)
(-98.5714	0.1431	1.2477)
(-94.2857	0.0701	1.2810)
(-90.0000	0.0000	1.3000)
(-85.7143	-0.0701	1.2810)
(-81.4286	-0.1431	1.2477)
(-77.1429	-0.2177	1.2007)
(-72.8571	-0.2927	1.1408)
(-68.5714	-0.3669	1.0692)
(-64.2857	-0.4394	0.9872)
(-60.0000	-0.5096	0.8966)
(-55.7143	-0.5773	0.7991)
(-51.4286	-0.6427	0.6969)
(-47.1429	-0.7064	0.5919)
(-42.8571	-0.7700	0.4865)
(-38.5714	-0.8361	0.3828)
(-34.2857	-0.9087	0.2830)
(-30.0000	-0.9946	0.1892)
(-28.2143	-0.9377	0.1762)
(-26.4286	-0.8809	0.1632)
(-24.6429	-0.8240	0.1503)
(-22.8571	-0.7672	0.1373)
(-21.0714	-0.7104	0.1243)
(-19.2857	-0.6535	0.1113)
(-17.5000	-0.5967	0.0983)
(-15.7143	-0.5398	0.0854)
(-13.9286	-0.4830	0.0724)
(-12.1429	-0.4262	0.0594)
(-10.3571	-0.3693	0.0464)
(-8.5714	-0.3125	0.0334)
(-5.0000	-0.1988	0.0075)
(-4.7500	-0.1742	0.0075)
(-4.5000	-0.1485	0.0075)
(-4.2500	-0.1226	0.0075)
(-3.7500	-0.0710	0.0075)
(-3.5000	-0.0456	0.0075)
(-3.2500	-0.0196	0.0076)
(-3.0000	0.0068	0.0076)
(-2.7500	0.0315	0.0076)
(-2.5000	0.0586	0.0076)
(-2.2500	0.0839	0.0077)
(-2.0000	0.1100	0.0078)
(-1.7500	0.1360	0.0078)
(-1.5000	0.1608	0.0079)
(-1.0000	0.2125	0.0080)
(-0.7500	0.2384	0.0081)
(-0.5000	0.2643	0.0082)
(0.0000	0.3151	0.0084)
(0.2500	0.3402	0.0085)
(0.5000	0.3645	0.0087)
(0.7500	0.3909	0.0087)
(1.0000	0.4154	0.0089)
(1.2500	0.4396	0.0090)
(1.5000	0.4656	0.0092)
(1.7500	0.4896	0.0093)
(2.0000	0.5136	0.0095)
(2.2500	0.5391	0.0096)
(2.5000	0.5629	0.0098)
(2.7500	0.5860	0.0100)
(3.0000	0.6114	0.0102)
(3.2500	0.6349	0.0104)
(3.5000	0.6569	0.0106)
(3.7500	0.6820	0.0108)
(4.0000	0.7057	0.0110)
(4.2500	0.7267	0.0113)
(4.5000	0.7511	0.0115)
(4.7500	0.7745	0.0117)
(5.0000	0.7959	0.0120)
(5.2500	0.8179	0.0123)
(5.5000	0.8415	0.0126)
(5.7500	0.8630	0.0129)
(6.0000	0.8827	0.0133)
(6.2500	0.9065	0.0135)
(6.5000	0.9279	0.0139)
(6.7500	0.9472	0.0143)
(7.0000	0.9690	0.0146)
(7.2500	0.9909	0.0150)
(7.5000	1.0096	0.0154)
(7.7500	1.0296	0.0158)
(8.0000	1.0507	0.0162)
(8.5000	1.0875	0.0173)
(8.7500	1.1085	0.0176)
(9.0000	1.1260	0.0182)
(9.2500	1.1437	0.0188)
(9.5000	1.1638	0.0192)
(9.7500	1.1815	0.0198)
(10.0000	1.1967	0.0205)
(10.2500	1.2172	0.0209)
(10.5000	1.2341	0.0216)
(10.7500	1.2483	0.0223)
(11.0000	1.2677	0.0229)
(11.2500	1.2846	0.0235)
(11.5000	1.2969	0.0244)
(11.7500	1.3163	0.0249)
(12.0000	1.3319	0.0257)
(12.2500	1.3440	0.0266)
(12.5000	1.3616	0.0273)
(12.7500	1.3753	0.0281)
(13.0000	1.3875	0.0291)
(13.2500	1.3997	0.0301)
(13.7500	1.4252	0.0320)
(14.0000	1.4358	0.0331)
(14.2500	1.4491	0.0340)
(14.5000	1.4576	0.0353)
(14.7500	1.4698	0.0363)
(15.0000	1.4774	0.0377)
(15.2500	1.4874	0.0389)
(15.5000	1.4950	0.0402)
(15.7500	1.4993	0.0418)
(16.0000	1.5079	0.0432)
(16.2500	1.5124	0.0448)
(16.5000	1.5142	0.0467)
(16.7500	1.5145	0.0486)
(17.0000	1.5136	0.0508)
(17.2500	1.5117	0.0530)
(17.5000	1.5083	0.0553)
(17.7500	1.5016	0.0580)
(18.0000	1.4907	0.0611)
(18.2500	1.4811	0.0641)
(18.5000	1.4691	0.0674)
(18.7500	1.4587	0.0707)
(19.0000	1.4486	0.0740)
(19.2500	1.4390	0.0772)
(19.5000	1.4316	0.0804)
(19.7500	1.4229	0.0837)
(20.2500	1.4071	0.0903)
(20.5000	1.4014	0.0934)
(20.7500	1.3965	0.0965)
(21.0000	1.3921	0.0995)
(21.2500	1.3887	0.1025)
(21.5000	1.3860	0.1054)
(21.7500	1.3835	0.1083)
(22.0000	1.3818	0.1111)
(22.2500	1.3818	0.1137)
(22.5000	1.3811	0.1164)
(22.7500	1.3810	0.1191)
(23.0000	1.3826	0.1215)
(23.2500	1.3831	0.1240)
(23.5000	1.3849	0.1264)
(23.7500	1.3868	0.1288)
(24.0000	1.3882	0.1313)
(24.2500	1.3909	0.1335)
(24.5000	1.3922	0.1360)
(24.7500	1.3948	0.1382)
(25.0000	1.3961	0.1406)
(25.2500	1.3979	0.1429)
(25.5000	1.3996	0.1452)
(25.7500	1.4008	0.1476)
(26.0000	1.4029	0.1498)
(26.2500	1.4036	0.1522)
(27.0000	1.4141	0.1595)
(27.2500	1.4159	0.1619)
(27.5000	1.4167	0.1644)
(27.7500	1.4175	0.1668)
(28.0000	1.4172	0.1694)
(28.2500	1.4176	0.1719)
(28.5000	1.4173	0.1745)
(28.7500	1.4171	0.1770)
(29.0000	1.4180	0.1795)
(29.2500	1.4181	0.1820)
(29.5000	1.4185	0.1845)
(29.7500	1.4202	0.1867)
(30.0000	1.4208	0.1892)
(34.2857	1.2982	0.2830)
(38.5714	1.1944	0.3828)
(42.8571	1.1000	0.4865)
(47.1429	1.0091	0.5919)
(51.4286	0.9181	0.6969)
(55.7143	0.8247	0.7991)
(60.0000	0.7280	0.8966)
(64.2857	0.6277	0.9872)
(68.5714	0.5241	1.0692)
(72.8571	0.4182	1.1408)
(77.1429	0.3111	1.2007)
(81.4286	0.2044	1.2477)
(85.7143	0.1001	1.2810)
(90.0000	0.0000	1.3000)
(94.2857	-0.0701	1.2810)
(98.5714	-0.1431	1.2477)
(102.8571	-0.2177	1.2007)
(107.1429	-0.2927	1.1408)
(111.4286	-0.3669	1.0692)
(115.7143	-0.4394	0.9872)
(120.0000	-0.5096	0.8966)
(124.2857	-0.5773	0.7991)
(128.5714	-0.6427	0.6969)
(132.8571	-0.7064	0.5919)
(137.1429	-0.7700	0.4865)
(141.4286	-0.8361	0.3828)
(145.7143	-0.9087	0.2830)
(150.0000	-0.9946	0.1892)
(152.1429	-0.9235	0.1452)
(154.2857	-0.8525	0.1034)
(156.4286	-0.7814	0.0642)
(158.5714	-0.7104	0.0275)
(160.7143	-0.6394	0.0010)
(162.8571	-0.5683	0.0010)
(165.0000	-0.4973	0.0010)
(167.1429	-0.4262	0.0010)
(169.2857	-0.3552	0.0010)
(171.4286	-0.2842	0.0010)
(173.5714	-0.2131	0.0010)
(175.7143	-0.1421	0.0010)
(177.8571	-0.0710	0.0010)
(180.0000	0.0000	0.0010)
