// Re = 0.14e6 
// (alpha_deg cl cd)
(-180	0.0000	0.0100)
(-170	0.4484	0.0384)
(-160	0.8626	0.1504)
(-150	0.7236	0.3221)
(-140	0.6470	0.5326)
(-130	0.5642	0.7567)
(-120	0.4550	0.9673)
(-110	0.3178	1.1389)
(-100	0.1612	1.2510)
(-90	0.0000	1.2900)
(-80	-0.1612	1.2510)
(-70	-0.3178	1.1389)
(-60	-0.4550	0.9673)
(-50	-0.5642	0.7567)
(-40	-0.6470	0.5326)
(-30	-0.7236	0.3221)
(-20	-0.8626	0.1504)
(-10	-0.4585	0.0623)
(-5	-0.2396	0.0197)
(-4.75	-0.2130	0.0201)
(-4.5	-0.1863	0.0204)
(-4.25	-0.1608	0.0208)
(-4	-0.1349	0.0211)
(-3.75	-0.1077	0.0213)
(-3.5	-0.0825	0.0215)
(-3.25	-0.0567	0.0216)
(-3	-0.0290	0.0216)
(-2.75	-0.0034	0.0216)
(-2.5	0.0228	0.0217)
(-2.25	0.0502	0.0217)
(-2	0.0759	0.0217)
(-1.75	0.1032	0.0216)
(-1.5	0.1297	0.0217)
(-1.25	0.1558	0.0217)
(-1	0.1855	0.0215)
(-0.75	0.2097	0.0217)
(-0.5	0.2366	0.0217)
(-0.25	0.2649	0.0216)
(0	0.2898	0.0218)
(1	0.3996	0.0218)
(1.25	0.4238	0.0220)
(1.5	0.4533	0.0219)
(1.75	0.4783	0.0222)
(2	0.5050	0.0222)
(2.25	0.5312	0.0223)
(2.5	0.5566	0.0226)
(2.75	0.5869	0.0225)
(3	0.6089	0.0228)
(3.25	0.6363	0.0228)
(3.5	0.6628	0.0229)
(3.75	0.6872	0.0232)
(4	0.7171	0.0230)
(4.25	0.7388	0.0233)
(4.5	0.7628	0.0235)
(4.75	0.7926	0.0233)
(5	0.8149	0.0235)
(5.25	0.8386	0.0237)
(5.5	0.8702	0.0233)
(5.75	0.8925	0.0234)
(6	0.9156	0.0233)
(6.25	0.9391	0.0232)
(6.5	0.9631	0.0231)
(6.75	0.9866	0.0229)
(7	1.0097	0.0225)
(7.25	1.0333	0.0221)
(7.5	1.0580	0.0215)
(7.75	1.0770	0.0212)
(8	1.0989	0.0208)
(8.25	1.1304	0.0205)
(8.5	1.1632	0.0203)
(8.75	1.1901	0.0203)
(9	1.2133	0.0206)
(9.25	1.2353	0.0208)
(9.5	1.2522	0.0212)
(9.75	1.2617	0.0219)
(10	1.2669	0.0230)
(11	1.2436	0.0321)
(11.25	1.2342	0.0351)
(11.5	1.2263	0.0382)
(11.75	1.2202	0.0412)
(12	1.2169	0.0440)
(12.25	1.2163	0.0466)
(12.5	1.2175	0.0491)
(12.75	1.2212	0.0514)
(13	1.2269	0.0535)
(13.25	1.2344	0.0555)
(13.5	1.2439	0.0573)
(13.75	1.2559	0.0588)
(14	1.2659	0.0606)
(14.25	1.2779	0.0623)
(14.5	1.2929	0.0637)
(14.75	1.3094	0.0649)
(15	1.3197	0.0669)
(15.25	1.3398	0.0679)
(15.5	1.3469	0.0703)
(15.75	1.3667	0.0714)
(16	1.3687	0.0744)
(16.25	1.3953	0.0750)
(16.5	1.3863	0.0790)
(16.75	1.3867	0.0822)
(17	1.4119	0.0831)
(17.25	1.3956	0.0880)
(17.5	1.3824	0.0928)
(17.75	1.3721	0.0974)
(18	1.3683	0.1014)
(18.25	1.3835	0.1031)
(18.5	1.3591	0.1097)
(18.75	1.3338	0.1170)
(19	1.3070	0.1249)
(19.25	1.2786	0.1337)
(19.5	1.2490	0.1433)
(20	1.2323	0.1504)
(30	1.0337	0.3221)
(40	0.9243	0.5326)
(50	0.8060	0.7567)
(60	0.6500	0.9673)
(70	0.4540	1.1389)
(80	0.2303	1.2510)
(90	0.0000	1.2900)
(100	-0.1612	1.2510)
(110	-0.3178	1.1389)
(120	-0.4550	0.9673)
(130	-0.5642	0.7567)
(140	-0.6470	0.5326)
(150	-0.7236	0.3221)
(160	-0.8626	0.1504)
(170	-0.4484	0.0384)
(180	0.0000	0.0100)
