// Re = 0.25
(-180.000000	0.000000	0.001000)
(-178.428571	0.060210	0.001000)
(-176.857143	0.120420	0.001000)
(-175.285714	0.180630	0.002000)
(-173.714286	0.240840	0.008820)
(-172.142857	0.301050	0.017554)
(-170.571429	0.361260	0.028175)
(-169.000000	0.421470	0.040651)
(-167.428571	0.481680	0.054945)
(-165.857143	0.541890	0.071015)
(-164.285714	0.602100	0.088811)
(-162.714286	0.662310	0.108280)
(-161.142857	0.722520	0.129364)
(-159.571429	0.782730	0.152000)
(-158.000000	0.842940	0.176120)
(-153.142857	0.771242	0.259251)
(-148.285714	0.722991	0.353458)
(-143.428571	0.683982	0.456044)
(-138.571429	0.646527	0.564075)
(-133.714286	0.606235	0.674460)
(-128.857143	0.560627	0.784042)
(-124.000000	0.508464	0.889689)
(-119.142857	0.449400	0.988381)
(-114.285714	0.383757	1.077297)
(-109.428571	0.312394	1.153900)
(-104.571429	0.236595	1.216003)
(-99.714286	0.157979	1.261839)
(-94.857143	0.078426	1.290104)
(-90.000000	0.000000	1.300000)
(-85.142857	-0.078426	1.290104)
(-80.285714	-0.157979	1.261839)
(-75.428571	-0.236595	1.216003)
(-70.571429	-0.312394	1.153900)
(-65.714286	-0.383757	1.077297)
(-60.857143	-0.449400	0.988381)
(-56.000000	-0.508464	0.889689)
(-51.142857	-0.560627	0.784042)
(-46.285714	-0.606235	0.674460)
(-41.428571	-0.646527	0.564075)
(-36.571429	-0.683982	0.456044)
(-31.714286	-0.722991	0.353458)
(-26.857143	-0.771242	0.259251)
(-22.000000	-0.842940	0.176120)
(-20.785714	-0.779830	0.164634)
(-19.571429	-0.716720	0.153147)
(-18.357143	-0.653610	0.141661)
(-17.142857	-0.590500	0.130174)
(-15.928571	-0.527390	0.118688)
(-14.714286	-0.464280	0.107201)
(-13.500000	-0.401170	0.095715)
(-12.285714	-0.338060	0.084229)
(-11.071429	-0.274950	0.072742)
(-9.857143	-0.211840	0.061256)
(-8.642857	-0.148730	0.049769)
(-7.428571	-0.085620	0.038283)
(-5.000000	0.040600	0.015310)
(-4.750000	0.065900	0.014820)
(-4.500000	0.092900	0.014340)
(-4.250000	0.119600	0.013880)
(-4.000000	0.144200	0.013440)
(-3.750000	0.169900	0.012880)
(-3.500000	0.194200	0.011380)
(-3.250000	0.217500	0.011060)
(-3.000000	0.243200	0.011050)
(-2.750000	0.271900	0.011070)
(-2.500000	0.297700	0.011130)
(-2.250000	0.323400	0.011210)
(-2.000000	0.351800	0.011300)
(-1.750000	0.376100	0.011460)
(-1.500000	0.401200	0.011580)
(-1.250000	0.429900	0.011670)
(-1.000000	0.453500	0.011750)
(-0.750000	0.479200	0.011800)
(-0.500000	0.507500	0.011830)
(-0.250000	0.531400	0.011870)
(0.000000	0.557600	0.011910)
(0.250000	0.584900	0.011940)
(0.500000	0.609100	0.011990)
(0.750000	0.635700	0.012030)
(1.000000	0.661000	0.012070)
(1.250000	0.685300	0.012140)
(1.500000	0.713300	0.012180)
(1.750000	0.736200	0.012250)
(2.000000	0.760700	0.012320)
(2.250000	0.787700	0.012380)
(2.500000	0.809700	0.012460)
(2.750000	0.834700	0.012530)
(3.000000	0.859200	0.012590)
(3.250000	0.881100	0.012680)
(3.500000	0.906700	0.012740)
(3.750000	0.928100	0.012810)
(4.000000	0.949400	0.012890)
(4.250000	0.974600	0.012950)
(4.500000	0.993700	0.013000)
(4.750000	1.013300	0.013060)
(5.000000	1.035200	0.013090)
(5.250000	1.056100	0.013100)
(5.500000	1.075400	0.013110)
(5.750000	1.105000	0.013100)
(6.000000	1.146300	0.013130)
(6.250000	1.171800	0.013260)
(6.500000	1.195800	0.013410)
(6.750000	1.218300	0.013560)
(7.000000	1.237900	0.013670)
(7.250000	1.251500	0.013790)
(7.500000	1.267300	0.013920)
(7.750000	1.279900	0.014100)
(8.000000	1.292000	0.014300)
(8.250000	1.303600	0.014540)
(8.500000	1.314400	0.014820)
(8.750000	1.324200	0.015150)
(9.000000	1.332700	0.015560)
(9.250000	1.338600	0.016080)
(9.500000	1.341200	0.016790)
(9.750000	1.340500	0.017750)
(10.000000	1.336700	0.019020)
(10.250000	1.330900	0.020560)
(10.500000	1.324500	0.022340)
(10.750000	1.318600	0.024260)
(11.000000	1.312900	0.026330)
(11.250000	1.307600	0.028510)
(11.500000	1.302700	0.030790)
(11.750000	1.298100	0.033150)
(12.000000	1.294400	0.035550)
(12.250000	1.291300	0.037990)
(12.500000	1.289300	0.040420)
(12.750000	1.287700	0.042900)
(13.000000	1.286200	0.045450)
(13.250000	1.284700	0.048070)
(13.500000	1.282800	0.050780)
(13.750000	1.280700	0.053590)
(14.000000	1.278800	0.056430)
(14.250000	1.277100	0.059290)
(14.500000	1.276400	0.062100)
(14.750000	1.276000	0.064880)
(15.000000	1.276900	0.067560)
(15.250000	1.278300	0.070200)
(15.500000	1.280200	0.072770)
(15.750000	1.282800	0.075280)
(16.000000	1.286100	0.077700)
(16.250000	1.290200	0.080020)
(16.500000	1.294000	0.082400)
(16.750000	1.298800	0.084620)
(17.000000	1.304900	0.086650)
(17.250000	1.308400	0.089150)
(17.500000	1.315600	0.090990)
(17.750000	1.318300	0.093630)
(18.000000	1.329100	0.094880)
(18.250000	1.327900	0.098220)
(18.500000	1.332400	0.100560)
(18.750000	1.337800	0.102760)
(19.000000	1.333200	0.106700)
(19.250000	1.333500	0.109800)
(19.500000	1.342800	0.111330)
(19.750000	1.332400	0.116330)
(20.000000	1.323400	0.121220)
(20.250000	1.314100	0.126230)
(20.500000	1.303800	0.131520)
(20.750000	1.291700	0.137320)
(21.000000	1.277200	0.143780)
(21.250000	1.259900	0.151090)
(21.500000	1.240800	0.159200)
(21.750000	1.221700	0.167670)
(22.000000	1.204200	0.176120)
(26.857143	1.101774	0.259251)
(31.714286	1.032845	0.353458)
(36.571429	0.977117	0.456044)
(41.428571	0.923610	0.564075)
(46.285714	0.866051	0.674460)
(51.142857	0.800895	0.784042)
(56.000000	0.726378	0.889689)
(60.857143	0.641999	0.988381)
(65.714286	0.548225	1.077297)
(70.571429	0.446278	1.153900)
(75.428571	0.337993	1.216003)
(80.285714	0.225684	1.261839)
(85.142857	0.112038	1.290104)
(90.000000	0.000000	1.300000)
(94.857143	-0.078426	1.290104)
(99.714286	-0.157979	1.261839)
(104.571429	-0.236595	1.216003)
(109.428571	-0.312394	1.153900)
(114.285714	-0.383757	1.077297)
(119.142857	-0.449400	0.988381)
(124.000000	-0.508464	0.889689)
(128.857143	-0.560627	0.784042)
(133.714286	-0.606235	0.674460)
(138.571429	-0.646527	0.564075)
(143.428571	-0.683982	0.456044)
(148.285714	-0.722991	0.353458)
(153.142857	-0.771242	0.259251)
(158.000000	-0.842940	0.176120)
(159.571429	-0.782730	0.152000)
(161.142857	-0.722520	0.129364)
(162.714286	-0.662310	0.108280)
(164.285714	-0.602100	0.088811)
(165.857143	-0.541890	0.071015)
(167.428571	-0.481680	0.054945)
(169.000000	-0.421470	0.040651)
(170.571429	-0.361260	0.028175)
(172.142857	-0.301050	0.017554)
(173.714286	-0.240840	0.008820)
(175.285714	-0.180630	0.002000)
(176.857143	-0.120420	0.001000)
(178.428571	-0.060210	0.001000)
(180.000000	0.000000	0.001000)
