// Re = 0.17
(-180.000000	0.000000	0.001000)
(-178.125000	0.073085	0.001000)
(-176.250000	0.146170	0.001000)
(-174.375000	0.219255	0.001000)
(-172.500000	0.292340	0.001000)
(-170.625000	0.365425	0.001000)
(-168.750000	0.438510	0.001334)
(-166.875000	0.511595	0.019228)
(-165.000000	0.584680	0.039669)
(-163.125000	0.657765	0.062571)
(-161.250000	0.730850	0.087838)
(-159.375000	0.803935	0.115363)
(-157.500000	0.877020	0.145030)
(-155.625000	0.950105	0.176713)
(-153.750000	1.023190	0.210280)
(-149.196429	0.924838	0.298753)
(-144.642857	0.847994	0.395285)
(-140.089286	0.781746	0.497482)
(-135.535714	0.719693	0.602813)
(-130.982143	0.657985	0.708671)
(-126.428571	0.594364	0.812442)
(-121.875000	0.527644	0.911566)
(-117.321429	0.457418	1.003606)
(-112.767857	0.383869	1.086305)
(-108.214286	0.307639	1.157645)
(-103.660714	0.229738	1.215897)
(-99.107143	0.151459	1.259662)
(-94.553571	0.074320	1.287909)
(-90.000000	0.000000	1.300000)
(-85.446429	-0.074320	1.287909)
(-80.892857	-0.151459	1.259662)
(-76.339286	-0.229738	1.215897)
(-71.785714	-0.307639	1.157645)
(-67.232143	-0.383869	1.086305)
(-62.678571	-0.457418	1.003606)
(-58.125000	-0.527644	0.911566)
(-53.571429	-0.594364	0.812442)
(-49.017857	-0.657985	0.708671)
(-44.464286	-0.719693	0.602813)
(-39.910714	-0.781746	0.497482)
(-35.357143	-0.847994	0.395285)
(-30.803571	-0.924838	0.298753)
(-26.250000	-1.023190	0.210280)
(-24.732143	-0.951262	0.196530)
(-23.214286	-0.879334	0.182780)
(-21.696429	-0.807406	0.169030)
(-20.178571	-0.735479	0.155280)
(-18.660714	-0.663551	0.141530)
(-17.142857	-0.591623	0.127780)
(-15.625000	-0.519695	0.114030)
(-14.107143	-0.447767	0.100280)
(-12.589286	-0.375839	0.086530)
(-11.071429	-0.303911	0.072780)
(-9.553571	-0.231984	0.059030)
(-8.035714	-0.160056	0.045280)
(-5.000000	-0.016200	0.017780)
(-4.750000	0.011300	0.018100)
(-4.500000	0.039200	0.018440)
(-4.250000	0.065800	0.018760)
(-4.000000	0.093800	0.018930)
(-3.750000	0.121400	0.019070)
(-3.500000	0.147700	0.019310)
(-3.250000	0.174500	0.019550)
(-3.000000	0.200600	0.019840)
(-2.750000	0.228700	0.020020)
(-2.500000	0.252900	0.020260)
(-2.250000	0.284500	0.020160)
(-2.000000	0.307400	0.020330)
(-1.750000	0.339300	0.020220)
(-1.500000	0.361800	0.020410)
(-1.250000	0.393000	0.020330)
(-1.000000	0.416200	0.020540)
(-0.750000	0.445900	0.020510)
(-0.500000	0.471300	0.020640)
(-0.250000	0.500300	0.020600)
(0.000000	0.528800	0.020640)
(0.250000	0.555600	0.020690)
(0.500000	0.585800	0.020670)
(0.750000	0.611200	0.020810)
(1.000000	0.639800	0.020820)
(1.250000	0.664900	0.021000)
(1.500000	0.693900	0.021030)
(1.750000	0.723000	0.021090)
(2.000000	0.748000	0.021290)
(2.250000	0.778600	0.021280)
(2.500000	0.802400	0.021570)
(2.750000	0.830600	0.021630)
(3.000000	0.858000	0.021840)
(3.250000	0.882400	0.022030)
(3.500000	0.918200	0.021960)
(3.750000	0.934100	0.022460)
(4.000000	0.968000	0.022430)
(4.250000	0.986400	0.022880)
(4.500000	1.017100	0.022940)
(4.750000	1.040300	0.023250)
(5.000000	1.065800	0.023470)
(5.250000	1.100300	0.023450)
(5.750000	1.149600	0.023900)
(6.000000	1.165900	0.024500)
(6.250000	1.197500	0.024410)
(6.500000	1.213000	0.024980)
(6.750000	1.246500	0.024880)
(7.000000	1.262500	0.025430)
(7.250000	1.295500	0.025250)
(7.500000	1.308700	0.025780)
(7.750000	1.346000	0.025410)
(8.000000	1.358000	0.025870)
(8.250000	1.379200	0.025960)
(8.500000	1.415700	0.025440)
(8.750000	1.427300	0.025720)
(9.000000	1.443000	0.025880)
(9.250000	1.470700	0.025670)
(9.500000	1.487200	0.025740)
(9.750000	1.496500	0.026020)
(10.000000	1.508500	0.026040)
(10.250000	1.530400	0.025660)
(10.500000	1.527600	0.025810)
(10.750000	1.550000	0.026210)
(11.000000	1.569900	0.026630)
(11.250000	1.587400	0.027070)
(11.500000	1.602300	0.027580)
(11.750000	1.601700	0.028820)
(12.000000	1.604100	0.030000)
(12.250000	1.612300	0.030920)
(12.500000	1.606800	0.032790)
(12.750000	1.608900	0.034250)
(13.000000	1.603900	0.036350)
(13.250000	1.598600	0.038610)
(13.500000	1.593100	0.041000)
(13.750000	1.585500	0.043730)
(14.000000	1.576100	0.046820)
(14.250000	1.567000	0.049970)
(14.500000	1.556600	0.053440)
(14.750000	1.546400	0.056990)
(15.000000	1.536700	0.060590)
(15.250000	1.527400	0.064270)
(15.500000	1.519000	0.067930)
(15.750000	1.511600	0.071550)
(16.000000	1.504800	0.075170)
(16.250000	1.498600	0.078800)
(16.500000	1.492900	0.082400)
(16.750000	1.487500	0.086000)
(17.000000	1.482400	0.089630)
(17.250000	1.477700	0.093280)
(17.500000	1.472900	0.096940)
(17.750000	1.468200	0.100670)
(18.000000	1.463500	0.104470)
(18.250000	1.458600	0.108280)
(18.500000	1.453500	0.112180)
(18.750000	1.448100	0.116180)
(19.000000	1.442400	0.120260)
(19.250000	1.436300	0.124400)
(19.500000	1.430300	0.128560)
(19.750000	1.424900	0.132660)
(20.000000	1.420800	0.136530)
(20.250000	1.418400	0.140110)
(20.500000	1.418000	0.143310)
(20.750000	1.419800	0.146160)
(21.000000	1.423500	0.148670)
(21.250000	1.428100	0.151000)
(21.500000	1.434100	0.153060)
(21.750000	1.441500	0.154840)
(22.000000	1.451000	0.156190)
(22.250000	1.456600	0.158300)
(22.500000	1.464500	0.159950)
(22.750000	1.477000	0.160630)
(23.000000	1.480100	0.163260)
(23.250000	1.491800	0.164050)
(23.500000	1.494200	0.166790)
(23.750000	1.510000	0.166700)
(24.000000	1.506500	0.170660)
(24.250000	1.509700	0.173160)
(24.500000	1.522000	0.173720)
(24.750000	1.513400	0.178780)
(25.000000	1.507200	0.183300)
(25.250000	1.505200	0.186950)
(25.500000	1.519400	0.187020)
(25.750000	1.503400	0.193810)
(26.000000	1.484600	0.201430)
(26.250000	1.461700	0.210280)
(30.803571	1.321198	0.298753)
(35.357143	1.211420	0.395285)
(39.910714	1.116779	0.497482)
(44.464286	1.028132	0.602813)
(49.017857	0.939979	0.708671)
(53.571429	0.849091	0.812442)
(58.125000	0.753777	0.911566)
(62.678571	0.653455	1.003606)
(67.232143	0.548385	1.086305)
(71.785714	0.439485	1.157645)
(76.339286	0.328196	1.215897)
(80.892857	0.216370	1.259662)
(85.446429	0.106172	1.287909)
(90.000000	0.000000	1.300000)
(94.553571	-0.074320	1.287909)
(99.107143	-0.151459	1.259662)
(103.660714	-0.229738	1.215897)
(108.214286	-0.307639	1.157645)
(112.767857	-0.383869	1.086305)
(117.321429	-0.457418	1.003606)
(121.875000	-0.527644	0.911566)
(126.428571	-0.594364	0.812442)
(130.982143	-0.657985	0.708671)
(135.535714	-0.719693	0.602813)
(140.089286	-0.781746	0.497482)
(144.642857	-0.847994	0.395285)
(149.196429	-0.924838	0.298753)
(153.750000	-1.023190	0.210280)
(155.625000	-0.950105	0.176713)
(157.500000	-0.877020	0.145030)
(159.375000	-0.803935	0.115363)
(161.250000	-0.730850	0.087838)
(163.125000	-0.657765	0.062571)
(165.000000	-0.584680	0.039669)
(166.875000	-0.511595	0.019228)
(168.750000	-0.438510	0.001334)
(170.625000	-0.365425	0.001000)
(172.500000	-0.292340	0.001000)
(174.375000	-0.219255	0.001000)
(176.250000	-0.146170	0.001000)
(178.125000	-0.073085	0.001000)
(180.000000	0.000000	0.001000)
