// Re = 0.11
(-180.000000	0.000000	0.001000)
(-178.178571	0.065830	0.001000)
(-176.357143	0.131660	0.001000)
(-174.535714	0.197490	0.001000)
(-172.714286	0.263320	0.001000)
(-170.892857	0.329150	0.001000)
(-169.071429	0.394980	0.001000)
(-167.250000	0.460810	0.010162)
(-165.428571	0.526640	0.029537)
(-163.607143	0.592470	0.051259)
(-161.785714	0.658300	0.075241)
(-159.964286	0.724130	0.101390)
(-158.142857	0.789960	0.129600)
(-156.321429	0.855790	0.159760)
(-154.500000	0.921620	0.191750)
(-149.892857	0.842725	0.279959)
(-145.285714	0.782138	0.376806)
(-140.678571	0.729584	0.479837)
(-136.071429	0.679108	0.586444)
(-131.464286	0.627166	0.693931)
(-126.857143	0.571718	0.799587)
(-122.250000	0.511740	0.900750)
(-117.642857	0.446951	0.994879)
(-113.035714	0.377638	1.079618)
(-108.428571	0.304538	1.152858)
(-103.821429	0.228743	1.212787)
(-99.214286	0.151633	1.257940)
(-94.607143	0.074801	1.287235)
(-90.000000	0.000000	1.300000)
(-85.392857	-0.074801	1.287235)
(-80.785714	-0.151633	1.257940)
(-76.178571	-0.228743	1.212787)
(-71.571429	-0.304538	1.152858)
(-66.964286	-0.377638	1.079618)
(-62.357143	-0.446951	0.994879)
(-57.750000	-0.511740	0.900750)
(-53.142857	-0.571718	0.799587)
(-48.535714	-0.627166	0.693931)
(-43.928571	-0.679108	0.586444)
(-39.321429	-0.729584	0.479837)
(-34.714286	-0.782138	0.376806)
(-30.107143	-0.842725	0.279959)
(-25.500000	-0.921620	0.191750)
(-24.035714	-0.869690	0.180315)
(-22.571429	-0.817760	0.168880)
(-21.107143	-0.765830	0.157445)
(-19.642857	-0.713900	0.146010)
(-18.178571	-0.661970	0.134575)
(-16.714286	-0.610040	0.123140)
(-15.250000	-0.558110	0.111705)
(-13.785714	-0.506180	0.100270)
(-12.321429	-0.454250	0.088835)
(-10.857143	-0.402320	0.077400)
(-9.392857	-0.350390	0.065965)
(-7.928571	-0.298460	0.054530)
(-5.000000	-0.194600	0.031660)
(-4.750000	-0.153700	0.032360)
(-4.500000	-0.152100	0.033260)
(-4.250000	-0.130200	0.033890)
(-4.000000	-0.113100	0.034470)
(-3.750000	-0.083100	0.034890)
(-3.500000	-0.077900	0.036180)
(-3.250000	-0.036600	0.036620)
(-3.000000	-0.048000	0.037490)
(-2.750000	-0.005600	0.037560)
(-2.500000	-0.038900	0.039230)
(-2.000000	0.001800	0.039380)
(-1.500000	-0.010600	0.041950)
(-1.250000	0.019700	0.041950)
(-0.750000	0.050500	0.043080)
(-0.500000	0.048300	0.044610)
(-0.250000	0.082500	0.044360)
(0.000000	0.076500	0.046180)
(0.250000	0.116900	0.045740)
(0.500000	0.106200	0.047810)
(0.750000	0.147400	0.047370)
(1.000000	0.138400	0.049480)
(1.250000	0.176300	0.049180)
(1.500000	0.171000	0.051300)
(1.750000	0.206300	0.051110)
(2.000000	0.203300	0.053280)
(2.250000	0.236400	0.053210)
(2.500000	0.235000	0.055440)
(2.750000	0.266600	0.055430)
(3.000000	0.265700	0.057750)
(3.250000	0.296800	0.057740)
(3.500000	0.295700	0.060160)
(3.750000	0.327100	0.060140)
(4.000000	0.324800	0.062660)
(4.250000	0.357500	0.062600)
(4.500000	0.353000	0.065260)
(4.750000	0.390200	0.064990)
(5.000000	0.381800	0.067840)
(5.750000	0.421400	0.072190)
(6.000000	0.448100	0.072550)
(6.250000	0.340100	0.084130)
(6.500000	0.357100	0.086060)
(6.750000	0.366900	0.087400)
(7.000000	0.420700	0.083840)
(7.250000	0.522400	0.078770)
(7.500000	0.520100	0.081240)
(7.750000	0.526200	0.083110)
(8.000000	0.561600	0.082660)
(8.250000	0.565600	0.084640)
(8.500000	0.570100	0.086570)
(8.750000	0.579400	0.088130)
(9.000000	0.611500	0.087660)
(9.750000	0.630800	0.092160)
(10.250000	0.651100	0.094080)
(10.500000	0.697800	0.093790)
(10.750000	0.702400	0.096820)
(11.000000	0.741200	0.096810)
(11.250000	0.760600	0.098340)
(11.500000	0.779400	0.099800)
(11.750000	0.797700	0.101190)
(12.000000	0.815600	0.102490)
(12.250000	0.833100	0.103700)
(12.500000	0.850500	0.104820)
(13.000000	0.884800	0.106790)
(13.750000	0.936300	0.109090)
(14.000000	0.979300	0.106160)
(14.250000	0.993900	0.106990)
(14.750000	1.031800	0.107250)
(15.000000	1.078900	0.103080)
(16.000000	1.224300	0.092520)
(16.250000	1.316600	0.082670)
(16.500000	1.380600	0.077000)
(16.750000	1.388600	0.078400)
(17.000000	1.400600	0.079320)
(17.250000	1.410000	0.080560)
(17.500000	1.416700	0.082170)
(17.750000	1.421100	0.084070)
(18.000000	1.413500	0.087630)
(18.250000	1.412300	0.090350)
(18.500000	1.416000	0.092440)
(18.750000	1.409500	0.096010)
(19.000000	1.410400	0.098550)
(19.250000	1.407100	0.101750)
(19.500000	1.407100	0.104460)
(19.750000	1.403900	0.107700)
(20.000000	1.403700	0.110480)
(20.250000	1.399800	0.113910)
(20.500000	1.397900	0.116950)
(20.750000	1.395500	0.120160)
(21.000000	1.390200	0.123830)
(21.250000	1.388900	0.126860)
(21.500000	1.386600	0.130050)
(21.750000	1.380700	0.133910)
(22.000000	1.378200	0.137210)
(22.250000	1.378600	0.140000)
(22.500000	1.378000	0.142990)
(22.750000	1.376800	0.146100)
(23.000000	1.379000	0.148680)
(23.250000	1.384000	0.150690)
(23.500000	1.383600	0.153710)
(23.750000	1.385000	0.156430)
(24.000000	1.387800	0.158880)
(24.250000	1.393500	0.160780)
(24.500000	1.381400	0.166080)
(24.750000	1.379400	0.169520)
(25.000000	1.374800	0.173400)
(25.250000	1.360400	0.179360)
(25.500000	1.316600	0.191750)
(30.107143	1.203893	0.279959)
(34.714286	1.117340	0.376806)
(39.321429	1.042263	0.479837)
(43.928571	0.970154	0.586444)
(48.535714	0.895952	0.693931)
(53.142857	0.816740	0.799587)
(57.750000	0.731057	0.900750)
(62.357143	0.638501	0.994879)
(66.964286	0.539483	1.079618)
(71.571429	0.435054	1.152858)
(76.178571	0.326776	1.212787)
(80.785714	0.216618	1.257940)
(85.392857	0.106858	1.287235)
(90.000000	0.000000	1.300000)
(94.607143	-0.074801	1.287235)
(99.214286	-0.151633	1.257940)
(103.821429	-0.228743	1.212787)
(108.428571	-0.304538	1.152858)
(113.035714	-0.377638	1.079618)
(117.642857	-0.446951	0.994879)
(122.250000	-0.511740	0.900750)
(126.857143	-0.571718	0.799587)
(131.464286	-0.627166	0.693931)
(136.071429	-0.679108	0.586444)
(140.678571	-0.729584	0.479837)
(145.285714	-0.782138	0.376806)
(149.892857	-0.842725	0.279959)
(154.500000	-0.921620	0.191750)
(156.321429	-0.855790	0.159760)
(158.142857	-0.789960	0.129600)
(159.964286	-0.724130	0.101390)
(161.785714	-0.658300	0.075241)
(163.607143	-0.592470	0.051259)
(165.428571	-0.526640	0.029537)
(167.250000	-0.460810	0.010162)
(169.071429	-0.394980	0.001000)
(170.892857	-0.329150	0.001000)
(172.714286	-0.263320	0.001000)
(174.535714	-0.197490	0.001000)
(176.357143	-0.131660	0.001000)
(178.178571	-0.065830	0.001000)
(180.000000	0.000000	0.001000)
