// Re = 3.50e6
// (alpha_deg cl cd)
(-180.0000	0.0000	0.0010)
(-178.2500	0.0864	0.0010)
(-176.5000	0.1727	0.0010)
(-174.7500	0.2591	0.0010)
(-173.0000	0.3454	0.0010)
(-171.2500	0.4318	0.0010)
(-169.5000	0.5181	0.0010)
(-167.7500	0.6045	0.0010)
(-166.0000	0.6908	0.0057)
(-164.2500	0.7772	0.0260)
(-162.5000	0.8636	0.0484)
(-160.7500	0.9499	0.0728)
(-159.0000	1.0363	0.0993)
(-157.2500	1.1226	0.1275)
(-155.5000	1.2090	0.1576)
(-150.8214	1.0652	0.2457)
(-146.1429	0.9576	0.3433)
(-141.4643	0.8692	0.4478)
(-136.7857	0.7904	0.5567)
(-132.1071	0.7154	0.6669)
(-127.4286	0.6408	0.7757)
(-122.7500	0.5649	0.8803)
(-118.0714	0.4866	0.9780)
(-113.3929	0.4061	1.0663)
(-108.7143	0.3237	1.1429)
(-104.0357	0.2404	1.2059)
(-99.3571	0.1576	1.2538)
(-94.6786	0.0769	1.2854)
(-90.0000	0.0000	1.3000)
(-85.3214	-0.0769	1.2854)
(-80.6429	-0.1576	1.2538)
(-75.9643	-0.2404	1.2059)
(-71.2857	-0.3237	1.1429)
(-66.6071	-0.4061	1.0663)
(-61.9286	-0.4866	0.9780)
(-57.2500	-0.5649	0.8803)
(-52.5714	-0.6408	0.7757)
(-47.8929	-0.7154	0.6669)
(-43.2143	-0.7904	0.5567)
(-38.5357	-0.8692	0.4478)
(-33.8571	-0.9576	0.3433)
(-29.1786	-1.0652	0.2457)
(-24.5000	-1.2090	0.1576)
(-23.1071	-1.1205	0.1468)
(-21.7143	-1.0319	0.1361)
(-20.3214	-0.9434	0.1253)
(-18.9286	-0.8549	0.1145)
(-17.5357	-0.7664	0.1038)
(-16.1429	-0.6779	0.0930)
(-14.7500	-0.5893	0.0823)
(-13.3571	-0.5008	0.0715)
(-11.9643	-0.4123	0.0608)
(-10.5714	-0.3238	0.0500)
(-9.1786	-0.2353	0.0393)
(-7.7857	-0.1467	0.0285)
(-5.0000	0.0303	0.0070)
(-4.7500	0.0608	0.0067)
(-4.2500	0.1220	0.0064)
(-4.0000	0.1528	0.0062)
(-3.7500	0.1836	0.0061)
(-3.5000	0.2150	0.0059)
(-3.2500	0.2458	0.0057)
(-3.0000	0.2767	0.0057)
(-2.7500	0.3070	0.0057)
(-2.5000	0.3377	0.0056)
(-2.2500	0.3680	0.0056)
(-2.0000	0.3984	0.0056)
(-1.7500	0.4287	0.0056)
(-1.5000	0.4589	0.0056)
(-1.2500	0.4893	0.0056)
(-0.7500	0.5496	0.0057)
(-0.5000	0.5797	0.0057)
(-0.2500	0.6098	0.0057)
(0.0000	0.6399	0.0058)
(0.2500	0.6697	0.0058)
(0.5000	0.6998	0.0059)
(0.7500	0.7297	0.0059)
(1.2500	0.7896	0.0060)
(1.5000	0.8190	0.0060)
(1.7500	0.8491	0.0060)
(2.0000	0.8787	0.0061)
(2.2500	0.9083	0.0062)
(2.5000	0.9380	0.0062)
(2.7500	0.9672	0.0063)
(3.0000	0.9969	0.0063)
(3.2500	1.0263	0.0064)
(3.7500	1.0849	0.0065)
(4.2500	1.1429	0.0066)
(4.5000	1.1714	0.0067)
(4.7500	1.1996	0.0068)
(5.0000	1.2282	0.0069)
(5.2500	1.2565	0.0070)
(5.5000	1.2844	0.0071)
(5.7500	1.3128	0.0072)
(6.0000	1.3405	0.0073)
(6.2500	1.3678	0.0075)
(6.5000	1.3951	0.0076)
(6.7500	1.4221	0.0077)
(7.0000	1.4488	0.0079)
(7.5000	1.4985	0.0084)
(7.7500	1.5212	0.0087)
(8.0000	1.5420	0.0091)
(8.2500	1.5606	0.0095)
(8.5000	1.5756	0.0100)
(8.7500	1.5912	0.0105)
(9.0000	1.6039	0.0112)
(9.2500	1.6143	0.0119)
(9.5000	1.6229	0.0127)
(9.7500	1.6305	0.0135)
(10.0000	1.6372	0.0146)
(10.2500	1.6436	0.0157)
(10.5000	1.6501	0.0168)
(11.0000	1.6658	0.0192)
(11.2500	1.6741	0.0205)
(11.5000	1.6817	0.0218)
(11.7500	1.6881	0.0233)
(12.0000	1.6939	0.0248)
(12.2500	1.6988	0.0265)
(12.5000	1.7033	0.0282)
(12.7500	1.7071	0.0300)
(13.5000	1.7143	0.0360)
(13.7500	1.7156	0.0383)
(14.0000	1.7159	0.0406)
(14.2500	1.7164	0.0430)
(14.5000	1.7167	0.0455)
(14.7500	1.7163	0.0480)
(15.0000	1.7150	0.0507)
(15.2500	1.7128	0.0535)
(15.5000	1.7101	0.0564)
(15.7500	1.7076	0.0593)
(16.0000	1.7062	0.0622)
(16.2500	1.7061	0.0649)
(16.5000	1.7067	0.0676)
(16.7500	1.7075	0.0703)
(17.0000	1.7085	0.0730)
(17.2500	1.7101	0.0757)
(17.5000	1.7115	0.0784)
(17.7500	1.7127	0.0811)
(18.0000	1.7115	0.0835)
(18.2500	1.7124	0.0863)
(18.5000	1.7125	0.0891)
(18.7500	1.7134	0.0919)
(19.0000	1.7147	0.0946)
(19.2500	1.7154	0.0974)
(19.5000	1.7155	0.1003)
(19.7500	1.7151	0.1033)
(20.0000	1.7161	0.1061)
(20.2500	1.7175	0.1088)
(20.5000	1.7186	0.1116)
(20.7500	1.7194	0.1144)
(21.0000	1.7198	0.1173)
(21.2500	1.7195	0.1203)
(21.5000	1.7198	0.1232)
(21.7500	1.7213	0.1260)
(22.0000	1.7228	0.1287)
(22.2500	1.7242	0.1315)
(22.5000	1.7251	0.1343)
(22.7500	1.7255	0.1372)
(23.0000	1.7256	0.1401)
(23.2500	1.7252	0.1431)
(23.7500	1.7250	0.1491)
(24.0000	1.7260	0.1519)
(24.2500	1.7266	0.1547)
(24.5000	1.7271	0.1576)
(29.1786	1.5217	0.2457)
(33.8571	1.3680	0.3433)
(38.5357	1.2417	0.4478)
(43.2143	1.1291	0.5567)
(47.8929	1.0220	0.6669)
(52.5714	0.9155	0.7757)
(57.2500	0.8070	0.8803)
(61.9286	0.6952	0.9780)
(66.6071	0.5801	1.0663)
(71.2857	0.4624	1.1429)
(75.9643	0.3434	1.2059)
(80.6429	0.2251	1.2538)
(85.3214	0.1098	1.2854)
(90.0000	0.0000	1.3000)
(94.6786	-0.0769	1.2854)
(99.3571	-0.1576	1.2538)
(104.0357	-0.2404	1.2059)
(108.7143	-0.3237	1.1429)
(113.3929	-0.4061	1.0663)
(118.0714	-0.4866	0.9780)
(122.7500	-0.5649	0.8803)
(127.4286	-0.6408	0.7757)
(132.1071	-0.7154	0.6669)
(136.7857	-0.7904	0.5567)
(141.4643	-0.8692	0.4478)
(146.1429	-0.9576	0.3433)
(150.8214	-1.0652	0.2457)
(155.5000	-1.2090	0.1576)
(157.2500	-1.1226	0.1275)
(159.0000	-1.0363	0.0993)
(160.7500	-0.9499	0.0728)
(162.5000	-0.8636	0.0484)
(164.2500	-0.7772	0.0260)
(166.0000	-0.6908	0.0057)
(167.7500	-0.6045	0.0010)
(169.5000	-0.5181	0.0010)
(171.2500	-0.4318	0.0010)
(173.0000	-0.3454	0.0010)
(174.7500	-0.2591	0.0010)
(176.5000	-0.1727	0.0010)
(178.2500	-0.0864	0.0010)
(180.0000	0.0000	0.0010)
