// Re = 0.25
(-180.000000	0.000000	0.005762)
(-178.410714	0.060610	0.006760)
(-176.821429	0.121220	0.009750)
(-175.232143	0.181830	0.014723)
(-173.642857	0.242440	0.021665)
(-172.053571	0.303050	0.030552)
(-170.464286	0.363660	0.041359)
(-168.875000	0.424270	0.054052)
(-167.285714	0.484880	0.068592)
(-165.696429	0.545490	0.084933)
(-164.107143	0.606100	0.103026)
(-162.517857	0.666710	0.122815)
(-160.928571	0.727320	0.144238)
(-159.339286	0.787930	0.167230)
(-157.750000	0.848540	0.191720)
(-152.910714	0.776421	0.274710)
(-148.071429	0.727305	0.368493)
(-143.232143	0.687321	0.470394)
(-138.392857	0.648922	0.577507)
(-133.553571	0.607782	0.686775)
(-128.714286	0.561456	0.795080)
(-123.875000	0.508722	0.899333)
(-119.035714	0.449238	0.996557)
(-114.196429	0.383326	1.083974)
(-109.357143	0.311835	1.159088)
(-104.517857	0.236033	1.219751)
(-99.678571	0.157525	1.264225)
(-94.839286	0.078167	1.291234)
(-90.000000	0.000000	1.300000)
(-85.160714	-0.078167	1.291234)
(-80.321429	-0.157525	1.264225)
(-75.482143	-0.236033	1.219751)
(-70.642857	-0.311835	1.159088)
(-65.803571	-0.383326	1.083974)
(-60.964286	-0.449238	0.996557)
(-56.125000	-0.508722	0.899333)
(-51.285714	-0.561456	0.795080)
(-46.446429	-0.607782	0.686775)
(-41.607143	-0.648922	0.577507)
(-36.767857	-0.687321	0.470394)
(-31.928571	-0.727305	0.368493)
(-27.089286	-0.776421	0.274710)
(-22.250000	-0.848540	0.191720)
(-21.017857	-0.805337	0.178933)
(-19.785714	-0.762134	0.166146)
(-18.553571	-0.718931	0.153359)
(-17.321429	-0.675729	0.140571)
(-16.089286	-0.632526	0.127784)
(-14.857143	-0.589323	0.114997)
(-13.625000	-0.546120	0.102210)
(-12.392857	-0.502917	0.089423)
(-11.160714	-0.459714	0.076636)
(-9.928571	-0.416511	0.063849)
(-8.696429	-0.373309	0.051061)
(-7.464286	-0.330106	0.038274)
(-5.000000	-0.243700	0.012700)
(-4.750000	-0.215600	0.012760)
(-4.500000	-0.187400	0.012820)
(-4.250000	-0.159000	0.012890)
(-4.000000	-0.130400	0.012950)
(-3.750000	-0.102200	0.013030)
(-3.500000	-0.073900	0.013110)
(-3.250000	-0.045200	0.013170)
(-3.000000	-0.016800	0.013210)
(-2.750000	0.011800	0.013230)
(-2.500000	0.040800	0.013240)
(-2.250000	0.069300	0.013260)
(-2.000000	0.097800	0.013270)
(-1.750000	0.126900	0.013260)
(-1.500000	0.155700	0.013270)
(-1.250000	0.184100	0.013290)
(-1.000000	0.213400	0.013290)
(-0.750000	0.242000	0.013310)
(-0.500000	0.270500	0.013340)
(-0.250000	0.300000	0.013340)
(0.000000	0.328200	0.013380)
(0.250000	0.356800	0.013420)
(0.500000	0.386400	0.013440)
(0.750000	0.414200	0.013500)
(1.000000	0.443100	0.013550)
(1.250000	0.472200	0.013590)
(1.500000	0.500000	0.013670)
(1.750000	0.529200	0.013720)
(2.000000	0.557600	0.013790)
(2.250000	0.585400	0.013870)
(2.500000	0.614600	0.013920)
(2.750000	0.642400	0.014010)
(3.000000	0.670300	0.014100)
(3.250000	0.699100	0.014160)
(3.500000	0.726500	0.014260)
(3.750000	0.754700	0.014350)
(4.000000	0.783000	0.014420)
(4.250000	0.809800	0.014520)
(4.500000	0.837200	0.014610)
(4.750000	0.865100	0.014680)
(5.000000	0.892800	0.014730)
(5.250000	0.919400	0.014760)
(5.500000	0.945700	0.014810)
(5.750000	0.971800	0.014870)
(6.000000	0.997900	0.014900)
(6.250000	1.022600	0.014910)
(6.500000	1.046500	0.014900)
(6.750000	1.070900	0.014910)
(7.000000	1.093700	0.014980)
(7.250000	1.116900	0.015050)
(7.500000	1.138700	0.015140)
(7.750000	1.159800	0.015250)
(8.000000	1.179400	0.015390)
(8.250000	1.197600	0.015570)
(8.500000	1.213300	0.015810)
(8.750000	1.226300	0.016110)
(9.000000	1.234900	0.016500)
(9.250000	1.236400	0.016970)
(9.500000	1.233900	0.017630)
(9.750000	1.237100	0.018730)
(10.000000	1.240000	0.020400)
(10.250000	1.239800	0.022320)
(10.500000	1.237800	0.024440)
(10.750000	1.235400	0.026710)
(11.000000	1.232300	0.029120)
(11.250000	1.229900	0.031580)
(11.500000	1.228400	0.034040)
(11.750000	1.227400	0.036550)
(12.000000	1.226800	0.039070)
(12.250000	1.227100	0.041580)
(12.500000	1.228500	0.044060)
(12.750000	1.230400	0.046570)
(13.000000	1.232700	0.049090)
(13.250000	1.235500	0.051610)
(13.500000	1.239100	0.054080)
(13.750000	1.244100	0.056460)
(14.000000	1.249000	0.058860)
(14.250000	1.254100	0.061200)
(14.500000	1.260700	0.063510)
(14.750000	1.267400	0.065740)
(15.000000	1.274900	0.067910)
(15.250000	1.282500	0.070090)
(15.500000	1.291600	0.072040)
(15.750000	1.299300	0.074270)
(16.000000	1.309500	0.076090)
(16.250000	1.317400	0.078310)
(16.500000	1.327100	0.080260)
(16.750000	1.336500	0.082260)
(17.000000	1.344000	0.084580)
(17.250000	1.358100	0.085860)
(17.500000	1.360300	0.089000)
(17.750000	1.370200	0.090950)
(18.000000	1.379700	0.092940)
(18.250000	1.381000	0.096250)
(18.500000	1.390500	0.098240)
(18.750000	1.399800	0.100270)
(19.000000	1.395800	0.104400)
(19.250000	1.399600	0.107290)
(19.500000	1.417300	0.107920)
(19.750000	1.408000	0.112930)
(20.000000	1.399700	0.117840)
(20.250000	1.396700	0.121880)
(20.500000	1.407000	0.123630)
(20.750000	1.409900	0.126640)
(21.000000	1.391800	0.133430)
(21.250000	1.373900	0.140340)
(21.500000	1.354800	0.147690)
(21.750000	1.331900	0.156040)
(22.000000	1.299200	0.166880)
(22.250000	1.212200	0.191720)
(27.089286	1.109173	0.274710)
(31.928571	1.039007	0.368493)
(36.767857	0.981887	0.470394)
(41.607143	0.927031	0.577507)
(46.446429	0.868260	0.686775)
(51.285714	0.802079	0.795080)
(56.125000	0.726746	0.899333)
(60.964286	0.641769	0.996557)
(65.803571	0.547609	1.083974)
(70.642857	0.445478	1.159088)
(75.482143	0.337190	1.219751)
(80.321429	0.225035	1.264225)
(85.160714	0.111667	1.291234)
(90.000000	0.000000	1.300000)
(94.839286	-0.078167	1.291234)
(99.678571	-0.157525	1.264225)
(104.517857	-0.236033	1.219751)
(109.357143	-0.311835	1.159088)
(114.196429	-0.383326	1.083974)
(119.035714	-0.449238	0.996557)
(123.875000	-0.508722	0.899333)
(128.714286	-0.561456	0.795080)
(133.553571	-0.607782	0.686775)
(138.392857	-0.648922	0.577507)
(143.232143	-0.687321	0.470394)
(148.071429	-0.727305	0.368493)
(152.910714	-0.776421	0.274710)
(157.750000	-0.848540	0.191720)
(159.339286	-0.787930	0.167230)
(160.928571	-0.727320	0.144238)
(162.517857	-0.666710	0.122815)
(164.107143	-0.606100	0.103026)
(165.696429	-0.545490	0.084933)
(167.285714	-0.484880	0.068592)
(168.875000	-0.424270	0.054052)
(170.464286	-0.363660	0.041359)
(172.053571	-0.303050	0.030552)
(173.642857	-0.242440	0.021665)
(175.232143	-0.181830	0.014723)
(176.821429	-0.121220	0.009750)
(178.410714	-0.060610	0.006760)
(180.000000	0.000000	0.005762)
