// Re = 0.12e6 
// (alpha_deg cl cd)
(-180	0.0000	0.0631)
(-170	0.2045	0.1011)
(-160	0.4089	0.2102)
(-150	0.5149	0.3772)
(-140	0.5200	0.5814)
(-130	0.4892	0.7976)
(-120	0.4149	0.9991)
(-110	0.3005	1.1607)
(-100	0.1570	1.2621)
(-90	0.0000	1.2900)
(-80	-0.1570	1.2621)
(-70	-0.3005	1.1607)
(-60	-0.4149	0.9991)
(-50	-0.4892	0.7976)
(-40	-0.5200	0.5814)
(-30	-0.5149	0.3772)
(-20	-0.4424	0.2208)
(-10	-0.3083	0.0890)
(-5	-0.2413	0.0230)
(-4.75	-0.2160	0.0236)
(-4.5	-0.1898	0.0240)
(-4.25	-0.1642	0.0243)
(-4	-0.1402	0.0248)
(-3.75	-0.1157	0.0251)
(-3.5	-0.0884	0.0251)
(-3.25	-0.0651	0.0255)
(-3	-0.0413	0.0256)
(-2.75	-0.0146	0.0256)
(-2.5	0.0098	0.0255)
(-2.25	0.0338	0.0255)
(-2	0.0609	0.0255)
(-1.75	0.0846	0.0256)
(-1.5	0.1089	0.0256)
(-1.25	0.1375	0.0254)
(-1	0.1597	0.0256)
(-0.75	0.1848	0.0256)
(-0.5	0.2138	0.0254)
(-0.25	0.2351	0.0257)
(0	0.2625	0.0256)
(0.25	0.2891	0.0256)
(0.5	0.3107	0.0259)
(0.75	0.3405	0.0257)
(1	0.3634	0.0260)
(1.25	0.3870	0.0262)
(1.5	0.4139	0.0262)
(1.75	0.4366	0.0265)
(2	0.4681	0.0263)
(2.25	0.4867	0.0268)
(2.5	0.5090	0.0271)
(2.75	0.5390	0.0270)
(3	0.5598	0.0275)
(3.25	0.5906	0.0272)
(3.5	0.6098	0.0276)
(3.75	0.6290	0.0281)
(4	0.6621	0.0277)
(4.25	0.6800	0.0283)
(4.5	0.6990	0.0287)
(4.75	0.7332	0.0281)
(5	0.7506	0.0286)
(5.25	0.7690	0.0290)
(5.75	0.8239	0.0284)
(6	0.8421	0.0285)
(6.25	0.8633	0.0284)
(6.5	0.8866	0.0281)
(7	0.9485	0.0265)
(7.25	0.9758	0.0259)
(7.5	1.0082	0.0254)
(7.75	1.0540	0.0244)
(8	1.0896	0.0237)
(8.25	1.1219	0.0233)
(8.5	1.1509	0.0231)
(8.75	1.1798	0.0229)
(9	1.2052	0.0229)
(9.25	1.2275	0.0229)
(9.5	1.2441	0.0232)
(9.75	1.2549	0.0237)
(10	1.2610	0.0245)
(10.25	1.2617	0.0258)
(10.5	1.2578	0.0276)
(10.75	1.2498	0.0300)
(11	1.2395	0.0328)
(11.25	1.2291	0.0359)
(11.5	1.2199	0.0390)
(11.75	1.2133	0.0420)
(12	1.2099	0.0448)
(12.25	1.2096	0.0473)
(12.5	1.2123	0.0496)
(12.75	1.2176	0.0518)
(13	1.2252	0.0538)
(13.25	1.2350	0.0555)
(13.5	1.2467	0.0572)
(13.75	1.2596	0.0588)
(14	1.2738	0.0603)
(14.25	1.2899	0.0617)
(14.5	1.3103	0.0628)
(14.75	1.3218	0.0648)
(15	1.3371	0.0665)
(15.25	1.3623	0.0675)
(15.5	1.3624	0.0705)
(15.75	1.3823	0.0720)
(16	1.3830	0.0752)
(16.25	1.3811	0.0785)
(16.5	1.4077	0.0796)
(16.75	1.3904	0.0844)
(17	1.3754	0.0891)
(17.25	1.3621	0.0940)
(17.5	1.3516	0.0986)
(17.75	1.3724	0.0999)
(18	1.3467	0.1065)
(18.25	1.3202	0.1135)
(18.5	1.2926	0.1213)
(18.75	1.2643	0.1297)
(20.5	0.6791	0.2291)
(20.75	0.6775	0.2322)
(21	0.6872	0.2350)
(21.25	0.6825	0.2384)
(21.5	0.6938	0.2411)
(21.75	0.6877	0.2447)
(22	0.6962	0.2474)
(22.25	0.6935	0.2511)
(22.5	0.6993	0.2538)
(22.75	0.7000	0.2574)
(23	0.7033	0.2604)
(23.25	0.7088	0.2635)
(23.5	0.7083	0.2671)
(23.75	0.7154	0.2698)
(24	0.7139	0.2737)
(24.25	0.7185	0.2766)
(24.5	0.7207	0.2801)
(24.75	0.7229	0.2834)
(30	0.7356	0.3772)
(40	0.7429	0.5814)
(50	0.6988	0.7976)
(60	0.5926	0.9991)
(70	0.4293	1.1607)
(80	0.2242	1.2621)
(90	0.0000	1.2900)
(100	-0.1570	1.2621)
(110	-0.3005	1.1607)
(120	-0.4149	0.9991)
(130	-0.4892	0.7976)
(140	-0.5200	0.5814)
(150	-0.5149	0.3772)
(160	-0.4089	0.2102)
(170	-0.2045	0.1011)
(180	0.0000	0.0631)
