// Re = 0.13
(-180.000000	0.000000	0.008306)
(-178.500000	0.065665	0.009194)
(-177.000000	0.131330	0.011855)
(-175.500000	0.196995	0.016283)
(-174.000000	0.262660	0.022464)
(-172.500000	0.328325	0.030383)
(-171.000000	0.393990	0.040017)
(-169.500000	0.459655	0.051339)
(-168.000000	0.525320	0.064320)
(-166.500000	0.590985	0.078922)
(-165.000000	0.656650	0.095106)
(-163.500000	0.722315	0.112828)
(-162.000000	0.787980	0.132038)
(-160.500000	0.853645	0.152685)
(-159.000000	0.919310	0.174710)
(-154.071429	0.825490	0.256014)
(-149.142857	0.763913	0.349115)
(-144.214286	0.716172	0.451258)
(-139.285714	0.672590	0.559418)
(-134.357143	0.627712	0.670392)
(-129.428571	0.578446	0.780891)
(-124.500000	0.523194	0.887644)
(-119.571429	0.461388	0.987484)
(-114.642857	0.393234	1.077450)
(-109.714286	0.319537	1.154873)
(-104.785714	0.241576	1.217451)
(-99.857143	0.161005	1.263323)
(-94.928571	0.079765	1.291118)
(-90.000000	0.000000	1.300000)
(-85.071429	-0.079765	1.291118)
(-80.142857	-0.161005	1.263323)
(-75.214286	-0.241576	1.217451)
(-70.285714	-0.319537	1.154873)
(-65.357143	-0.393234	1.077450)
(-60.428571	-0.461388	0.987484)
(-55.500000	-0.523194	0.887644)
(-50.571429	-0.578446	0.780891)
(-45.642857	-0.627712	0.670392)
(-40.714286	-0.672590	0.559418)
(-35.785714	-0.716172	0.451258)
(-30.857143	-0.763913	0.349115)
(-25.928571	-0.825490	0.256014)
(-21.000000	-0.919310	0.174710)
(-19.857143	-0.856424	0.163799)
(-18.714286	-0.793537	0.152889)
(-17.571429	-0.730651	0.141978)
(-16.428571	-0.667764	0.131067)
(-15.285714	-0.604878	0.120156)
(-14.142857	-0.541991	0.109246)
(-13.000000	-0.479105	0.098335)
(-11.857143	-0.416219	0.087424)
(-10.714286	-0.353332	0.076514)
(-9.571429	-0.290446	0.065603)
(-8.428571	-0.227559	0.054692)
(-7.285714	-0.164673	0.043781)
(-5.000000	-0.038900	0.021960)
(-4.750000	-0.012000	0.021030)
(-4.500000	0.027700	0.018840)
(-4.250000	0.054900	0.018950)
(-4.000000	0.081700	0.019260)
(-3.750000	0.109200	0.019580)
(-3.500000	0.141200	0.019800)
(-3.250000	0.163000	0.020330)
(-3.000000	0.186200	0.020800)
(-2.750000	0.210500	0.021140)
(-2.500000	0.238400	0.021300)
(-2.250000	0.261200	0.021590)
(-2.000000	0.282100	0.021920)
(-1.750000	0.313000	0.021930)
(-1.500000	0.332900	0.022220)
(-1.250000	0.355200	0.022410)
(-1.000000	0.381200	0.022460)
(-0.750000	0.411500	0.022350)
(-0.500000	0.434400	0.022500)
(-0.250000	0.459400	0.022590)
(0.000000	0.491300	0.022420)
(0.250000	0.513900	0.022610)
(0.500000	0.538100	0.022750)
(0.750000	0.571000	0.022550)
(1.000000	0.593100	0.022780)
(1.250000	0.616600	0.022980)
(1.500000	0.650100	0.022760)
(1.750000	0.671300	0.023050)
(2.000000	0.693700	0.023300)
(2.250000	0.727400	0.023060)
(2.500000	0.747500	0.023390)
(2.750000	0.768600	0.023700)
(3.250000	0.821700	0.023790)
(3.500000	0.842000	0.024140)
(3.750000	0.865000	0.024310)
(4.000000	0.892500	0.024190)
(4.250000	0.910200	0.024570)
(4.500000	0.929300	0.024840)
(4.750000	0.959900	0.024520)
(5.000000	0.974500	0.024890)
(5.250000	0.989600	0.025200)
(5.750000	1.033200	0.024890)
(6.000000	1.058300	0.025090)
(6.250000	1.093000	0.025400)
(6.500000	1.129600	0.025570)
(6.750000	1.169400	0.025470)
(7.000000	1.211400	0.025140)
(7.250000	1.245700	0.025110)
(7.500000	1.276400	0.025140)
(7.750000	1.308100	0.025000)
(8.000000	1.341000	0.024760)
(8.250000	1.376700	0.024280)
(8.500000	1.397500	0.024290)
(8.750000	1.425000	0.023990)
(9.000000	1.446000	0.024030)
(9.250000	1.465400	0.024140)
(9.500000	1.486700	0.024150)
(9.750000	1.496900	0.024470)
(10.000000	1.506300	0.024820)
(10.250000	1.513800	0.025270)
(10.500000	1.518400	0.025870)
(10.750000	1.517600	0.026830)
(11.000000	1.514800	0.028050)
(11.250000	1.508600	0.029690)
(11.500000	1.500300	0.031730)
(11.750000	1.489500	0.034200)
(12.000000	1.476900	0.037060)
(12.250000	1.463300	0.040220)
(12.500000	1.449700	0.043600)
(12.750000	1.437000	0.047110)
(13.000000	1.425700	0.050660)
(13.250000	1.415900	0.054220)
(13.500000	1.407400	0.057760)
(13.750000	1.400100	0.061280)
(14.000000	1.393600	0.064800)
(14.250000	1.387300	0.068350)
(14.500000	1.382100	0.071880)
(14.750000	1.376400	0.075520)
(15.000000	1.370500	0.079210)
(15.250000	1.365600	0.082860)
(15.500000	1.362700	0.086130)
(15.750000	1.362600	0.089100)
(16.000000	1.365500	0.091640)
(16.250000	1.371700	0.093650)
(16.500000	1.379900	0.095390)
(16.750000	1.386500	0.097540)
(17.000000	1.397700	0.098890)
(17.250000	1.406500	0.100740)
(17.500000	1.417000	0.102360)
(17.750000	1.423700	0.104640)
(18.000000	1.439700	0.105470)
(18.250000	1.436100	0.109390)
(18.500000	1.436700	0.112680)
(18.750000	1.447600	0.114360)
(19.000000	1.450300	0.117360)
(19.250000	1.438400	0.122690)
(19.500000	1.425800	0.128290)
(19.750000	1.411900	0.134280)
(20.000000	1.396100	0.140810)
(20.250000	1.377500	0.148190)
(20.500000	1.356700	0.156430)
(20.750000	1.334600	0.165400)
(21.000000	1.313300	0.174710)
(25.928571	1.179272	0.256014)
(30.857143	1.091304	0.349115)
(35.785714	1.023104	0.451258)
(40.714286	0.960843	0.559418)
(45.642857	0.896731	0.670392)
(50.571429	0.826352	0.780891)
(55.500000	0.747420	0.887644)
(60.428571	0.659126	0.987484)
(65.357143	0.561763	1.077450)
(70.285714	0.456481	1.154873)
(75.214286	0.345108	1.217451)
(80.142857	0.230008	1.263323)
(85.071429	0.113951	1.291118)
(90.000000	0.000000	1.300000)
(94.928571	-0.079765	1.291118)
(99.857143	-0.161005	1.263323)
(104.785714	-0.241576	1.217451)
(109.714286	-0.319537	1.154873)
(114.642857	-0.393234	1.077450)
(119.571429	-0.461388	0.987484)
(124.500000	-0.523194	0.887644)
(129.428571	-0.578446	0.780891)
(134.357143	-0.627712	0.670392)
(139.285714	-0.672590	0.559418)
(144.214286	-0.716172	0.451258)
(149.142857	-0.763913	0.349115)
(154.071429	-0.825490	0.256014)
(159.000000	-0.919310	0.174710)
(160.500000	-0.853645	0.152685)
(162.000000	-0.787980	0.132038)
(163.500000	-0.722315	0.112828)
(165.000000	-0.656650	0.095106)
(166.500000	-0.590985	0.078922)
(168.000000	-0.525320	0.064320)
(169.500000	-0.459655	0.051339)
(171.000000	-0.393990	0.040017)
(172.500000	-0.328325	0.030383)
(174.000000	-0.262660	0.022464)
(175.500000	-0.196995	0.016283)
(177.000000	-0.131330	0.011855)
(178.500000	-0.065665	0.009194)
(180.000000	0.000000	0.008306)
