// Re = 4.20e6
// (alpha_deg cl cd)
(-180.0000	0.0000	0.0128)
(-177.8571	0.0746	0.0146)
(-175.7143	0.1492	0.0200)
(-173.5714	0.2238	0.0290)
(-171.4286	0.2984	0.0415)
(-169.2857	0.3730	0.0575)
(-167.1429	0.4477	0.0768)
(-165.0000	0.5223	0.0994)
(-162.8571	0.5969	0.1252)
(-160.7143	0.6715	0.1539)
(-158.5714	0.7461	0.1854)
(-156.4286	0.8207	0.2196)
(-154.2857	0.8953	0.2562)
(-152.1429	0.9699	0.2951)
(-150.0000	1.0445	0.3361)
(-145.7143	0.9491	0.4231)
(-141.4286	0.8688	0.5154)
(-137.1429	0.7963	0.6108)
(-132.8571	0.7274	0.7073)
(-128.5714	0.6592	0.8026)
(-124.2857	0.5901	0.8947)
(-120.0000	0.5192	0.9814)
(-115.7143	0.4463	1.0608)
(-111.4286	0.3717	1.1312)
(-107.1429	0.2957	1.1908)
(-102.8571	0.2194	1.2385)
(-98.5714	0.1439	1.2730)
(-94.2857	0.0702	1.2937)
(-90.0000	0.0000	1.3000)
(-85.7143	-0.0702	1.2937)
(-81.4286	-0.1439	1.2730)
(-77.1429	-0.2194	1.2385)
(-72.8571	-0.2957	1.1908)
(-68.5714	-0.3717	1.1312)
(-64.2857	-0.4463	1.0608)
(-60.0000	-0.5192	0.9814)
(-55.7143	-0.5901	0.8947)
(-51.4286	-0.6592	0.8026)
(-47.1429	-0.7274	0.7073)
(-42.8571	-0.7963	0.6108)
(-38.5714	-0.8688	0.5154)
(-34.2857	-0.9491	0.4231)
(-30.0000	-1.0445	0.3361)
(-28.2143	-0.9628	0.3125)
(-26.4286	-0.8810	0.2890)
(-24.6429	-0.7993	0.2654)
(-22.8571	-0.7176	0.2419)
(-21.0714	-0.6358	0.2183)
(-19.2857	-0.5541	0.1948)
(-17.5000	-0.4723	0.1712)
(-15.7143	-0.3906	0.1477)
(-13.9286	-0.3088	0.1241)
(-12.1429	-0.2271	0.1006)
(-10.3571	-0.1453	0.0770)
(-8.5714	-0.0636	0.0535)
(-5.0000	0.0999	0.0064)
(-4.7500	0.1291	0.0063)
(-4.5000	0.1582	0.0062)
(-4.2500	0.1874	0.0061)
(-4.0000	0.2167	0.0060)
(-3.7500	0.2458	0.0060)
(-3.5000	0.2750	0.0059)
(-3.2500	0.3042	0.0059)
(-3.0000	0.3335	0.0058)
(-2.7500	0.3627	0.0058)
(-2.5000	0.3920	0.0057)
(-2.2500	0.4216	0.0056)
(-2.0000	0.4516	0.0055)
(-1.7500	0.4816	0.0054)
(-1.5000	0.5121	0.0052)
(-1.2500	0.5432	0.0050)
(-1.0000	0.5742	0.0048)
(-0.7500	0.6044	0.0047)
(-0.5000	0.6341	0.0046)
(-0.2500	0.6635	0.0046)
(0.0000	0.6929	0.0046)
(0.5000	0.7511	0.0046)
(0.7500	0.7799	0.0047)
(1.0000	0.8084	0.0047)
(1.2500	0.8370	0.0048)
(1.5000	0.8654	0.0049)
(1.7500	0.8936	0.0050)
(2.0000	0.9218	0.0050)
(2.2500	0.9499	0.0051)
(2.5000	0.9776	0.0053)
(3.0000	1.0320	0.0056)
(3.2500	1.0588	0.0058)
(3.5000	1.0850	0.0060)
(3.7500	1.1108	0.0063)
(4.0000	1.1362	0.0066)
(4.2500	1.1595	0.0070)
(4.5000	1.1814	0.0076)
(4.7500	1.2053	0.0080)
(5.0000	1.2290	0.0084)
(5.2500	1.2509	0.0090)
(5.5000	1.2743	0.0094)
(5.7500	1.2984	0.0098)
(6.0000	1.3214	0.0102)
(6.2500	1.3430	0.0108)
(6.5000	1.3662	0.0112)
(6.7500	1.3903	0.0115)
(7.0000	1.4146	0.0117)
(7.2500	1.4390	0.0120)
(7.5000	1.4631	0.0123)
(7.7500	1.4872	0.0125)
(8.0000	1.5108	0.0128)
(8.2500	1.5340	0.0130)
(8.5000	1.5573	0.0133)
(8.7500	1.5796	0.0136)
(9.0000	1.6021	0.0139)
(9.2500	1.6238	0.0142)
(9.5000	1.6449	0.0145)
(9.7500	1.6642	0.0149)
(10.0000	1.6824	0.0152)
(10.2500	1.6931	0.0154)
(10.5000	1.7087	0.0159)
(10.7500	1.7230	0.0164)
(11.0000	1.7364	0.0170)
(11.2500	1.7493	0.0176)
(11.5000	1.7616	0.0183)
(11.7500	1.7743	0.0190)
(12.0000	1.7864	0.0198)
(12.2500	1.7985	0.0206)
(12.5000	1.8091	0.0215)
(12.7500	1.8210	0.0224)
(13.0000	1.8318	0.0234)
(13.2500	1.8414	0.0245)
(13.5000	1.8507	0.0256)
(13.7500	1.8608	0.0267)
(14.0000	1.8697	0.0280)
(14.2500	1.8776	0.0293)
(14.5000	1.8845	0.0308)
(14.7500	1.8895	0.0324)
(15.0000	1.8968	0.0340)
(15.2500	1.9032	0.0356)
(15.5000	1.9088	0.0373)
(15.7500	1.9138	0.0391)
(16.0000	1.9178	0.0411)
(16.2500	1.9209	0.0432)
(16.5000	1.9226	0.0454)
(16.7500	1.9231	0.0479)
(17.0000	1.9260	0.0502)
(17.2500	1.9282	0.0525)
(17.5000	1.9296	0.0551)
(17.7500	1.9300	0.0577)
(18.0000	1.9297	0.0605)
(18.2500	1.9287	0.0634)
(18.5000	1.9269	0.0664)
(18.7500	1.9241	0.0696)
(19.0000	1.9203	0.0730)
(19.2500	1.9156	0.0766)
(19.5000	1.9095	0.0803)
(19.7500	1.9018	0.0843)
(20.0000	1.8925	0.0887)
(20.2500	1.8870	0.0925)
(20.5000	1.8805	0.0965)
(20.7500	1.8733	0.1007)
(21.0000	1.8657	0.1050)
(21.2500	1.8577	0.1093)
(21.5000	1.8491	0.1138)
(21.7500	1.8401	0.1184)
(22.0000	1.8309	0.1231)
(22.2500	1.8216	0.1279)
(22.5000	1.8121	0.1328)
(22.7500	1.8020	0.1378)
(23.0000	1.7919	0.1428)
(23.2500	1.7815	0.1480)
(23.5000	1.7707	0.1534)
(23.7500	1.7593	0.1590)
(24.0000	1.7473	0.1646)
(24.2500	1.7346	0.1706)
(24.5000	1.7215	0.1767)
(24.7500	1.7073	0.1832)
(25.0000	1.6925	0.1899)
(25.2500	1.6764	0.1971)
(25.5000	1.6586	0.2048)
(25.7500	1.6394	0.2131)
(26.0000	1.6187	0.2220)
(26.2500	1.5954	0.2319)
(26.5000	1.5691	0.2431)
(26.7500	1.5416	0.2555)
(27.0000	1.5137	0.2691)
(27.2500	1.4952	0.2804)
(27.5000	1.4851	0.2892)
(27.7500	1.4802	0.2961)
(28.0000	1.4788	0.3017)
(28.2500	1.4793	0.3065)
(28.5000	1.4804	0.3110)
(28.7500	1.4814	0.3156)
(29.0000	1.4829	0.3200)
(29.2500	1.4850	0.3240)
(29.5000	1.4870	0.3283)
(29.7500	1.4897	0.3321)
(30.0000	1.4922	0.3361)
(34.2857	1.3558	0.4231)
(38.5714	1.2411	0.5154)
(42.8571	1.1376	0.6108)
(47.1429	1.0392	0.7073)
(51.4286	0.9417	0.8026)
(55.7143	0.8430	0.8947)
(60.0000	0.7418	0.9814)
(64.2857	0.6376	1.0608)
(68.5714	0.5309	1.1312)
(72.8571	0.4225	1.1908)
(77.1429	0.3135	1.2385)
(81.4286	0.2055	1.2730)
(85.7143	0.1003	1.2937)
(90.0000	0.0000	1.3000)
(94.2857	-0.0702	1.2937)
(98.5714	-0.1439	1.2730)
(102.8571	-0.2194	1.2385)
(107.1429	-0.2957	1.1908)
(111.4286	-0.3717	1.1312)
(115.7143	-0.4463	1.0608)
(120.0000	-0.5192	0.9814)
(124.2857	-0.5901	0.8947)
(128.5714	-0.6592	0.8026)
(132.8571	-0.7274	0.7073)
(137.1429	-0.7963	0.6108)
(141.4286	-0.8688	0.5154)
(145.7143	-0.9491	0.4231)
(150.0000	-1.0445	0.3361)
(152.1429	-0.9699	0.2951)
(154.2857	-0.8953	0.2562)
(156.4286	-0.8207	0.2196)
(158.5714	-0.7461	0.1854)
(160.7143	-0.6715	0.1539)
(162.8571	-0.5969	0.1252)
(165.0000	-0.5223	0.0994)
(167.1429	-0.4477	0.0768)
(169.2857	-0.3730	0.0575)
(171.4286	-0.2984	0.0415)
(173.5714	-0.2238	0.0290)
(175.7143	-0.1492	0.0200)
(177.8571	-0.0746	0.0146)
(180.0000	0.0000	0.0128)
