// Re = 0.07
(-180.000000	0.000000	0.050611)
(-178.482143	0.050655	0.051506)
(-176.964286	0.101310	0.054186)
(-175.446429	0.151965	0.058646)
(-173.928571	0.202620	0.064871)
(-172.410714	0.253275	0.072844)
(-170.892857	0.303930	0.082542)
(-169.375000	0.354585	0.093939)
(-167.857143	0.405240	0.107000)
(-166.339286	0.455895	0.121690)
(-164.821429	0.506550	0.137966)
(-163.303571	0.557205	0.155782)
(-161.785714	0.607860	0.175087)
(-160.267857	0.658515	0.195826)
(-158.750000	0.709170	0.217940)
(-153.839286	0.666431	0.298127)
(-148.928571	0.640570	0.389625)
(-144.017857	0.619478	0.489708)
(-139.107143	0.596665	0.595390)
(-134.196429	0.568454	0.703512)
(-129.285714	0.532815	0.810842)
(-124.375000	0.488812	0.914160)
(-119.464286	0.436304	1.010364)
(-114.553571	0.375776	1.096552)
(-109.642857	0.308215	1.170112)
(-104.732143	0.235015	1.228801)
(-99.821429	0.157901	1.270807)
(-94.910714	0.078846	1.294806)
(-90.000000	0.000000	1.300000)
(-85.089286	-0.078846	1.294806)
(-80.178571	-0.157901	1.270807)
(-75.267857	-0.235015	1.228801)
(-70.357143	-0.308215	1.170112)
(-65.446429	-0.375776	1.096552)
(-60.535714	-0.436304	1.010364)
(-55.625000	-0.488812	0.914160)
(-50.714286	-0.532815	0.810842)
(-45.803571	-0.568454	0.703512)
(-40.892857	-0.596665	0.595390)
(-35.982143	-0.619478	0.489708)
(-31.071429	-0.640570	0.389625)
(-26.160714	-0.666431	0.298127)
(-21.250000	-0.709170	0.217940)
(-20.089286	-0.686872	0.205043)
(-18.928571	-0.664574	0.192146)
(-17.767857	-0.642276	0.179249)
(-16.607143	-0.619979	0.166351)
(-15.446429	-0.597681	0.153454)
(-14.285714	-0.575383	0.140557)
(-13.125000	-0.553085	0.127660)
(-11.964286	-0.530787	0.114763)
(-10.803571	-0.508489	0.101866)
(-9.642857	-0.486191	0.088969)
(-8.482143	-0.463894	0.076071)
(-7.321429	-0.441596	0.063174)
(-5.000000	-0.397000	0.037380)
(-4.500000	-0.361000	0.039630)
(-4.250000	-0.337100	0.041420)
(-4.000000	-0.332500	0.042700)
(-3.750000	-0.309600	0.044460)
(-3.500000	-0.307300	0.045570)
(-3.250000	-0.290700	0.047430)
(-3.000000	-0.287900	0.048410)
(-2.750000	-0.278200	0.049740)
(-2.500000	-0.266100	0.050780)
(-2.250000	-0.260800	0.051500)
(-2.000000	-0.246600	0.052210)
(-1.750000	-0.232500	0.053200)
(-1.500000	-0.280900	0.054470)
(-1.250000	-0.255900	0.055330)
(-0.250000	-0.258000	0.057650)
(0.000000	-0.240500	0.058220)
(0.250000	-0.214300	0.059170)
(0.500000	-0.201600	0.059350)
(0.750000	-0.182300	0.060020)
(1.000000	-0.156200	0.060930)
(1.250000	-0.142600	0.061210)
(1.500000	-0.120100	0.062100)
(1.750000	-0.095400	0.062930)
(2.000000	-0.080300	0.063410)
(2.250000	-0.054500	0.064580)
(2.500000	-0.034700	0.065270)
(2.750000	-0.021800	0.065820)
(3.000000	0.005600	0.067200)
(3.250000	0.021700	0.067820)
(3.500000	0.035100	0.068520)
(3.750000	0.062100	0.070000)
(4.000000	0.077300	0.070700)
(4.250000	0.089000	0.071420)
(4.500000	0.109800	0.072700)
(4.750000	0.130300	0.073770)
(5.000000	0.140000	0.074450)
(5.250000	0.153300	0.075400)
(5.500000	0.182300	0.077070)
(5.750000	0.195500	0.077820)
(6.000000	0.217900	0.079120)
(6.250000	0.239300	0.080540)
(6.500000	0.263900	0.082540)
(6.750000	0.290400	0.084710)
(7.000000	0.321300	0.087150)
(7.250000	0.355200	0.089690)
(7.500000	0.375800	0.091690)
(7.750000	0.396200	0.093780)
(8.000000	0.416300	0.095930)
(8.250000	0.435800	0.098120)
(8.500000	0.454700	0.100340)
(9.000000	0.491000	0.104830)
(9.250000	0.508400	0.107090)
(9.500000	0.525400	0.109350)
(9.750000	0.542300	0.111620)
(10.000000	0.559500	0.113920)
(10.250000	0.577500	0.116240)
(10.500000	0.593100	0.118570)
(10.750000	0.599100	0.120620)
(11.000000	0.608800	0.122660)
(11.250000	0.625900	0.124760)
(11.500000	0.649300	0.127040)
(11.750000	0.651600	0.129070)
(12.000000	0.736300	0.121790)
(12.250000	0.747100	0.123450)
(12.500000	0.764900	0.124620)
(12.750000	0.785400	0.125600)
(13.000000	0.796600	0.127330)
(13.250000	0.815000	0.128450)
(13.500000	0.828700	0.129990)
(13.750000	0.841100	0.131610)
(14.000000	0.866400	0.131800)
(14.250000	0.864300	0.135020)
(14.500000	0.888100	0.135180)
(14.750000	0.887700	0.138380)
(15.000000	0.901000	0.139800)
(15.250000	0.927600	0.139230)
(15.500000	0.915600	0.144360)
(15.750000	0.929300	0.145700)
(16.000000	0.955100	0.144920)
(16.250000	0.939700	0.151050)
(16.500000	0.946500	0.153500)
(16.750000	0.968000	0.153280)
(17.000000	0.964000	0.157730)
(17.250000	0.961100	0.162020)
(17.500000	0.965900	0.164950)
(17.750000	0.990600	0.163790)
(18.000000	0.981600	0.169590)
(18.250000	0.978600	0.174210)
(18.500000	0.978200	0.178330)
(18.750000	0.980000	0.182030)
(19.000000	0.995400	0.182590)
(19.250000	0.992400	0.187400)
(19.500000	1.003700	0.188640)
(19.750000	1.002000	0.193040)
(20.000000	1.012800	0.194160)
(20.250000	1.008900	0.199320)
(20.500000	1.010200	0.203390)
(20.750000	1.018500	0.205600)
(21.000000	1.012500	0.212300)
(21.250000	1.013100	0.217940)
(26.160714	0.952045	0.298127)
(31.071429	0.915100	0.389625)
(35.982143	0.884969	0.489708)
(40.892857	0.852378	0.595390)
(45.803571	0.812077	0.703512)
(50.714286	0.761165	0.810842)
(55.625000	0.698303	0.914160)
(60.535714	0.623291	1.010364)
(65.446429	0.536823	1.096552)
(70.357143	0.440307	1.170112)
(75.267857	0.335736	1.228801)
(80.178571	0.225573	1.270807)
(85.089286	0.112637	1.294806)
(90.000000	0.000000	1.300000)
(94.910714	-0.078846	1.294806)
(99.821429	-0.157901	1.270807)
(104.732143	-0.235015	1.228801)
(109.642857	-0.308215	1.170112)
(114.553571	-0.375776	1.096552)
(119.464286	-0.436304	1.010364)
(124.375000	-0.488812	0.914160)
(129.285714	-0.532815	0.810842)
(134.196429	-0.568454	0.703512)
(139.107143	-0.596665	0.595390)
(144.017857	-0.619478	0.489708)
(148.928571	-0.640570	0.389625)
(153.839286	-0.666431	0.298127)
(158.750000	-0.709170	0.217940)
(160.267857	-0.658515	0.195826)
(161.785714	-0.607860	0.175087)
(163.303571	-0.557205	0.155782)
(164.821429	-0.506550	0.137966)
(166.339286	-0.455895	0.121690)
(167.857143	-0.405240	0.107000)
(169.375000	-0.354585	0.093939)
(170.892857	-0.303930	0.082542)
(172.410714	-0.253275	0.072844)
(173.928571	-0.202620	0.064871)
(175.446429	-0.151965	0.058646)
(176.964286	-0.101310	0.054186)
(178.482143	-0.050655	0.051506)
(180.000000	0.000000	0.050611)
