// Re = 0.07
(-180.000000	0.000000	0.018923)
(-177.982143	0.062485	0.020523)
(-175.964286	0.124970	0.025315)
(-173.946429	0.187455	0.033275)
(-171.928571	0.249940	0.044364)
(-169.910714	0.312425	0.058526)
(-167.892857	0.374910	0.075690)
(-165.875000	0.437395	0.095772)
(-163.857143	0.499880	0.118670)
(-161.839286	0.562365	0.144271)
(-159.821429	0.624850	0.172447)
(-157.803571	0.687335	0.203057)
(-155.785714	0.749820	0.235948)
(-153.767857	0.812305	0.270958)
(-151.750000	0.874790	0.307910)
(-147.339286	0.810287	0.394538)
(-142.928571	0.756796	0.487492)
(-138.517857	0.707599	0.584559)
(-134.107143	0.658631	0.683425)
(-129.696429	0.607435	0.781734)
(-125.285714	0.552611	0.877141)
(-120.875000	0.493515	0.967368)
(-116.464286	0.430070	1.050259)
(-112.053571	0.362643	1.123831)
(-107.642857	0.291959	1.186318)
(-103.232143	0.219029	1.236219)
(-98.821429	0.145094	1.272329)
(-94.410714	0.071569	1.293766)
(-90.000000	0.000000	1.300000)
(-85.589286	-0.071569	1.293766)
(-81.178571	-0.145094	1.272329)
(-76.767857	-0.219029	1.236219)
(-72.357143	-0.291959	1.186318)
(-67.946429	-0.362643	1.123831)
(-63.535714	-0.430070	1.050259)
(-59.125000	-0.493515	0.967368)
(-54.714286	-0.552611	0.877141)
(-50.303571	-0.607435	0.781734)
(-45.892857	-0.658631	0.683425)
(-41.482143	-0.707599	0.584559)
(-37.071429	-0.756796	0.487492)
(-32.660714	-0.810287	0.394538)
(-28.250000	-0.874790	0.307910)
(-26.589286	-0.840069	0.291338)
(-24.928571	-0.805349	0.274766)
(-23.267857	-0.770628	0.258194)
(-21.607143	-0.735907	0.241621)
(-19.946429	-0.701186	0.225049)
(-18.285714	-0.666466	0.208477)
(-16.625000	-0.631745	0.191905)
(-14.964286	-0.597024	0.175333)
(-13.303571	-0.562304	0.158761)
(-11.642857	-0.527583	0.142189)
(-9.982143	-0.492862	0.125616)
(-8.321429	-0.458141	0.109044)
(-5.000000	-0.388700	0.075900)
(-4.750000	-0.410600	0.076010)
(-4.250000	-0.429700	0.076830)
(-3.500000	-0.560000	0.074260)
(-3.250000	-0.537200	0.075880)
(-3.000000	-0.527600	0.076330)
(-2.750000	-0.515200	0.076980)
(-2.500000	-0.491600	0.077320)
(-2.250000	-0.482800	0.077490)
(-2.000000	-0.472400	0.077790)
(-1.750000	-0.450100	0.078780)
(-1.500000	-0.439600	0.078640)
(-1.250000	-0.428700	0.078540)
(-1.000000	-0.404100	0.079290)
(-0.500000	-0.383900	0.079160)
(-0.250000	-0.357300	0.079860)
(0.000000	-0.346800	0.079400)
(0.250000	-0.328600	0.079340)
(0.500000	-0.304700	0.080140)
(0.750000	-0.292600	0.079960)
(1.000000	-0.269700	0.080260)
(1.250000	-0.248200	0.080980)
(1.500000	-0.230900	0.081080)
(1.750000	-0.211000	0.081810)
(2.000000	-0.186000	0.082460)
(2.250000	-0.170800	0.082860)
(2.500000	-0.144600	0.083950)
(2.750000	-0.121800	0.084630)
(3.000000	-0.108400	0.085200)
(3.250000	-0.075400	0.086710)
(3.500000	-0.061700	0.087280)
(3.750000	-0.041100	0.088250)
(4.000000	-0.017200	0.089650)
(4.250000	0.004700	0.090670)
(4.500000	0.016300	0.091490)
(4.750000	0.042700	0.093100)
(5.000000	0.063600	0.094310)
(5.250000	0.078500	0.095410)
(5.500000	0.097500	0.096830)
(5.750000	0.124100	0.098510)
(6.000000	0.140600	0.099820)
(6.250000	0.152500	0.101020)
(6.750000	0.196600	0.104360)
(7.000000	0.207800	0.105620)
(7.250000	0.226500	0.107400)
(7.500000	0.254200	0.109460)
(7.750000	0.262900	0.110620)
(8.000000	0.276600	0.112240)
(8.250000	0.295100	0.114160)
(8.500000	0.319500	0.116150)
(8.750000	0.328400	0.117470)
(9.000000	0.340200	0.119110)
(9.250000	0.355900	0.120990)
(9.500000	0.380800	0.123130)
(9.750000	0.389700	0.124580)
(10.000000	0.399800	0.126210)
(10.250000	0.412200	0.127990)
(10.500000	0.435100	0.130180)
(10.750000	0.444600	0.131570)
(11.000000	0.452600	0.133090)
(11.250000	0.460500	0.134560)
(11.500000	0.471900	0.136060)
(11.750000	0.494900	0.137640)
(12.000000	0.512500	0.139260)
(12.250000	0.533100	0.141910)
(12.500000	0.553900	0.144630)
(12.750000	0.574900	0.147400)
(13.000000	0.596000	0.150180)
(13.250000	0.616900	0.152990)
(13.500000	0.637600	0.155800)
(13.750000	0.657800	0.158600)
(14.250000	0.696600	0.164200)
(14.500000	0.715100	0.166970)
(14.750000	0.732600	0.169720)
(15.000000	0.749000	0.172440)
(15.250000	0.764200	0.175120)
(15.500000	0.778300	0.177790)
(15.750000	0.791400	0.180440)
(16.000000	0.803900	0.183080)
(16.250000	0.816200	0.185760)
(16.500000	0.829100	0.188450)
(16.750000	0.843500	0.191150)
(17.000000	0.860000	0.193900)
(17.250000	0.876600	0.196580)
(17.500000	0.884800	0.198900)
(17.750000	0.893100	0.201360)
(18.250000	0.912200	0.206420)
(18.500000	0.922800	0.208990)
(18.750000	0.934300	0.211560)
(19.000000	0.947000	0.214170)
(19.250000	0.960800	0.216860)
(19.500000	0.974700	0.219500)
(19.750000	0.982100	0.221790)
(20.000000	0.988600	0.224260)
(20.250000	0.995800	0.226780)
(20.500000	1.004000	0.229400)
(20.750000	1.013500	0.232030)
(21.000000	1.025300	0.234680)
(21.250000	1.039000	0.237450)
(21.500000	1.049100	0.239950)
(21.750000	1.054600	0.242270)
(22.000000	1.061400	0.244720)
(22.250000	1.069300	0.247240)
(22.500000	1.078000	0.249710)
(22.750000	1.087800	0.252180)
(23.000000	1.099800	0.254730)
(23.250000	1.110600	0.257410)
(23.500000	1.115000	0.259720)
(23.750000	1.120900	0.262230)
(24.000000	1.128200	0.264740)
(24.250000	1.136300	0.267440)
(24.500000	1.145600	0.270120)
(24.750000	1.157200	0.272830)
(25.000000	1.161700	0.275220)
(25.250000	1.165500	0.277950)
(25.500000	1.174800	0.280620)
(25.750000	1.184100	0.283120)
(26.000000	1.187100	0.285730)
(26.250000	1.199400	0.288450)
(26.500000	1.202200	0.290680)
(26.750000	1.210100	0.293290)
(27.000000	1.217300	0.295610)
(27.250000	1.222900	0.298120)
(27.500000	1.231800	0.300430)
(27.750000	1.236300	0.302870)
(28.000000	1.245400	0.305160)
(28.250000	1.249700	0.307910)
(32.660714	1.157553	0.394538)
(37.071429	1.081137	0.487492)
(41.482143	1.010855	0.584559)
(45.892857	0.940901	0.683425)
(50.303571	0.867764	0.781734)
(54.714286	0.789444	0.877141)
(59.125000	0.705022	0.967368)
(63.535714	0.614385	1.050259)
(67.946429	0.518061	1.123831)
(72.357143	0.417084	1.186318)
(76.767857	0.312899	1.236219)
(81.178571	0.207277	1.272329)
(85.589286	0.102242	1.293766)
(90.000000	0.000000	1.300000)
(94.410714	-0.071569	1.293766)
(98.821429	-0.145094	1.272329)
(103.232143	-0.219029	1.236219)
(107.642857	-0.291959	1.186318)
(112.053571	-0.362643	1.123831)
(116.464286	-0.430070	1.050259)
(120.875000	-0.493515	0.967368)
(125.285714	-0.552611	0.877141)
(129.696429	-0.607435	0.781734)
(134.107143	-0.658631	0.683425)
(138.517857	-0.707599	0.584559)
(142.928571	-0.756796	0.487492)
(147.339286	-0.810287	0.394538)
(151.750000	-0.874790	0.307910)
(153.767857	-0.812305	0.270958)
(155.785714	-0.749820	0.235948)
(157.803571	-0.687335	0.203057)
(159.821429	-0.624850	0.172447)
(161.839286	-0.562365	0.144271)
(163.857143	-0.499880	0.118670)
(165.875000	-0.437395	0.095772)
(167.892857	-0.374910	0.075690)
(169.910714	-0.312425	0.058526)
(171.928571	-0.249940	0.044364)
(173.946429	-0.187455	0.033275)
(175.964286	-0.124970	0.025315)
(177.982143	-0.062485	0.020523)
(180.000000	0.000000	0.018923)
