// Re = 0.12
(-180.000000	0.000000	0.001000)
(-178.035714	0.073200	0.001000)
(-176.071429	0.146400	0.001000)
(-174.107143	0.219600	0.001000)
(-172.142857	0.292800	0.001000)
(-170.178571	0.366000	0.001000)
(-168.214286	0.439200	0.001000)
(-166.250000	0.512400	0.020425)
(-164.285714	0.585600	0.042818)
(-162.321429	0.658800	0.067881)
(-160.357143	0.732000	0.095495)
(-158.392857	0.805200	0.125534)
(-156.428571	0.878400	0.157859)
(-154.464286	0.951600	0.192321)
(-152.500000	1.024800	0.228760)
(-148.035714	0.929004	0.318024)
(-143.571429	0.851996	0.414492)
(-139.107143	0.784384	0.515870)
(-134.642857	0.720547	0.619749)
(-130.178571	0.657063	0.723664)
(-125.714286	0.591917	0.825154)
(-121.250000	0.524062	0.921821)
(-116.785714	0.453156	1.011385)
(-112.321429	0.379397	1.091745)
(-107.857143	0.303410	1.161022)
(-103.392857	0.226154	1.217611)
(-98.928571	0.148855	1.260214)
(-94.464286	0.072943	1.287875)
(-90.000000	0.000000	1.300000)
(-85.535714	-0.072943	1.287875)
(-81.071429	-0.148855	1.260214)
(-76.607143	-0.226154	1.217611)
(-72.142857	-0.303410	1.161022)
(-67.678571	-0.379397	1.091745)
(-63.214286	-0.453156	1.011385)
(-58.750000	-0.524062	0.921821)
(-54.285714	-0.591917	0.825154)
(-49.821429	-0.657063	0.723664)
(-45.357143	-0.720547	0.619749)
(-40.892857	-0.784384	0.515870)
(-36.428571	-0.851996	0.414492)
(-31.964286	-0.929004	0.318024)
(-27.500000	-1.024800	0.228760)
(-25.839286	-0.952257	0.215087)
(-24.178571	-0.879714	0.201414)
(-22.517857	-0.807171	0.187741)
(-20.857143	-0.734629	0.174069)
(-19.196429	-0.662086	0.160396)
(-17.535714	-0.589543	0.146723)
(-15.875000	-0.517000	0.133050)
(-14.214286	-0.444457	0.119377)
(-12.553571	-0.371914	0.105704)
(-10.892857	-0.299371	0.092031)
(-9.232143	-0.226829	0.078359)
(-7.571429	-0.154286	0.064686)
(-4.250000	-0.009200	0.037340)
(-4.000000	-0.004400	0.037550)
(-3.750000	0.038400	0.038560)
(-3.500000	0.037800	0.038730)
(-3.250000	0.063600	0.038470)
(-3.000000	0.069300	0.038470)
(-2.500000	0.104300	0.039200)
(-2.000000	0.086800	0.040870)
(-1.750000	0.125400	0.040110)
(-1.500000	0.165200	0.039840)
(-1.250000	0.153300	0.040630)
(-0.250000	0.102200	0.047490)
(0.000000	0.148500	0.046560)
(0.250000	0.136200	0.049020)
(0.750000	0.170900	0.050730)
(1.250000	0.190000	0.053680)
(1.500000	0.199600	0.055160)
(1.750000	0.240900	0.054710)
(2.500000	0.264100	0.059910)
(3.000000	0.297300	0.062440)
(3.500000	0.188900	0.078100)
(3.750000	0.215800	0.079650)
(4.000000	0.235500	0.081320)
(4.250000	0.249000	0.083840)
(4.500000	0.238500	0.086160)
(4.750000	0.270700	0.087400)
(5.000000	0.359800	0.079780)
(5.500000	0.396800	0.082630)
(5.750000	0.408000	0.084790)
(6.000000	0.445800	0.084540)
(6.250000	0.356400	0.097630)
(6.500000	0.406200	0.096820)
(6.750000	0.410000	0.100040)
(7.000000	0.427100	0.101410)
(7.250000	0.435400	0.103200)
(7.500000	0.548100	0.093660)
(7.750000	0.547100	0.096490)
(8.000000	0.554700	0.098980)
(8.250000	0.563200	0.100990)
(8.500000	0.603000	0.100400)
(8.750000	0.612700	0.102730)
(9.000000	0.617500	0.105080)
(9.250000	0.626500	0.107350)
(9.750000	0.651000	0.111050)
(10.000000	0.681800	0.111040)
(10.250000	0.690200	0.113400)
(10.500000	0.698800	0.115680)
(11.000000	0.716300	0.119900)
(11.250000	0.751700	0.118930)
(11.500000	0.740500	0.123570)
(11.750000	0.770900	0.122810)
(12.000000	0.780200	0.124730)
(12.250000	0.789300	0.126580)
(12.500000	0.798000	0.128370)
(13.500000	0.826900	0.135420)
(13.750000	0.855100	0.133390)
(14.250000	0.834300	0.140130)
(14.500000	0.861700	0.137440)
(14.750000	0.839500	0.143150)
(15.000000	0.885700	0.141690)
(15.250000	0.861600	0.147290)
(16.000000	1.150600	0.126800)
(16.250000	1.196300	0.123150)
(16.500000	1.245200	0.118860)
(16.750000	1.302500	0.113410)
(17.000000	1.375500	0.105890)
(17.500000	1.458900	0.100390)
(17.750000	1.503500	0.097320)
(18.000000	1.512700	0.099110)
(18.250000	1.528500	0.099960)
(18.500000	1.539200	0.101530)
(18.750000	1.542600	0.104100)
(19.000000	1.551200	0.105920)
(19.250000	1.547300	0.109550)
(19.500000	1.557600	0.111080)
(19.750000	1.549100	0.115410)
(20.000000	1.548400	0.118620)
(20.250000	1.554600	0.120790)
(20.500000	1.552400	0.124240)
(20.750000	1.550600	0.127640)
(21.000000	1.550600	0.130780)
(21.250000	1.551800	0.133720)
(21.500000	1.554400	0.136440)
(21.750000	1.558900	0.138790)
(22.000000	1.556200	0.142340)
(22.250000	1.552700	0.146020)
(22.500000	1.550400	0.149520)
(22.750000	1.549800	0.152700)
(23.000000	1.552300	0.155340)
(23.250000	1.544600	0.159790)
(23.500000	1.540800	0.163550)
(23.750000	1.543400	0.166150)
(24.000000	1.535500	0.170670)
(24.250000	1.534200	0.173990)
(24.500000	1.539600	0.176040)
(24.750000	1.536700	0.179630)
(25.000000	1.537600	0.182580)
(25.250000	1.540800	0.185010)
(25.500000	1.546600	0.186940)
(25.750000	1.556800	0.187990)
(26.000000	1.547000	0.192880)
(26.250000	1.551100	0.195120)
(26.500000	1.554100	0.197510)
(26.750000	1.545300	0.202300)
(27.000000	1.531900	0.207970)
(27.250000	1.537700	0.209880)
(27.500000	1.464000	0.228760)
(31.964286	1.327149	0.318024)
(36.428571	1.217137	0.414492)
(40.892857	1.120549	0.515870)
(45.357143	1.029353	0.619749)
(49.821429	0.938662	0.723664)
(54.285714	0.845596	0.825154)
(58.750000	0.748660	0.921821)
(63.214286	0.647365	1.011385)
(67.678571	0.541996	1.091745)
(72.142857	0.433443	1.161022)
(76.607143	0.323077	1.217611)
(81.071429	0.212650	1.260214)
(85.535714	0.104204	1.287875)
(90.000000	0.000000	1.300000)
(94.464286	-0.072943	1.287875)
(98.928571	-0.148855	1.260214)
(103.392857	-0.226154	1.217611)
(107.857143	-0.303410	1.161022)
(112.321429	-0.379397	1.091745)
(116.785714	-0.453156	1.011385)
(121.250000	-0.524062	0.921821)
(125.714286	-0.591917	0.825154)
(130.178571	-0.657063	0.723664)
(134.642857	-0.720547	0.619749)
(139.107143	-0.784384	0.515870)
(143.571429	-0.851996	0.414492)
(148.035714	-0.929004	0.318024)
(152.500000	-1.024800	0.228760)
(154.464286	-0.951600	0.192321)
(156.428571	-0.878400	0.157859)
(158.392857	-0.805200	0.125534)
(160.357143	-0.732000	0.095495)
(162.321429	-0.658800	0.067881)
(164.285714	-0.585600	0.042818)
(166.250000	-0.512400	0.020425)
(168.214286	-0.439200	0.001000)
(170.178571	-0.366000	0.001000)
(172.142857	-0.292800	0.001000)
(174.107143	-0.219600	0.001000)
(176.071429	-0.146400	0.001000)
(178.035714	-0.073200	0.001000)
(180.000000	0.000000	0.001000)
