// Re = 0.3
(-180.000000	0.000000	0.001000)
(-178.321429	0.066315	0.001000)
(-176.642857	0.132630	0.001000)
(-174.964286	0.198945	0.001000)
(-173.285714	0.265260	0.001000)
(-171.607143	0.331575	0.004458)
(-169.928571	0.397890	0.016629)
(-168.250000	0.464205	0.030914)
(-166.571429	0.530520	0.047265)
(-164.892857	0.596835	0.065625)
(-163.214286	0.663150	0.085933)
(-161.535714	0.729465	0.108120)
(-159.857143	0.795780	0.132108)
(-158.178571	0.862095	0.157818)
(-156.500000	0.928410	0.185160)
(-151.750000	0.842417	0.270549)
(-147.000000	0.780388	0.365921)
(-142.250000	0.728909	0.468680)
(-137.500000	0.680501	0.576031)
(-132.750000	0.630808	0.685054)
(-128.000000	0.577329	0.792788)
(-123.250000	0.518785	0.896308)
(-118.500000	0.454763	0.992807)
(-113.750000	0.385509	1.079673)
(-109.000000	0.311786	1.154560)
(-104.250000	0.234763	1.215449)
(-99.500000	0.155934	1.260710)
(-94.750000	0.077040	1.289141)
(-90.000000	0.000000	1.300000)
(-85.250000	-0.077040	1.289141)
(-80.500000	-0.155934	1.260710)
(-75.750000	-0.234763	1.215449)
(-71.000000	-0.311786	1.154560)
(-66.250000	-0.385509	1.079673)
(-61.500000	-0.454763	0.992807)
(-56.750000	-0.518785	0.896308)
(-52.000000	-0.577329	0.792788)
(-47.250000	-0.630808	0.685054)
(-42.500000	-0.680501	0.576031)
(-37.750000	-0.728909	0.468680)
(-33.000000	-0.780388	0.365921)
(-28.250000	-0.842417	0.270549)
(-23.500000	-0.928410	0.185160)
(-22.178571	-0.879581	0.172752)
(-20.857143	-0.830751	0.160344)
(-19.535714	-0.781922	0.147936)
(-18.214286	-0.733093	0.135529)
(-16.892857	-0.684264	0.123121)
(-15.571429	-0.635434	0.110713)
(-14.250000	-0.586605	0.098305)
(-12.928571	-0.537776	0.085897)
(-11.607143	-0.488946	0.073489)
(-10.285714	-0.440117	0.061081)
(-8.964286	-0.391288	0.048674)
(-7.642857	-0.342459	0.036266)
(-5.000000	-0.244800	0.011450)
(-4.750000	-0.216300	0.011470)
(-4.500000	-0.187700	0.011500)
(-4.250000	-0.158800	0.011530)
(-4.000000	-0.130200	0.011570)
(-3.750000	-0.101600	0.011620)
(-3.500000	-0.072700	0.011670)
(-3.250000	-0.044000	0.011720)
(-3.000000	-0.015200	0.011750)
(-2.750000	0.013700	0.011770)
(-2.500000	0.042700	0.011780)
(-2.250000	0.071700	0.011790)
(-2.000000	0.100600	0.011800)
(-1.750000	0.129700	0.011810)
(-1.500000	0.158600	0.011810)
(-1.250000	0.187700	0.011830)
(-1.000000	0.216700	0.011840)
(-0.750000	0.245700	0.011860)
(-0.500000	0.274800	0.011880)
(-0.250000	0.303700	0.011900)
(0.000000	0.332700	0.011930)
(0.250000	0.361900	0.011970)
(0.500000	0.390500	0.012000)
(0.750000	0.419600	0.012050)
(1.000000	0.448400	0.012100)
(1.250000	0.477100	0.012150)
(1.500000	0.506200	0.012210)
(1.750000	0.534600	0.012270)
(2.000000	0.563300	0.012330)
(2.250000	0.592600	0.012400)
(2.500000	0.620400	0.012470)
(2.750000	0.648900	0.012540)
(3.000000	0.678000	0.012620)
(3.250000	0.705500	0.012690)
(3.500000	0.733800	0.012780)
(3.750000	0.762700	0.012860)
(4.000000	0.790000	0.012940)
(4.250000	0.817700	0.013030)
(4.500000	0.845900	0.013110)
(4.750000	0.873700	0.013170)
(5.000000	0.900400	0.013230)
(5.250000	0.927000	0.013290)
(5.500000	0.953700	0.013360)
(5.750000	0.980100	0.013420)
(6.000000	1.006200	0.013460)
(6.500000	1.055100	0.013550)
(6.750000	1.079700	0.013630)
(7.000000	1.103500	0.013740)
(7.250000	1.127100	0.013860)
(7.500000	1.149600	0.013990)
(7.750000	1.171100	0.014160)
(8.000000	1.191300	0.014370)
(8.250000	1.210000	0.014640)
(8.500000	1.225800	0.014980)
(8.750000	1.237900	0.015430)
(9.000000	1.244100	0.016030)
(9.250000	1.243800	0.016800)
(9.500000	1.240900	0.017750)
(9.750000	1.236400	0.018850)
(10.000000	1.236000	0.020210)
(10.250000	1.238100	0.022120)
(10.500000	1.239000	0.024140)
(10.750000	1.239100	0.026270)
(11.000000	1.239000	0.028470)
(11.250000	1.239000	0.030740)
(11.500000	1.239400	0.033040)
(11.750000	1.240700	0.035320)
(12.000000	1.241200	0.037730)
(12.250000	1.243500	0.040040)
(12.500000	1.245600	0.042420)
(12.750000	1.247800	0.044880)
(13.000000	1.249900	0.047400)
(13.250000	1.253200	0.049860)
(13.500000	1.257100	0.052310)
(13.750000	1.260500	0.054850)
(14.000000	1.263700	0.057440)
(14.250000	1.268800	0.059880)
(14.500000	1.273000	0.062420)
(14.750000	1.278400	0.064870)
(15.000000	1.283700	0.067330)
(15.250000	1.289700	0.069740)
(15.500000	1.295800	0.072130)
(15.750000	1.302300	0.074520)
(16.000000	1.309500	0.076780)
(16.250000	1.315800	0.079260)
(16.500000	1.325500	0.081130)
(16.750000	1.330200	0.083910)
(17.000000	1.338800	0.086010)
(17.250000	1.345800	0.088390)
(17.500000	1.351900	0.090940)
(17.750000	1.363900	0.092450)
(18.000000	1.366300	0.095650)
(18.250000	1.372500	0.098180)
(18.500000	1.386500	0.099360)
(18.750000	1.385300	0.103140)
(19.000000	1.389700	0.105970)
(19.250000	1.400800	0.107630)
(19.500000	1.403300	0.110750)
(19.750000	1.402200	0.114520)
(20.000000	1.407200	0.117230)
(20.250000	1.422900	0.117990)
(20.500000	1.414500	0.123040)
(20.750000	1.408800	0.127640)
(21.000000	1.408500	0.131280)
(21.250000	1.416500	0.133360)
(21.500000	1.421700	0.135930)
(21.750000	1.405800	0.142510)
(22.000000	1.391700	0.148880)
(22.250000	1.378700	0.155110)
(22.500000	1.366700	0.161250)
(22.750000	1.356900	0.167100)
(23.000000	1.387300	0.164270)
(23.250000	1.359500	0.173900)
(23.500000	1.326300	0.185160)
(28.250000	1.203454	0.270549)
(33.000000	1.114840	0.365921)
(37.750000	1.041298	0.468680)
(42.500000	0.972144	0.576031)
(47.250000	0.901154	0.685054)
(52.000000	0.824756	0.792788)
(56.750000	0.741121	0.896308)
(61.500000	0.649661	0.992807)
(66.250000	0.550727	1.079673)
(71.000000	0.445408	1.154560)
(75.750000	0.335375	1.215449)
(80.500000	0.222762	1.260710)
(85.250000	0.110057	1.289141)
(90.000000	0.000000	1.300000)
(94.750000	-0.077040	1.289141)
(99.500000	-0.155934	1.260710)
(104.250000	-0.234763	1.215449)
(109.000000	-0.311786	1.154560)
(113.750000	-0.385509	1.079673)
(118.500000	-0.454763	0.992807)
(123.250000	-0.518785	0.896308)
(128.000000	-0.577329	0.792788)
(132.750000	-0.630808	0.685054)
(137.500000	-0.680501	0.576031)
(142.250000	-0.728909	0.468680)
(147.000000	-0.780388	0.365921)
(151.750000	-0.842417	0.270549)
(156.500000	-0.928410	0.185160)
(158.178571	-0.862095	0.157818)
(159.857143	-0.795780	0.132108)
(161.535714	-0.729465	0.108120)
(163.214286	-0.663150	0.085933)
(164.892857	-0.596835	0.065625)
(166.571429	-0.530520	0.047265)
(168.250000	-0.464205	0.030914)
(169.928571	-0.397890	0.016629)
(171.607143	-0.331575	0.004458)
(173.285714	-0.265260	0.001000)
(174.964286	-0.198945	0.001000)
(176.642857	-0.132630	0.001000)
(178.321429	-0.066315	0.001000)
(180.000000	0.000000	0.001000)
