// Re = 0.11
(-180.000000	0.000000	0.001000)
(-178.339286	0.066110	0.001000)
(-176.678571	0.132220	0.001000)
(-175.017857	0.198330	0.001000)
(-173.357143	0.264440	0.001000)
(-171.696429	0.330550	0.001000)
(-170.035714	0.396660	0.007708)
(-168.375000	0.462770	0.021743)
(-166.714286	0.528880	0.037810)
(-165.053571	0.594990	0.055856)
(-163.392857	0.661100	0.075821)
(-161.732143	0.727210	0.097638)
(-160.071429	0.793320	0.121235)
(-158.410714	0.859430	0.146534)
(-156.750000	0.925540	0.173450)
(-151.982143	0.839349	0.258882)
(-147.214286	0.777718	0.354542)
(-142.446429	0.726855	0.457816)
(-137.678571	0.679108	0.565880)
(-132.910714	0.630035	0.675784)
(-128.142857	0.577087	0.784528)
(-123.375000	0.518961	0.889149)
(-118.607143	0.455233	0.986799)
(-113.839286	0.386148	1.074828)
(-109.071429	0.312475	1.150852)
(-104.303571	0.235395	1.212820)
(-99.535714	0.156419	1.259072)
(-94.767857	0.077307	1.288384)
(-90.000000	0.000000	1.300000)
(-85.232143	-0.077307	1.288384)
(-80.464286	-0.156419	1.259072)
(-75.696429	-0.235395	1.212820)
(-70.928571	-0.312475	1.150852)
(-66.160714	-0.386148	1.074828)
(-61.392857	-0.455233	0.986799)
(-56.625000	-0.518961	0.889149)
(-51.857143	-0.577087	0.784528)
(-47.089286	-0.630035	0.675784)
(-42.321429	-0.679108	0.565880)
(-37.553571	-0.726855	0.457816)
(-32.785714	-0.777718	0.354542)
(-28.017857	-0.839349	0.258882)
(-23.250000	-0.925540	0.173450)
(-21.946429	-0.869680	0.162855)
(-20.642857	-0.813820	0.152260)
(-19.339286	-0.757960	0.141665)
(-18.035714	-0.702100	0.131070)
(-16.732143	-0.646240	0.120475)
(-15.428571	-0.590380	0.109880)
(-14.125000	-0.534520	0.099285)
(-12.821429	-0.478660	0.088690)
(-11.517857	-0.422800	0.078095)
(-10.214286	-0.366940	0.067500)
(-8.910714	-0.311080	0.056905)
(-7.607143	-0.255220	0.046310)
(-5.000000	-0.143500	0.025120)
(-4.750000	-0.125400	0.025830)
(-4.500000	-0.089100	0.026180)
(-4.250000	-0.075200	0.027020)
(-4.000000	-0.038900	0.027350)
(-3.750000	-0.027700	0.028230)
(-3.500000	0.007400	0.028700)
(-3.250000	0.015600	0.029680)
(-2.750000	0.058300	0.030730)
(-2.500000	0.065400	0.031530)
(-2.250000	0.099000	0.031680)
(-2.000000	0.104000	0.032450)
(-1.750000	0.142700	0.032150)
(-1.500000	0.147800	0.032870)
(-1.000000	0.187000	0.033450)
(-0.500000	0.217300	0.034320)
(0.000000	0.273000	0.034350)
(0.500000	0.272000	0.037020)
(0.750000	0.314700	0.036380)
(1.250000	0.353200	0.037420)
(1.750000	0.359000	0.040870)
(2.000000	0.397400	0.040400)
(2.500000	0.403500	0.044020)
(2.750000	0.438000	0.043810)
(3.250000	0.451200	0.047160)
(3.500000	0.476600	0.047480)
(4.000000	0.513800	0.049140)
(4.250000	0.515200	0.051220)
(4.500000	0.551800	0.050720)
(4.750000	0.551500	0.052890)
(5.250000	0.563800	0.056210)
(5.500000	0.590000	0.056350)
(6.000000	0.624700	0.057780)
(6.250000	0.629800	0.059300)
(6.500000	0.632100	0.060940)
(7.000000	0.663300	0.061360)
(7.250000	0.671000	0.062710)
(10.500000	0.964300	0.075680)
(13.250000	1.429400	0.046780)
(13.500000	1.436500	0.047720)
(13.750000	1.439900	0.049070)
(14.000000	1.445700	0.050220)
(14.250000	1.439900	0.052660)
(14.500000	1.438400	0.054720)
(14.750000	1.430400	0.057630)
(15.000000	1.422500	0.060670)
(15.250000	1.416000	0.063650)
(15.500000	1.406500	0.067150)
(15.750000	1.399700	0.070400)
(16.000000	1.392400	0.073860)
(16.250000	1.386200	0.077280)
(16.500000	1.381000	0.080620)
(16.750000	1.376300	0.083960)
(17.000000	1.372000	0.087290)
(17.250000	1.368100	0.090600)
(17.500000	1.364500	0.093920)
(17.750000	1.360900	0.097230)
(18.000000	1.357600	0.100560)
(18.250000	1.354000	0.103950)
(18.500000	1.349000	0.107640)
(18.750000	1.346100	0.110990)
(19.000000	1.345700	0.113970)
(19.250000	1.346200	0.116850)
(19.500000	1.351100	0.118970)
(19.750000	1.354300	0.121450)
(20.000000	1.363600	0.122840)
(20.250000	1.369600	0.124910)
(20.500000	1.377100	0.126670)
(20.750000	1.384600	0.128440)
(21.000000	1.393400	0.130060)
(21.250000	1.404500	0.131220)
(21.500000	1.397700	0.135570)
(21.750000	1.407700	0.136950)
(22.000000	1.395900	0.142220)
(22.250000	1.393400	0.145820)
(22.500000	1.391300	0.149430)
(22.750000	1.371700	0.156460)
(23.000000	1.348700	0.164370)
(23.250000	1.322200	0.173450)
(28.017857	1.199070	0.258882)
(32.785714	1.111026	0.354542)
(37.553571	1.038365	0.457816)
(42.321429	0.970155	0.565880)
(47.089286	0.900050	0.675784)
(51.857143	0.824410	0.784528)
(56.625000	0.741372	0.889149)
(61.392857	0.650332	0.986799)
(66.160714	0.551640	1.074828)
(70.928571	0.446392	1.150852)
(75.696429	0.336279	1.212820)
(80.464286	0.223455	1.259072)
(85.232143	0.110438	1.288384)
(90.000000	0.000000	1.300000)
(94.767857	-0.077307	1.288384)
(99.535714	-0.156419	1.259072)
(104.303571	-0.235395	1.212820)
(109.071429	-0.312475	1.150852)
(113.839286	-0.386148	1.074828)
(118.607143	-0.455233	0.986799)
(123.375000	-0.518961	0.889149)
(128.142857	-0.577087	0.784528)
(132.910714	-0.630035	0.675784)
(137.678571	-0.679108	0.565880)
(142.446429	-0.726855	0.457816)
(147.214286	-0.777718	0.354542)
(151.982143	-0.839349	0.258882)
(156.750000	-0.925540	0.173450)
(158.410714	-0.859430	0.146534)
(160.071429	-0.793320	0.121235)
(161.732143	-0.727210	0.097638)
(163.392857	-0.661100	0.075821)
(165.053571	-0.594990	0.055856)
(166.714286	-0.528880	0.037810)
(168.375000	-0.462770	0.021743)
(170.035714	-0.396660	0.007708)
(171.696429	-0.330550	0.001000)
(173.357143	-0.264440	0.001000)
(175.017857	-0.198330	0.001000)
(176.678571	-0.132220	0.001000)
(178.339286	-0.066110	0.001000)
(180.000000	0.000000	0.001000)
