// Re = 0.19
(-180.000000	0.000000	0.001000)
(-178.500000	0.063990	0.001000)
(-177.000000	0.127980	0.001000)
(-175.500000	0.191970	0.001000)
(-174.000000	0.255960	0.001000)
(-172.500000	0.319950	0.008867)
(-171.000000	0.383940	0.018583)
(-169.500000	0.447930	0.030001)
(-168.000000	0.511920	0.043093)
(-166.500000	0.575910	0.057820)
(-165.000000	0.639900	0.074144)
(-163.500000	0.703890	0.092020)
(-162.000000	0.767880	0.111399)
(-160.500000	0.831870	0.132228)
(-159.000000	0.895860	0.154450)
(-154.071429	0.807655	0.236497)
(-149.142857	0.750059	0.330486)
(-144.214286	0.705322	0.433654)
(-139.285714	0.664098	0.542969)
(-134.357143	0.621120	0.655219)
(-129.428571	0.573411	0.767109)
(-124.500000	0.519441	0.875352)
(-119.571429	0.458688	0.976774)
(-114.642857	0.391390	1.068401)
(-109.714286	0.318371	1.147552)
(-104.785714	0.240926	1.211913)
(-99.857143	0.160718	1.259608)
(-94.928571	0.079694	1.289254)
(-90.000000	0.000000	1.300000)
(-85.071429	-0.079694	1.289254)
(-80.142857	-0.160718	1.259608)
(-75.214286	-0.240926	1.211913)
(-70.285714	-0.318371	1.147552)
(-65.357143	-0.391390	1.068401)
(-60.428571	-0.458688	0.976774)
(-55.500000	-0.519441	0.875352)
(-50.571429	-0.573411	0.767109)
(-45.642857	-0.621120	0.655219)
(-40.714286	-0.664098	0.542969)
(-35.785714	-0.705322	0.433654)
(-30.857143	-0.750059	0.330486)
(-25.928571	-0.807655	0.236497)
(-21.000000	-0.895860	0.154450)
(-19.857143	-0.849163	0.144507)
(-18.714286	-0.802466	0.134564)
(-17.571429	-0.755769	0.124621)
(-16.428571	-0.709071	0.114679)
(-15.285714	-0.662374	0.104736)
(-14.142857	-0.615677	0.094793)
(-13.000000	-0.568980	0.084850)
(-11.857143	-0.522283	0.074907)
(-10.714286	-0.475586	0.064964)
(-9.571429	-0.428889	0.055021)
(-8.428571	-0.382191	0.045079)
(-7.285714	-0.335494	0.035136)
(-5.000000	-0.242100	0.015250)
(-4.750000	-0.214700	0.015400)
(-4.500000	-0.187300	0.015540)
(-4.250000	-0.159900	0.015710)
(-4.000000	-0.131900	0.015850)
(-3.750000	-0.104300	0.015960)
(-3.500000	-0.076900	0.016100)
(-3.250000	-0.049100	0.016180)
(-3.000000	-0.020800	0.016210)
(-2.750000	0.006600	0.016290)
(-2.500000	0.034300	0.016320)
(-2.250000	0.063100	0.016280)
(-2.000000	0.091000	0.016270)
(-1.750000	0.118500	0.016330)
(-1.500000	0.147300	0.016300)
(-1.250000	0.175500	0.016280)
(-1.000000	0.203100	0.016330)
(-0.750000	0.232000	0.016310)
(-0.500000	0.260000	0.016320)
(-0.250000	0.287600	0.016370)
(0.000000	0.316800	0.016350)
(0.250000	0.344500	0.016400)
(0.500000	0.372200	0.016460)
(0.750000	0.401000	0.016470)
(1.000000	0.428600	0.016540)
(1.250000	0.456700	0.016600)
(1.500000	0.484800	0.016650)
(1.750000	0.512300	0.016740)
(2.000000	0.541600	0.016770)
(2.250000	0.568100	0.016880)
(2.500000	0.595500	0.016980)
(2.750000	0.625200	0.016990)
(3.000000	0.651300	0.017130)
(3.250000	0.678000	0.017240)
(3.500000	0.707300	0.017260)
(3.750000	0.733500	0.017400)
(4.000000	0.760500	0.017510)
(4.250000	0.788700	0.017540)
(4.500000	0.814800	0.017640)
(4.750000	0.840700	0.017750)
(5.000000	0.867200	0.017830)
(5.250000	0.894300	0.017840)
(5.500000	0.921400	0.017820)
(5.750000	0.948000	0.017790)
(6.000000	0.973900	0.017780)
(6.250000	0.998600	0.017780)
(6.500000	1.021800	0.017760)
(6.750000	1.045000	0.017640)
(7.000000	1.068900	0.017480)
(7.250000	1.089300	0.017460)
(7.500000	1.111800	0.017400)
(7.750000	1.129800	0.017420)
(8.000000	1.149000	0.017400)
(8.250000	1.164500	0.017430)
(8.500000	1.178700	0.017460)
(8.750000	1.191000	0.017500)
(9.000000	1.202300	0.017550)
(9.250000	1.223400	0.017890)
(9.500000	1.237300	0.018540)
(9.750000	1.245300	0.019540)
(10.000000	1.247400	0.020940)
(10.250000	1.245200	0.022710)
(10.500000	1.240500	0.024810)
(10.750000	1.234200	0.027200)
(11.000000	1.227500	0.029790)
(11.250000	1.221100	0.032520)
(11.500000	1.215200	0.035330)
(11.750000	1.211500	0.038060)
(12.000000	1.208700	0.040790)
(12.250000	1.207400	0.043460)
(12.500000	1.207500	0.046060)
(12.750000	1.209500	0.048560)
(13.000000	1.212500	0.051010)
(13.250000	1.216600	0.053360)
(13.500000	1.222000	0.055630)
(13.750000	1.228400	0.057780)
(14.000000	1.236400	0.059780)
(14.250000	1.244500	0.061840)
(14.500000	1.253900	0.063740)
(14.750000	1.265700	0.065310)
(15.000000	1.274900	0.067330)
(15.250000	1.286700	0.069000)
(15.500000	1.299900	0.070490)
(15.750000	1.309800	0.072490)
(16.000000	1.326900	0.073530)
(16.250000	1.332900	0.076060)
(16.500000	1.349300	0.077260)
(16.750000	1.354700	0.079890)
(17.000000	1.364700	0.081930)
(17.250000	1.377500	0.083660)
(17.500000	1.377100	0.087070)
(17.750000	1.390400	0.088680)
(18.000000	1.394600	0.091550)
(18.250000	1.388200	0.095800)
(18.500000	1.390800	0.098860)
(18.750000	1.409500	0.099740)
(19.000000	1.393300	0.105420)
(19.250000	1.379300	0.110960)
(19.500000	1.367000	0.116380)
(19.750000	1.357600	0.121450)
(20.000000	1.385700	0.120510)
(20.250000	1.361400	0.127990)
(20.500000	1.336100	0.136010)
(20.750000	1.309000	0.144770)
(21.000000	1.279800	0.154450)
(25.928571	1.153793	0.236497)
(30.857143	1.071513	0.330486)
(35.785714	1.007602	0.433654)
(40.714286	0.948711	0.542969)
(45.642857	0.887315	0.655219)
(50.571429	0.819159	0.767109)
(55.500000	0.742058	0.875352)
(60.428571	0.655269	0.976774)
(65.357143	0.559129	1.068401)
(70.285714	0.454816	1.147552)
(75.214286	0.344180	1.211913)
(80.142857	0.229598	1.259608)
(85.071429	0.113849	1.289254)
(90.000000	0.000000	1.300000)
(94.928571	-0.079694	1.289254)
(99.857143	-0.160718	1.259608)
(104.785714	-0.240926	1.211913)
(109.714286	-0.318371	1.147552)
(114.642857	-0.391390	1.068401)
(119.571429	-0.458688	0.976774)
(124.500000	-0.519441	0.875352)
(129.428571	-0.573411	0.767109)
(134.357143	-0.621120	0.655219)
(139.285714	-0.664098	0.542969)
(144.214286	-0.705322	0.433654)
(149.142857	-0.750059	0.330486)
(154.071429	-0.807655	0.236497)
(159.000000	-0.895860	0.154450)
(160.500000	-0.831870	0.132228)
(162.000000	-0.767880	0.111399)
(163.500000	-0.703890	0.092020)
(165.000000	-0.639900	0.074144)
(166.500000	-0.575910	0.057820)
(168.000000	-0.511920	0.043093)
(169.500000	-0.447930	0.030001)
(171.000000	-0.383940	0.018583)
(172.500000	-0.319950	0.008867)
(174.000000	-0.255960	0.001000)
(175.500000	-0.191970	0.001000)
(177.000000	-0.127980	0.001000)
(178.500000	-0.063990	0.001000)
(180.000000	0.000000	0.001000)
