// Re = 0.2
(-180.000000	0.000000	0.001000)
(-178.250000	0.067625	0.001000)
(-176.500000	0.135250	0.001000)
(-174.750000	0.202875	0.001000)
(-173.000000	0.270500	0.001000)
(-171.250000	0.338125	0.001000)
(-169.500000	0.405750	0.012451)
(-167.750000	0.473375	0.027992)
(-166.000000	0.541000	0.045767)
(-164.250000	0.608625	0.065712)
(-162.500000	0.676250	0.087752)
(-160.750000	0.743875	0.111807)
(-159.000000	0.811500	0.137786)
(-157.250000	0.879125	0.165595)
(-155.500000	0.946750	0.195130)
(-150.821429	0.859838	0.281715)
(-146.142857	0.795046	0.377557)
(-141.464286	0.740238	0.480131)
(-136.785714	0.688513	0.586738)
(-132.107143	0.635803	0.694575)
(-127.428571	0.579759	0.800808)
(-122.750000	0.519178	0.902648)
(-118.071429	0.453679	0.997428)
(-113.392857	0.383502	1.082668)
(-108.714286	0.309380	1.156148)
(-104.035714	0.232431	1.215957)
(-99.357143	0.154082	1.260555)
(-94.678571	0.075995	1.288803)
(-90.000000	0.000000	1.300000)
(-85.321429	-0.075995	1.288803)
(-80.642857	-0.154082	1.260555)
(-75.964286	-0.232431	1.215957)
(-71.285714	-0.309380	1.156148)
(-66.607143	-0.383502	1.082668)
(-61.928571	-0.453679	0.997428)
(-57.250000	-0.519178	0.902648)
(-52.571429	-0.579759	0.800808)
(-47.892857	-0.635803	0.694575)
(-43.214286	-0.688513	0.586738)
(-38.535714	-0.740238	0.480131)
(-33.857143	-0.795046	0.377557)
(-29.178571	-0.859838	0.281715)
(-24.500000	-0.946750	0.195130)
(-23.107143	-0.879411	0.182215)
(-21.714286	-0.812071	0.169300)
(-20.321429	-0.744732	0.156385)
(-18.928571	-0.677393	0.143470)
(-17.535714	-0.610054	0.130555)
(-16.142857	-0.542714	0.117640)
(-14.750000	-0.475375	0.104725)
(-13.357143	-0.408036	0.091810)
(-11.964286	-0.340696	0.078895)
(-10.571429	-0.273357	0.065980)
(-9.178571	-0.206018	0.053065)
(-7.785714	-0.138679	0.040150)
(-5.000000	-0.004000	0.014320)
(-4.750000	0.025300	0.014030)
(-4.500000	0.051200	0.014070)
(-4.250000	0.078900	0.014160)
(-4.000000	0.107700	0.014260)
(-3.750000	0.133900	0.014420)
(-3.500000	0.164100	0.014530)
(-3.250000	0.188700	0.014730)
(-3.000000	0.219500	0.014830)
(-2.750000	0.243600	0.014970)
(-2.500000	0.272000	0.015090)
(-2.250000	0.297900	0.015270)
(-2.000000	0.324600	0.015430)
(-1.750000	0.351800	0.015530)
(-1.500000	0.378100	0.015630)
(-1.250000	0.406900	0.015670)
(-1.000000	0.431600	0.015780)
(-0.750000	0.461200	0.015770)
(-0.500000	0.486300	0.015850)
(-0.250000	0.515900	0.015840)
(0.000000	0.541400	0.015910)
(0.250000	0.570400	0.015930)
(0.500000	0.595900	0.016010)
(0.750000	0.624800	0.016040)
(1.000000	0.649600	0.016140)
(1.250000	0.679200	0.016170)
(1.500000	0.703000	0.016300)
(1.750000	0.733800	0.016330)
(2.000000	0.756300	0.016480)
(2.250000	0.786400	0.016520)
(2.500000	0.809800	0.016680)
(2.750000	0.838900	0.016730)
(3.000000	0.862500	0.016890)
(3.250000	0.891900	0.016950)
(3.500000	0.914000	0.017130)
(3.750000	0.943900	0.017180)
(4.000000	0.966500	0.017380)
(4.250000	0.995600	0.017430)
(4.500000	1.016400	0.017640)
(4.750000	1.046900	0.017680)
(5.000000	1.067000	0.017910)
(5.250000	1.096700	0.017970)
(5.500000	1.117100	0.018180)
(5.750000	1.142700	0.018300)
(6.000000	1.166400	0.018420)
(6.250000	1.188000	0.018590)
(6.500000	1.215400	0.018600)
(6.750000	1.232900	0.018780)
(7.000000	1.255500	0.018850)
(7.500000	1.298600	0.018750)
(7.750000	1.314200	0.018720)
(8.000000	1.328800	0.018700)
(8.250000	1.342100	0.018660)
(8.500000	1.359400	0.018590)
(8.750000	1.387500	0.018700)
(9.000000	1.411600	0.018890)
(9.250000	1.432200	0.019060)
(9.500000	1.450500	0.019240)
(9.750000	1.462800	0.019580)
(10.000000	1.474100	0.019990)
(10.250000	1.487200	0.020410)
(10.500000	1.494600	0.021040)
(10.750000	1.502800	0.021710)
(11.000000	1.507400	0.022580)
(11.500000	1.509900	0.024980)
(11.750000	1.508200	0.026540)
(12.000000	1.504100	0.028400)
(12.250000	1.497800	0.030570)
(12.500000	1.489400	0.033040)
(12.750000	1.479800	0.035780)
(13.000000	1.469500	0.038750)
(13.250000	1.458900	0.041910)
(13.500000	1.448600	0.045220)
(13.750000	1.438800	0.048610)
(14.000000	1.430500	0.051970)
(14.250000	1.422700	0.055380)
(14.500000	1.415800	0.058800)
(14.750000	1.408700	0.062320)
(15.000000	1.402900	0.065770)
(15.250000	1.396800	0.069320)
(15.500000	1.391000	0.072900)
(15.750000	1.386000	0.076460)
(16.000000	1.381000	0.080060)
(16.250000	1.376000	0.083710)
(16.500000	1.371400	0.087370)
(16.750000	1.366600	0.091110)
(17.000000	1.360800	0.095010)
(17.250000	1.354700	0.098980)
(17.500000	1.348900	0.102910)
(17.750000	1.344200	0.106690)
(18.000000	1.341800	0.110140)
(18.250000	1.341300	0.113250)
(18.500000	1.342700	0.116120)
(18.750000	1.345600	0.118710)
(19.000000	1.349800	0.121100)
(19.250000	1.355000	0.123310)
(19.500000	1.362000	0.125190)
(19.750000	1.367100	0.127460)
(20.000000	1.374000	0.129370)
(20.250000	1.383300	0.130800)
(20.500000	1.387700	0.133190)
(20.750000	1.398800	0.134250)
(21.000000	1.400200	0.137250)
(21.250000	1.409100	0.138710)
(21.500000	1.412600	0.141260)
(21.750000	1.415000	0.144000)
(22.000000	1.423200	0.145570)
(22.250000	1.426900	0.148050)
(22.500000	1.421500	0.152360)
(22.750000	1.417100	0.156500)
(23.000000	1.414300	0.160350)
(23.250000	1.418400	0.162730)
(23.500000	1.416700	0.166410)
(23.750000	1.402700	0.172800)
(24.000000	1.387400	0.179700)
(24.250000	1.370600	0.187100)
(24.500000	1.352500	0.195130)
(29.178571	1.228340	0.281715)
(33.857143	1.135779	0.377557)
(38.535714	1.057483	0.480131)
(43.214286	0.983590	0.586738)
(47.892857	0.908290	0.694575)
(52.571429	0.828227	0.800808)
(57.250000	0.741683	0.902648)
(61.928571	0.648113	0.997428)
(66.607143	0.547860	1.082668)
(71.285714	0.441971	1.156148)
(75.964286	0.332044	1.215957)
(80.642857	0.220117	1.260555)
(85.321429	0.108564	1.288803)
(90.000000	0.000000	1.300000)
(94.678571	-0.075995	1.288803)
(99.357143	-0.154082	1.260555)
(104.035714	-0.232431	1.215957)
(108.714286	-0.309380	1.156148)
(113.392857	-0.383502	1.082668)
(118.071429	-0.453679	0.997428)
(122.750000	-0.519178	0.902648)
(127.428571	-0.579759	0.800808)
(132.107143	-0.635803	0.694575)
(136.785714	-0.688513	0.586738)
(141.464286	-0.740238	0.480131)
(146.142857	-0.795046	0.377557)
(150.821429	-0.859838	0.281715)
(155.500000	-0.946750	0.195130)
(157.250000	-0.879125	0.165595)
(159.000000	-0.811500	0.137786)
(160.750000	-0.743875	0.111807)
(162.500000	-0.676250	0.087752)
(164.250000	-0.608625	0.065712)
(166.000000	-0.541000	0.045767)
(167.750000	-0.473375	0.027992)
(169.500000	-0.405750	0.012451)
(171.250000	-0.338125	0.001000)
(173.000000	-0.270500	0.001000)
(174.750000	-0.202875	0.001000)
(176.500000	-0.135250	0.001000)
(178.250000	-0.067625	0.001000)
(180.000000	0.000000	0.001000)
