// Re = 0.06
(-180.000000	0.000000	0.009346)
(-178.678571	0.065940	0.010035)
(-177.357143	0.131880	0.012100)
(-176.035714	0.197820	0.015537)
(-174.714286	0.263760	0.020339)
(-173.392857	0.329700	0.026495)
(-172.071429	0.395640	0.033992)
(-170.750000	0.461580	0.042814)
(-169.428571	0.527520	0.052943)
(-168.107143	0.593460	0.064356)
(-166.785714	0.659400	0.077030)
(-165.464286	0.725340	0.090937)
(-164.142857	0.791280	0.106048)
(-162.821429	0.857220	0.122331)
(-161.500000	0.923160	0.139750)
(-156.392857	0.814273	0.217046)
(-151.285714	0.750227	0.308269)
(-146.178571	0.704885	0.410518)
(-141.071429	0.665473	0.520543)
(-135.964286	0.625086	0.634844)
(-130.857143	0.579879	0.749785)
(-125.750000	0.527848	0.861708)
(-120.642857	0.468223	0.967051)
(-115.535714	0.401140	1.062457)
(-110.428571	0.327434	1.144885)
(-105.321429	0.248492	1.211704)
(-100.214286	0.166133	1.260778)
(-95.107143	0.082508	1.290530)
(-90.000000	0.000000	1.300000)
(-84.892857	-0.082508	1.290530)
(-79.785714	-0.166133	1.260778)
(-74.678571	-0.248492	1.211704)
(-69.571429	-0.327434	1.144885)
(-64.464286	-0.401140	1.062457)
(-59.357143	-0.468223	0.967051)
(-54.250000	-0.527848	0.861708)
(-49.142857	-0.579879	0.749785)
(-44.035714	-0.625086	0.634844)
(-38.928571	-0.665473	0.520543)
(-33.821429	-0.704885	0.410518)
(-28.714286	-0.750227	0.308269)
(-23.607143	-0.814273	0.217046)
(-18.500000	-0.923160	0.139750)
(-17.535714	-0.883441	0.132634)
(-16.571429	-0.843723	0.125517)
(-15.607143	-0.804004	0.118401)
(-14.642857	-0.764286	0.111284)
(-13.678571	-0.724567	0.104168)
(-12.714286	-0.684849	0.097051)
(-11.750000	-0.645130	0.089935)
(-10.785714	-0.605411	0.082819)
(-9.821429	-0.565693	0.075702)
(-8.857143	-0.525974	0.068586)
(-7.892857	-0.486256	0.061469)
(-6.928571	-0.446537	0.054353)
(-5.000000	-0.367100	0.040120)
(-4.750000	-0.336500	0.039360)
(-4.500000	-0.304900	0.038670)
(-4.250000	-0.272400	0.037950)
(-4.000000	-0.238200	0.036940)
(-3.750000	-0.207300	0.036520)
(-3.500000	-0.194100	0.038350)
(-3.250000	-0.183600	0.040080)
(-3.000000	-0.171400	0.041700)
(-2.750000	-0.165100	0.042960)
(-2.500000	-0.157100	0.044100)
(-2.250000	-0.143000	0.045190)
(-2.000000	-0.139300	0.045970)
(-1.750000	-0.128500	0.046760)
(-1.500000	-0.121200	0.047410)
(-1.250000	-0.112500	0.048050)
(-1.000000	-0.107200	0.048550)
(-0.750000	-0.097600	0.049010)
(-0.500000	-0.087200	0.049410)
(-0.250000	-0.078400	0.049810)
(0.000000	-0.067800	0.050250)
(0.250000	-0.053300	0.050810)
(0.750000	-0.113700	0.051310)
(1.000000	-0.088000	0.052170)
(1.250000	-0.068100	0.052710)
(1.500000	-0.045200	0.053420)
(1.750000	-0.022000	0.054190)
(2.000000	0.001700	0.055010)
(2.250000	0.026200	0.055890)
(2.500000	0.049100	0.056620)
(2.750000	0.073900	0.057330)
(3.000000	0.105100	0.058630)
(3.250000	0.141400	0.060530)
(3.500000	0.177800	0.062550)
(3.750000	0.207900	0.064310)
(4.000000	0.235500	0.066010)
(4.250000	0.265900	0.067930)
(4.500000	0.297500	0.070020)
(4.750000	0.329600	0.072230)
(5.000000	0.362000	0.074560)
(5.250000	0.387300	0.076660)
(5.500000	0.407500	0.078520)
(5.750000	0.433400	0.080720)
(6.000000	0.461400	0.083100)
(6.250000	0.489700	0.085620)
(6.500000	0.501200	0.087430)
(6.750000	0.523200	0.089680)
(7.000000	0.549400	0.092210)
(7.250000	0.563100	0.094360)
(7.500000	0.580600	0.096560)
(7.750000	0.607300	0.099220)
(8.000000	0.614300	0.101220)
(8.250000	0.639200	0.103770)
(8.500000	0.647500	0.105930)
(8.750000	0.675200	0.108580)
(9.000000	0.681900	0.110650)
(9.250000	0.695600	0.113060)
(9.500000	0.715600	0.115460)
(9.750000	0.732900	0.117690)
(10.000000	0.746000	0.119760)
(10.250000	0.845100	0.110980)
(10.500000	0.867000	0.112140)
(10.750000	0.894500	0.112760)
(11.000000	0.906800	0.114520)
(11.250000	0.916000	0.116560)
(11.500000	0.929200	0.118230)
(11.750000	0.947600	0.119300)
(12.000000	0.977300	0.118850)
(12.250000	0.990100	0.120200)
(12.500000	1.001400	0.121620)
(12.750000	1.017500	0.122190)
(13.000000	0.712300	0.150720)
(13.250000	0.795400	0.143760)
(13.500000	0.781900	0.146850)
(13.750000	0.787100	0.148330)
(14.000000	0.793800	0.149610)
(14.250000	0.801100	0.150780)
(14.500000	0.809900	0.151590)
(14.750000	0.793100	0.154800)
(15.000000	0.803400	0.155800)
(15.250000	0.791700	0.159220)
(15.500000	0.766600	0.164280)
(15.750000	0.744200	0.170190)
(16.000000	1.412700	0.088810)
(16.250000	1.409500	0.092500)
(16.500000	1.426400	0.094050)
(16.750000	1.412100	0.099150)
(17.000000	1.409400	0.103130)
(17.250000	1.414000	0.106320)
(17.500000	1.392300	0.112690)
(17.750000	1.371700	0.119280)
(18.000000	1.355000	0.125630)
(18.250000	1.336200	0.132620)
(18.500000	1.318800	0.139750)
(23.607143	1.163247	0.217046)
(28.714286	1.071752	0.308269)
(33.821429	1.006979	0.410518)
(38.928571	0.950676	0.520543)
(44.035714	0.892979	0.634844)
(49.142857	0.828399	0.749785)
(54.250000	0.754069	0.861708)
(59.357143	0.668890	0.967051)
(64.464286	0.573057	1.062457)
(69.571429	0.467763	1.144885)
(74.678571	0.354989	1.211704)
(79.785714	0.237333	1.260778)
(84.892857	0.117868	1.290530)
(90.000000	0.000000	1.300000)
(95.107143	-0.082508	1.290530)
(100.214286	-0.166133	1.260778)
(105.321429	-0.248492	1.211704)
(110.428571	-0.327434	1.144885)
(115.535714	-0.401140	1.062457)
(120.642857	-0.468223	0.967051)
(125.750000	-0.527848	0.861708)
(130.857143	-0.579879	0.749785)
(135.964286	-0.625086	0.634844)
(141.071429	-0.665473	0.520543)
(146.178571	-0.704885	0.410518)
(151.285714	-0.750227	0.308269)
(156.392857	-0.814273	0.217046)
(161.500000	-0.923160	0.139750)
(162.821429	-0.857220	0.122331)
(164.142857	-0.791280	0.106048)
(165.464286	-0.725340	0.090937)
(166.785714	-0.659400	0.077030)
(168.107143	-0.593460	0.064356)
(169.428571	-0.527520	0.052943)
(170.750000	-0.461580	0.042814)
(172.071429	-0.395640	0.033992)
(173.392857	-0.329700	0.026495)
(174.714286	-0.263760	0.020339)
(176.035714	-0.197820	0.015537)
(177.357143	-0.131880	0.012100)
(178.678571	-0.065940	0.010035)
(180.000000	0.000000	0.009346)
