// Re = 0.15e6 
// (alpha_deg cl cd)
(-180	0.0000	0.0100)
(-170	0.4490	0.0349)
(-160	0.8807	0.1470)
(-150	0.7341	0.3189)
(-140	0.6534	0.5299)
(-130	0.5680	0.7544)
(-120	0.4570	0.9654)
(-110	0.3187	1.1377)
(-100	0.1614	1.2504)
(-90	0.0000	1.2900)
(-80	-0.1614	1.2504)
(-70	-0.3187	1.1377)
(-60	-0.4570	0.9654)
(-50	-0.5680	0.7544)
(-40	-0.6534	0.5299)
(-30	-0.7341	0.3189)
(-20	-0.8807	0.1470)
(-10	-0.4590	0.0609)
(-5	-0.2396	0.0185)
(-4.75	-0.2124	0.0188)
(-4.5	-0.1863	0.0190)
(-4.25	-0.1600	0.0194)
(-4	-0.1326	0.0196)
(-3.75	-0.1066	0.0199)
(-3.5	-0.0804	0.0200)
(-3.25	-0.0527	0.0200)
(-3	-0.0266	0.0202)
(-2.75	-0.0002	0.0203)
(-2.5	0.0280	0.0202)
(-2.25	0.0546	0.0202)
(-2	0.0809	0.0203)
(-1.75	0.1090	0.0202)
(-1.5	0.1360	0.0202)
(-1.25	0.1633	0.0202)
(-1	0.1905	0.0202)
(-0.75	0.2176	0.0202)
(-0.5	0.2455	0.0202)
(-0.25	0.2724	0.0202)
(0	0.3006	0.0202)
(1	0.4084	0.0205)
(1.25	0.4388	0.0204)
(1.5	0.4626	0.0206)
(1.75	0.4909	0.0206)
(2	0.5187	0.0207)
(2.25	0.5433	0.0209)
(2.5	0.5724	0.0209)
(2.75	0.5980	0.0211)
(3	0.6270	0.0210)
(3.25	0.6510	0.0213)
(3.5	0.6769	0.0214)
(3.75	0.7065	0.0214)
(4	0.7301	0.0216)
(4.25	0.7563	0.0217)
(4.5	0.7834	0.0217)
(4.75	0.8074	0.0219)
(5	0.8343	0.0219)
(5.25	0.8621	0.0218)
(5.5	0.8859	0.0219)
(5.75	0.9106	0.0219)
(6	0.9359	0.0218)
(6.25	0.9615	0.0217)
(6.5	0.9872	0.0214)
(6.75	1.0107	0.0213)
(7	1.0325	0.0211)
(7.25	1.0541	0.0208)
(7.5	1.0774	0.0204)
(7.75	1.0969	0.0201)
(8	1.1147	0.0199)
(8.25	1.1359	0.0196)
(8.5	1.1626	0.0195)
(8.75	1.1909	0.0195)
(9	1.2154	0.0197)
(9.25	1.2372	0.0200)
(9.5	1.2537	0.0206)
(9.75	1.2635	0.0213)
(10	1.2680	0.0225)
(11	1.2449	0.0318)
(11.25	1.2361	0.0349)
(11.5	1.2291	0.0379)
(11.75	1.2235	0.0408)
(12	1.2206	0.0436)
(12.25	1.2197	0.0463)
(12.5	1.2209	0.0488)
(12.75	1.2239	0.0512)
(13	1.2287	0.0534)
(13.25	1.2354	0.0554)
(13.5	1.2434	0.0574)
(13.75	1.2526	0.0592)
(14	1.2634	0.0609)
(14.25	1.2770	0.0623)
(14.5	1.2880	0.0640)
(14.75	1.3005	0.0657)
(15	1.3197	0.0666)
(15.25	1.3271	0.0688)
(15.5	1.3455	0.0699)
(15.75	1.3524	0.0723)
(16	1.3726	0.0733)
(16.25	1.3726	0.0765)
(16.5	1.3902	0.0778)
(16.75	1.3919	0.0809)
(17	1.3884	0.0845)
(17.25	1.4034	0.0861)
(17.5	1.4042	0.0894)
(17.75	1.3894	0.0945)
(18	1.3765	0.0996)
(18.25	1.3663	0.1044)
(18.5	1.3685	0.1076)
(18.75	1.3738	0.1105)
(19	1.3491	0.1176)
(19.25	1.3230	0.1255)
(19.5	1.2956	0.1340)
(19.75	1.2668	0.1434)
(20	1.2582	0.1470)
(30	1.0487	0.3189)
(40	0.9335	0.5299)
(50	0.8114	0.7544)
(60	0.6529	0.9654)
(70	0.4553	1.1377)
(80	0.2306	1.2504)
(90	0.0000	1.2900)
(100	-0.1614	1.2504)
(110	-0.3187	1.1377)
(120	-0.4570	0.9654)
(130	-0.5680	0.7544)
(140	-0.6534	0.5299)
(150	-0.7341	0.3189)
(160	-0.8807	0.1470)
(170	-0.4490	0.0349)
(180	0.0000	0.0100)
