// Re = 0.13
(-180.000000	0.000000	0.001000)
(-178.107143	0.067830	0.001000)
(-176.214286	0.135660	0.001000)
(-174.321429	0.203490	0.001000)
(-172.428571	0.271320	0.001000)
(-170.535714	0.339150	0.001000)
(-168.642857	0.406980	0.001000)
(-166.750000	0.474810	0.001000)
(-164.857143	0.542640	0.021298)
(-162.964286	0.610470	0.044806)
(-161.071429	0.678300	0.070736)
(-159.178571	0.746130	0.098977)
(-157.285714	0.813960	0.129410)
(-155.392857	0.881790	0.161904)
(-153.500000	0.949620	0.196320)
(-148.964286	0.867097	0.285719)
(-144.428571	0.802035	0.383108)
(-139.892857	0.744952	0.486109)
(-135.357143	0.690259	0.592207)
(-130.821429	0.634598	0.698820)
(-126.285714	0.576021	0.803355)
(-121.750000	0.513547	0.903279)
(-117.214286	0.446902	0.996178)
(-112.678571	0.376353	1.079819)
(-108.142857	0.302600	1.152203)
(-103.607143	0.226680	1.211616)
(-99.071429	0.149903	1.256673)
(-94.535714	0.073787	1.286347)
(-90.000000	0.000000	1.300000)
(-85.464286	-0.073787	1.286347)
(-80.928571	-0.149903	1.256673)
(-76.392857	-0.226680	1.211616)
(-71.857143	-0.302600	1.152203)
(-67.321429	-0.376353	1.079819)
(-62.785714	-0.446902	0.996178)
(-58.250000	-0.513547	0.903279)
(-53.714286	-0.576021	0.803355)
(-49.178571	-0.634598	0.698820)
(-44.642857	-0.690259	0.592207)
(-40.107143	-0.744952	0.486109)
(-35.571429	-0.802035	0.383108)
(-31.035714	-0.867097	0.285719)
(-26.500000	-0.949620	0.196320)
(-24.964286	-0.888804	0.184136)
(-23.428571	-0.827989	0.171953)
(-21.892857	-0.767173	0.159769)
(-20.357143	-0.706357	0.147586)
(-18.821429	-0.645541	0.135402)
(-17.285714	-0.584726	0.123219)
(-15.750000	-0.523910	0.111035)
(-14.214286	-0.463094	0.098851)
(-12.678571	-0.402279	0.086668)
(-11.142857	-0.341463	0.074484)
(-9.607143	-0.280647	0.062301)
(-8.071429	-0.219831	0.050117)
(-5.000000	-0.098200	0.025750)
(-4.750000	-0.084300	0.026390)
(-4.500000	-0.048900	0.026650)
(-4.250000	-0.036500	0.027170)
(-4.000000	-0.001800	0.027330)
(-3.750000	0.010500	0.028260)
(-3.500000	0.044500	0.028690)
(-3.000000	0.087100	0.029260)
(-2.500000	0.128500	0.029730)
(-2.000000	0.168200	0.030050)
(-1.750000	0.200100	0.029940)
(-1.500000	0.206500	0.030330)
(-1.250000	0.246000	0.029890)
(-1.000000	0.243300	0.030690)
(-0.750000	0.284300	0.030130)
(0.250000	0.352000	0.031250)
(0.750000	0.359600	0.032820)
(1.250000	0.416500	0.032720)
(1.500000	0.467000	0.031920)
(2.000000	0.377000	0.039560)
(2.250000	0.418500	0.038660)
(2.500000	0.458400	0.037710)
(5.250000	0.520600	0.058310)
(5.500000	0.555300	0.057780)
(5.750000	0.552300	0.060520)
(6.250000	0.558300	0.064800)
(6.500000	0.584200	0.065180)
(6.750000	0.618800	0.064540)
(7.000000	0.616700	0.067070)
(7.500000	0.620400	0.071630)
(7.750000	0.652400	0.071200)
(8.250000	0.658000	0.075470)
(8.500000	0.690700	0.074820)
(9.000000	0.698400	0.078850)
(9.250000	0.733000	0.077860)
(9.500000	0.736600	0.079790)
(10.000000	0.776300	0.080100)
(10.250000	0.755300	0.084410)
(10.500000	0.783200	0.083170)
(11.000000	0.811200	0.086000)
(11.250000	0.859300	0.084490)
(11.500000	0.867500	0.086930)
(12.250000	0.953200	0.086590)
(12.500000	0.968200	0.087700)
(15.250000	1.401200	0.062300)
(15.500000	1.402400	0.064350)
(15.750000	1.427200	0.063830)
(16.000000	1.436900	0.064990)
(16.250000	1.436300	0.067340)
(16.500000	1.435900	0.069720)
(16.750000	1.434300	0.072290)
(17.000000	1.431300	0.075080)
(17.250000	1.427400	0.078030)
(17.500000	1.423700	0.081030)
(17.750000	1.421000	0.083940)
(18.000000	1.420700	0.086550)
(18.250000	1.414200	0.090130)
(18.500000	1.412500	0.093030)
(18.750000	1.410100	0.096100)
(19.000000	1.408300	0.099090)
(19.250000	1.406300	0.102170)
(19.500000	1.405400	0.105070)
(19.750000	1.402100	0.108400)
(20.000000	1.402100	0.111200)
(20.250000	1.397300	0.114820)
(20.500000	1.396400	0.117790)
(20.750000	1.391100	0.121530)
(21.000000	1.387900	0.124920)
(21.250000	1.385800	0.128150)
(21.500000	1.380100	0.132020)
(21.750000	1.375900	0.135610)
(22.000000	1.373000	0.139020)
(22.250000	1.371500	0.142170)
(22.500000	1.371300	0.145110)
(22.750000	1.369200	0.148430)
(23.000000	1.373300	0.150640)
(23.250000	1.372800	0.153720)
(23.500000	1.375900	0.156130)
(23.750000	1.380500	0.158220)
(24.000000	1.384700	0.160400)
(24.250000	1.387800	0.162790)
(24.500000	1.391200	0.165080)
(24.750000	1.398100	0.166760)
(25.000000	1.401800	0.168970)
(25.250000	1.397800	0.172780)
(25.500000	1.410300	0.173220)
(25.750000	1.393000	0.179680)
(26.000000	1.384400	0.184350)
(26.250000	1.387800	0.186760)
(26.500000	1.356600	0.196320)
(31.035714	1.238711	0.285719)
(35.571429	1.145765	0.383108)
(40.107143	1.064217	0.486109)
(44.642857	0.986084	0.592207)
(49.178571	0.906568	0.698820)
(53.714286	0.822888	0.803355)
(58.250000	0.733639	0.903279)
(62.785714	0.638431	0.996178)
(67.321429	0.537648	1.079819)
(71.857143	0.432285	1.152203)
(76.392857	0.323828	1.211616)
(80.928571	0.214147	1.256673)
(85.464286	0.105410	1.286347)
(90.000000	0.000000	1.300000)
(94.535714	-0.073787	1.286347)
(99.071429	-0.149903	1.256673)
(103.607143	-0.226680	1.211616)
(108.142857	-0.302600	1.152203)
(112.678571	-0.376353	1.079819)
(117.214286	-0.446902	0.996178)
(121.750000	-0.513547	0.903279)
(126.285714	-0.576021	0.803355)
(130.821429	-0.634598	0.698820)
(135.357143	-0.690259	0.592207)
(139.892857	-0.744952	0.486109)
(144.428571	-0.802035	0.383108)
(148.964286	-0.867097	0.285719)
(153.500000	-0.949620	0.196320)
(155.392857	-0.881790	0.161904)
(157.285714	-0.813960	0.129410)
(159.178571	-0.746130	0.098977)
(161.071429	-0.678300	0.070736)
(162.964286	-0.610470	0.044806)
(164.857143	-0.542640	0.021298)
(166.750000	-0.474810	0.001000)
(168.642857	-0.406980	0.001000)
(170.535714	-0.339150	0.001000)
(172.428571	-0.271320	0.001000)
(174.321429	-0.203490	0.001000)
(176.214286	-0.135660	0.001000)
(178.107143	-0.067830	0.001000)
(180.000000	0.000000	0.001000)
