// Re = 0.06
(-180.000000	0.000000	0.001000)
(-177.857143	0.025065	0.001000)
(-175.714286	0.050130	0.001000)
(-173.571429	0.075195	0.001000)
(-171.428571	0.100260	0.001000)
(-169.285714	0.125325	0.001000)
(-167.142857	0.150390	0.001000)
(-165.000000	0.175455	0.011106)
(-162.857143	0.200520	0.037781)
(-160.714286	0.225585	0.067565)
(-158.571429	0.250650	0.100295)
(-156.428571	0.275715	0.135793)
(-154.285714	0.300780	0.173863)
(-152.142857	0.325845	0.214299)
(-150.000000	0.350910	0.256880)
(-145.714286	0.388701	0.347538)
(-141.428571	0.415402	0.443864)
(-137.142857	0.431011	0.543765)
(-132.857143	0.435581	0.645073)
(-128.571429	0.429295	0.745596)
(-124.285714	0.412504	0.843162)
(-120.000000	0.385741	0.935671)
(-115.714286	0.349725	1.021140)
(-111.428571	0.305356	1.097747)
(-107.142857	0.253696	1.163870)
(-102.857143	0.195957	1.218127)
(-98.571429	0.133468	1.259399)
(-94.285714	0.067653	1.286862)
(-90.000000	0.000000	1.300000)
(-85.714286	-0.067653	1.286862)
(-81.428571	-0.133468	1.259399)
(-77.142857	-0.195957	1.218127)
(-72.857143	-0.253696	1.163870)
(-68.571429	-0.305356	1.097747)
(-64.285714	-0.349725	1.021140)
(-60.000000	-0.385741	0.935671)
(-55.714286	-0.412504	0.843162)
(-51.428571	-0.429295	0.745596)
(-47.142857	-0.435581	0.645073)
(-42.857143	-0.431011	0.543765)
(-38.571429	-0.415402	0.443864)
(-34.285714	-0.388701	0.347538)
(-30.000000	-0.350910	0.256880)
(-28.214286	-0.340581	0.249446)
(-26.428571	-0.330251	0.242013)
(-24.642857	-0.319922	0.234579)
(-22.857143	-0.309593	0.227146)
(-21.071429	-0.299264	0.219712)
(-19.285714	-0.288934	0.212279)
(-17.500000	-0.278605	0.204845)
(-15.714286	-0.268276	0.197411)
(-13.928571	-0.257946	0.189978)
(-12.142857	-0.247617	0.182544)
(-10.357143	-0.237288	0.175111)
(-8.571429	-0.226959	0.167677)
(-5.000000	-0.206300	0.152810)
(-4.750000	-0.197100	0.152810)
(-4.500000	-0.203500	0.152430)
(-4.250000	-0.189500	0.151660)
(-4.000000	-0.175400	0.151370)
(-3.250000	-0.163100	0.150170)
(-3.000000	-0.159300	0.150030)
(-2.750000	-0.159200	0.149950)
(-2.500000	-0.149900	0.149450)
(-2.250000	-0.135200	0.149290)
(-2.000000	-0.144200	0.149040)
(-1.750000	-0.135400	0.149560)
(-1.500000	-0.124400	0.148430)
(-1.000000	-0.123200	0.148570)
(-0.750000	-0.099500	0.148480)
(-0.500000	-0.099700	0.147950)
(-0.250000	-0.095200	0.148230)
(0.000000	-0.096800	0.148250)
(0.250000	-0.078600	0.147860)
(0.750000	-0.069000	0.147860)
(1.000000	-0.062800	0.147930)
(1.250000	-0.059300	0.148190)
(1.500000	-0.041700	0.147910)
(1.750000	-0.034700	0.147890)
(2.000000	-0.023000	0.147970)
(2.250000	-0.017000	0.148090)
(2.500000	-0.004300	0.148240)
(2.750000	0.003000	0.148420)
(3.000000	0.015300	0.148680)
(3.250000	0.021000	0.149150)
(3.500000	0.037900	0.149200)
(3.750000	0.050800	0.149450)
(4.000000	0.065000	0.150040)
(4.250000	0.081500	0.150250)
(4.750000	0.120500	0.151350)
(5.750000	0.222800	0.153850)
(6.000000	0.234100	0.154540)
(6.250000	-0.337100	0.120190)
(6.500000	-0.323300	0.120820)
(6.750000	-0.328700	0.119530)
(7.000000	-0.316100	0.120110)
(7.250000	-0.314900	0.119460)
(7.500000	-0.307300	0.119580)
(7.750000	-0.298300	0.119760)
(8.000000	-0.289600	0.120040)
(8.250000	-0.281700	0.120150)
(8.500000	-0.269600	0.120850)
(8.750000	-0.263300	0.120830)
(9.000000	-0.251900	0.121560)
(9.250000	-0.239000	0.122160)
(9.500000	-0.230600	0.122690)
(9.750000	-0.217300	0.123380)
(10.000000	-0.210400	0.123860)
(10.250000	-0.190500	0.125170)
(10.500000	-0.182600	0.125750)
(10.750000	-0.159800	0.127410)
(11.000000	-0.152800	0.127900)
(11.500000	-0.118700	0.130500)
(11.750000	-0.098300	0.132260)
(12.000000	-0.075900	0.133940)
(12.250000	-0.058000	0.135550)
(12.500000	-0.023100	0.138430)
(12.750000	-0.004300	0.140020)
(13.000000	0.026700	0.142780)
(13.250000	0.060700	0.145560)
(13.500000	0.083200	0.147680)
(13.750000	0.119700	0.150940)
(14.000000	0.146200	0.153080)
(14.250000	0.170400	0.155290)
(14.500000	0.209000	0.158620)
(14.750000	0.229500	0.160650)
(15.000000	0.229000	0.160800)
(15.250000	0.226400	0.159920)
(15.500000	0.212100	0.158040)
(15.750000	0.213800	0.157330)
(16.000000	0.209500	0.156460)
(16.250000	0.221300	0.157630)
(16.500000	0.236900	0.159060)
(16.750000	0.245900	0.160190)
(17.000000	0.264900	0.162400)
(17.250000	0.280400	0.164060)
(17.500000	0.290700	0.165520)
(17.750000	0.308100	0.167740)
(18.000000	0.326300	0.169840)
(18.250000	0.335400	0.171260)
(18.500000	0.349000	0.173250)
(18.750000	0.371600	0.176020)
(19.000000	0.378700	0.177210)
(19.250000	0.388900	0.178950)
(19.500000	0.405100	0.181270)
(19.750000	0.420800	0.183370)
(20.000000	0.428200	0.184830)
(20.250000	0.438800	0.186720)
(20.500000	0.457100	0.189370)
(20.750000	0.466700	0.190890)
(21.000000	0.474000	0.192490)
(21.250000	0.485300	0.194510)
(21.750000	0.509000	0.198400)
(22.000000	0.516700	0.200140)
(22.250000	0.529800	0.202370)
(22.500000	0.543400	0.204460)
(22.750000	0.548500	0.205920)
(23.000000	0.557300	0.207820)
(23.250000	0.574100	0.210480)
(23.500000	0.580000	0.211810)
(23.750000	0.586100	0.213480)
(24.000000	0.597600	0.215590)
(24.250000	0.610900	0.217820)
(24.500000	0.615000	0.219200)
(24.750000	0.622900	0.221080)
(25.000000	0.637900	0.223600)
(25.250000	0.644200	0.225060)
(25.500000	0.649500	0.226680)
(25.750000	0.658500	0.228690)
(26.000000	0.674200	0.231290)
(26.250000	0.677900	0.232510)
(26.500000	0.683300	0.234190)
(26.750000	0.691000	0.236090)
(27.000000	0.702300	0.238310)
(27.250000	0.714300	0.240460)
(27.500000	0.455200	0.231930)
(27.750000	0.459800	0.234370)
(28.000000	0.465300	0.236780)
(28.250000	0.472500	0.239410)
(28.500000	0.478600	0.241820)
(28.750000	0.480700	0.244170)
(29.000000	0.483800	0.246700)
(29.250000	0.488000	0.249270)
(29.500000	0.494500	0.251930)
(29.750000	0.499600	0.254310)
(30.000000	0.501300	0.256880)
(34.285714	0.555287	0.347538)
(38.571429	0.593431	0.443864)
(42.857143	0.615729	0.543765)
(47.142857	0.622258	0.645073)
(51.428571	0.613279	0.745596)
(55.714286	0.589291	0.843162)
(60.000000	0.551058	0.935671)
(64.285714	0.499607	1.021140)
(68.571429	0.436222	1.097747)
(72.857143	0.362423	1.163870)
(77.142857	0.279938	1.218127)
(81.428571	0.190668	1.259399)
(85.714286	0.096647	1.286862)
(90.000000	0.000000	1.300000)
(94.285714	-0.067653	1.286862)
(98.571429	-0.133468	1.259399)
(102.857143	-0.195957	1.218127)
(107.142857	-0.253696	1.163870)
(111.428571	-0.305356	1.097747)
(115.714286	-0.349725	1.021140)
(120.000000	-0.385741	0.935671)
(124.285714	-0.412504	0.843162)
(128.571429	-0.429295	0.745596)
(132.857143	-0.435581	0.645073)
(137.142857	-0.431011	0.543765)
(141.428571	-0.415402	0.443864)
(145.714286	-0.388701	0.347538)
(150.000000	-0.350910	0.256880)
(152.142857	-0.325845	0.214299)
(154.285714	-0.300780	0.173863)
(156.428571	-0.275715	0.135793)
(158.571429	-0.250650	0.100295)
(160.714286	-0.225585	0.067565)
(162.857143	-0.200520	0.037781)
(165.000000	-0.175455	0.011106)
(167.142857	-0.150390	0.001000)
(169.285714	-0.125325	0.001000)
(171.428571	-0.100260	0.001000)
(173.571429	-0.075195	0.001000)
(175.714286	-0.050130	0.001000)
(177.857143	-0.025065	0.001000)
(180.000000	0.000000	0.001000)
