// Re = 0.02
(-180.000000	-0.000000	4.010516)
(-177.928571	-0.940434	4.013886)
(-175.857143	-1.880868	4.023969)
(-173.785714	-2.821302	4.040680)
(-171.714286	-3.761736	4.063882)
(-169.642857	-4.702170	4.093381)
(-167.571429	-5.642604	4.128931)
(-165.500000	-6.583038	4.170234)
(-163.428571	-7.523472	4.216942)
(-161.357143	-8.463906	4.268658)
(-159.285714	-9.404340	4.324941)
(-157.214286	-10.344773	4.385306)
(-155.142857	-11.285207	4.449225)
(-153.071429	-12.225641	4.516136)
(-151.000000	-13.166075	4.585440)
(-146.642857	-10.207512	4.736191)
(-142.285714	-7.865337	4.888505)
(-137.928571	-5.974788	5.035798)
(-133.571429	-4.434189	5.171284)
(-129.214286	-3.177453	5.288154)
(-124.857143	-2.159629	5.379749)
(-120.500000	-1.348832	5.439744)
(-116.142857	-0.721501	5.462309)
(-111.785714	-0.259522	5.442280)
(-107.428571	0.051561	5.375295)
(-103.071429	0.223671	5.257931)
(-98.714286	0.266889	5.087806)
(-94.357143	0.189859	4.863665)
(-90.000000	0.000000	4.585440)
(-85.642857	-0.189859	4.863665)
(-81.285714	-0.266889	5.087806)
(-76.928571	-0.223671	5.257931)
(-72.571429	-0.051561	5.375295)
(-68.214286	0.259522	5.442280)
(-63.857143	0.721501	5.462309)
(-59.500000	1.348832	5.439744)
(-55.142857	2.159629	5.379749)
(-50.785714	3.177453	5.288154)
(-46.428571	4.434189	5.171284)
(-42.071429	5.974788	5.035798)
(-37.714286	7.865337	4.888505)
(-33.357143	10.207512	4.736191)
(-29.000000	13.166075	4.585440)
(-27.285714	12.186289	4.268409)
(-25.571429	11.206503	3.951379)
(-23.857143	10.226717	3.634348)
(-22.142857	9.246931	3.317317)
(-20.428571	8.267145	3.000286)
(-18.714286	7.287359	2.683256)
(-17.000000	6.307573	2.366225)
(-15.285714	5.327787	2.049194)
(-13.571429	4.348000	1.732164)
(-11.857143	3.368214	1.415133)
(-10.142857	2.388428	1.098102)
(-8.428571	1.408642	0.781071)
(-5.000000	-0.550930	0.147010)
(-4.750000	-0.484483	0.141917)
(-4.500000	-0.422364	0.136823)
(-4.250000	-0.364572	0.131894)
(-4.000000	-0.312548	0.127128)
(-3.750000	-0.264852	0.122363)
(-3.500000	-0.221483	0.117763)
(-3.250000	-0.182441	0.113326)
(-3.000000	-0.147725	0.108890)
(-2.750000	-0.115895	0.104618)
(-2.500000	-0.086949	0.100510)
(-2.250000	-0.059445	0.096402)
(-2.000000	-0.036268	0.092294)
(-1.750000	-0.013092	0.088351)
(-1.500000	0.008643	0.084407)
(-1.250000	0.030377	0.080463)
(-1.000000	0.050669	0.076520)
(-0.750000	0.072404	0.072576)
(-0.500000	0.094138	0.068469)
(-0.250000	0.115873	0.064196)
(0.000000	0.140492	0.059760)
(0.250000	0.167995	0.055159)
(0.500000	0.196942	0.050066)
(0.750000	0.228772	0.044643)
(1.000000	0.262045	0.038892)
(1.250000	0.299645	0.032484)
(1.500000	0.338687	0.025747)
(1.750000	0.380614	0.018189)
(2.000000	0.422541	0.010302)
(2.250000	0.460141	0.002086)
(2.500000	0.490529	0.001000)
(2.750000	0.489187	0.001000)
(3.000000	0.424382	0.001000)
(3.250000	0.288904	0.001000)
(3.500000	0.098617	0.001000)
(3.750000	-0.130612	0.009973)
(4.000000	-0.387245	0.025911)
(4.250000	-0.658302	0.044643)
(4.500000	-0.936569	0.065511)
(4.750000	-1.219164	0.088351)
(5.000000	-1.501759	0.112997)
(5.250000	-1.781470	0.138959)
(5.500000	-2.056853	0.166399)
(5.750000	-2.327909	0.194990)
(6.000000	-2.593197	0.224731)
(6.250000	-2.852714	0.255786)
(6.500000	-3.106463	0.287827)
(6.750000	-3.353000	0.321018)
(7.000000	-3.595210	0.355360)
(7.250000	-3.830208	0.390687)
(7.500000	-4.060880	0.427329)
(7.750000	-4.284340	0.464957)
(8.000000	-4.503472	0.503734)
(8.250000	-4.718278	0.543498)
(8.500000	-4.927315	0.584577)
(8.750000	-5.132025	0.626641)
(9.000000	-5.330965	0.669691)
(9.250000	-5.527021	0.713891)
(9.500000	-5.718750	0.759242)
(9.750000	-6.040287	0.827267)
(10.000000	-6.560865	0.929141)
(10.250000	-6.938653	1.003575)
(10.500000	-7.312114	1.081789)
(10.750000	-7.642305	1.154086)
(11.000000	-7.927785	1.218004)
(11.250000	-8.175764	1.275185)
(11.500000	-8.410763	1.331709)
(11.750000	-8.673165	1.398092)
(12.000000	-8.935568	1.465131)
(12.250000	-9.115758	1.513111)
(12.500000	-9.389699	1.588531)
(12.750000	-9.541043	1.630266)
(13.000000	-9.806330	1.707000)
(13.250000	-9.943251	1.747257)
(13.500000	-10.149403	1.808053)
(13.750000	-10.375747	1.877886)
(14.000000	-10.527091	1.924880)
(14.250000	-10.692858	1.977131)
(14.500000	-10.868721	2.032834)
(14.750000	-11.054681	2.092644)
(15.000000	-11.259391	2.158533)
(15.250000	-11.364580	2.191560)
(15.750000	-11.722076	2.308716)
(16.000000	-11.848901	2.350287)
(16.250000	-12.027649	2.407961)
(16.500000	-12.186204	2.461034)
(16.750000	-12.315913	2.501291)
(17.000000	-12.506200	2.564223)
(17.250000	-12.663313	2.617132)
(17.750000	-12.935712	2.700603)
(18.000000	-13.107248	2.757455)
(18.500000	-13.425802	2.862616)
(18.750000	-13.554068	2.901065)
(19.000000	-13.690989	2.942472)
(19.250000	-13.833679	2.987165)
(19.500000	-13.980696	3.033501)
(19.750000	-14.129155	3.079509)
(20.000000	-14.277614	3.127982)
(20.250000	-14.426074	3.174154)
(20.500000	-14.571648	3.220490)
(20.750000	-14.717223	3.265183)
(21.000000	-14.857028	3.310205)
(21.250000	-14.996833	3.353419)
(21.500000	-15.133754	3.395812)
(21.750000	-15.267790	3.437548)
(22.000000	-15.401826	3.478955)
(22.250000	-15.535862	3.520197)
(22.500000	-15.671341	3.562919)
(22.750000	-15.809704	3.608598)
(23.000000	-15.953836	3.656577)
(23.250000	-16.105180	3.710143)
(23.500000	-16.249312	3.759602)
(23.750000	-16.348733	3.778991)
(24.000000	-16.459691	3.809882)
(24.250000	-16.586516	3.851124)
(24.500000	-16.730648	3.903376)
(24.750000	-16.886319	3.964007)
(25.000000	-16.969874	3.972552)
(25.250000	-17.080833	4.005907)
(25.500000	-17.222081	4.059966)
(25.750000	-17.359001	4.107289)
(26.000000	-17.442556	4.119776)
(26.250000	-17.567938	4.166277)
(26.500000	-17.720724	4.232002)
(26.750000	-17.791298	4.231509)
(27.000000	-17.915238	4.278010)
(27.250000	-18.047832	4.327633)
(27.500000	-18.127060	4.338477)
(27.750000	-18.266865	4.400916)
(28.000000	-18.353305	4.414554)
(28.250000	-18.462821	4.454975)
(28.500000	-18.583877	4.498354)
(28.750000	-18.665989	4.516264)
(29.000000	-18.808679	4.585440)
(33.357143	-14.582161	4.736191)
(37.714286	-11.236195	4.888505)
(42.071429	-8.535411	5.035798)
(46.428571	-6.334556	5.171284)
(50.785714	-4.539218	5.288154)
(55.142857	-3.085184	5.379749)
(59.500000	-1.926903	5.439744)
(63.857143	-1.030716	5.462309)
(68.214286	-0.370746	5.442280)
(72.571429	0.073659	5.375295)
(76.928571	0.319531	5.257931)
(81.285714	0.381269	5.087806)
(85.642857	0.271227	4.863665)
(90.000000	0.000000	4.585440)
(94.357143	-0.189859	4.863665)
(98.714286	-0.266889	5.087806)
(103.071429	-0.223671	5.257931)
(107.428571	-0.051561	5.375295)
(111.785714	0.259522	5.442280)
(116.142857	0.721501	5.462309)
(120.500000	1.348832	5.439744)
(124.857143	2.159629	5.379749)
(129.214286	3.177453	5.288154)
(133.571429	4.434189	5.171284)
(137.928571	5.974788	5.035798)
(142.285714	7.865337	4.888505)
(146.642857	10.207512	4.736191)
(151.000000	13.166075	4.585440)
(153.071429	12.225641	4.516136)
(155.142857	11.285207	4.449225)
(157.214286	10.344773	4.385306)
(159.285714	9.404340	4.324941)
(161.357143	8.463906	4.268658)
(163.428571	7.523472	4.216942)
(165.500000	6.583038	4.170234)
(167.571429	5.642604	4.128931)
(169.642857	4.702170	4.093381)
(171.714286	3.761736	4.063882)
(173.785714	2.821302	4.040680)
(175.857143	1.880868	4.023969)
(177.928571	0.940434	4.013886)
(180.000000	-0.000000	4.010516)
