// Re = 0.08
(-180.000000	0.000000	0.088147)
(-177.875000	0.070703	0.089874)
(-175.750000	0.141406	0.095044)
(-173.625000	0.212109	0.103629)
(-171.500000	0.282812	0.115580)
(-169.375000	0.353515	0.130830)
(-167.250000	0.424218	0.149293)
(-165.125000	0.494921	0.170864)
(-163.000000	0.565624	0.195421)
(-160.875000	0.636327	0.222826)
(-158.750000	0.707030	0.252923)
(-156.625000	0.777734	0.285543)
(-154.500000	0.848437	0.320502)
(-152.375000	0.919140	0.357600)
(-150.250000	0.989843	0.396629)
(-145.946429	0.904608	0.480664)
(-141.642857	0.832775	0.569746)
(-137.339286	0.767537	0.661804)
(-133.035714	0.704693	0.754689)
(-128.732143	0.641648	0.846233)
(-124.428571	0.576883	0.934288)
(-120.125000	0.509640	1.016781)
(-115.821429	0.439736	1.091759)
(-111.517857	0.367429	1.157435)
(-107.214286	0.293332	1.212227)
(-102.910714	0.218339	1.254796)
(-98.607143	0.143570	1.284075)
(-94.303571	0.070317	1.299294)
(-90.000000	0.000000	1.300000)
(-85.696429	-0.070317	1.299294)
(-81.392857	-0.143570	1.284075)
(-77.089286	-0.218339	1.254796)
(-72.785714	-0.293332	1.212227)
(-68.482143	-0.367429	1.157435)
(-64.178571	-0.439736	1.091759)
(-59.875000	-0.509640	1.016781)
(-55.571429	-0.576883	0.934288)
(-51.267857	-0.641648	0.846233)
(-46.964286	-0.704693	0.754689)
(-42.660714	-0.767537	0.661804)
(-38.357143	-0.832775	0.569746)
(-34.053571	-0.904608	0.480664)
(-29.750000	-0.989843	0.396629)
(-27.982143	-0.943987	0.370708)
(-26.214286	-0.898130	0.344787)
(-24.446429	-0.852274	0.318866)
(-22.678571	-0.806418	0.292944)
(-20.910714	-0.760562	0.267023)
(-19.142857	-0.714706	0.241102)
(-17.375000	-0.668850	0.215181)
(-15.607143	-0.622994	0.189260)
(-13.839286	-0.577138	0.163339)
(-12.071429	-0.531281	0.137418)
(-10.303571	-0.485425	0.111496)
(-8.535714	-0.439569	0.085575)
(-5.000000	-0.347857	0.033733)
(-4.750000	-0.324212	0.035112)
(-4.500000	-0.302433	0.036091)
(-4.250000	-0.279021	0.037434)
(-4.000000	-0.259730	0.037978)
(-3.750000	-0.237407	0.038789)
(-3.500000	-0.219594	0.038837)
(-3.250000	-0.186305	0.039273)
(-3.000000	-0.172225	0.039442)
(-2.750000	-0.160245	0.039454)
(-2.500000	-0.149742	0.039285)
(-2.250000	-0.137218	0.039406)
(-2.000000	-0.123371	0.039503)
(-1.750000	-0.103303	0.039527)
(-1.500000	-0.082224	0.039515)
(-1.250000	-0.072577	0.039696)
(-1.000000	-0.060830	0.039902)
(-0.750000	-0.044883	0.040095)
(-0.500000	-0.017349	0.040059)
(-0.250000	-0.007469	0.040482)
(0.000000	0.005678	0.040930)
(0.250000	0.024191	0.041281)
(0.500000	0.048458	0.041486)
(0.750000	0.059661	0.042200)
(1.000000	0.074830	0.042817)
(1.250000	0.097931	0.043180)
(1.500000	0.114499	0.043821)
(1.750000	0.127646	0.044668)
(2.000000	0.144370	0.045369)
(2.250000	0.170660	0.045648)
(2.500000	0.180462	0.046688)
(2.750000	0.193143	0.047631)
(3.000000	0.208778	0.048454)
(3.250000	0.229079	0.049095)
(3.500000	0.249147	0.049664)
(3.750000	0.261672	0.050716)
(4.000000	0.274663	0.051672)
(4.250000	0.289677	0.052567)
(4.500000	0.306789	0.053438)
(4.750000	0.328102	0.054345)
(5.000000	0.357658	0.055385)
(5.250000	0.395457	0.056462)
(5.500000	0.424080	0.057345)
(5.750000	0.446792	0.058688)
(6.000000	0.466005	0.060454)
(6.250000	0.494005	0.061567)
(6.500000	0.525816	0.062280)
(6.750000	0.546584	0.063950)
(7.000000	0.573496	0.064954)
(7.250000	0.606785	0.065135)
(7.750000	0.655864	0.066925)
(8.000000	0.677877	0.067917)
(8.250000	0.706733	0.067845)
(8.500000	0.743132	0.066405)
(9.000000	0.802866	0.064288)
(9.250000	0.872162	0.055531)
(9.500000	1.020547	0.035293)
(9.750000	1.041471	0.034277)
(10.000000	1.075849	0.031737)
(10.250000	1.088840	0.031531)
(10.500000	1.092577	0.032511)
(10.750000	1.097713	0.033539)
(11.000000	1.099661	0.035257)
(11.250000	1.099976	0.037543)
(11.500000	1.098891	0.040398)
(11.750000	1.097651	0.043628)
(12.000000	1.099677	0.046700)
(12.250000	1.105825	0.049422)
(12.500000	1.114227	0.052047)
(12.750000	1.128463	0.054043)
(13.000000	1.143709	0.056099)
(13.250000	1.159967	0.058192)
(13.500000	1.185246	0.059510)
(13.750000	1.201347	0.061881)
(14.000000	1.219471	0.064204)
(14.250000	1.238840	0.066563)
(14.500000	1.260852	0.068849)
(14.750000	1.262256	0.072865)
(15.000000	1.278747	0.075804)
(15.250000	1.277973	0.080207)
(15.500000	1.294541	0.083268)
(15.750000	1.283191	0.088869)
(16.000000	1.272541	0.094735)
(16.250000	1.261968	0.100868)
(16.500000	1.248985	0.107630)
(16.750000	1.223636	0.116921)
(17.000000	1.191288	0.128739)
(17.250000	1.161818	0.141537)
(21.000000	1.086519	0.289695)
(21.250000	1.095078	0.293264)
(21.500000	1.107136	0.296639)
(21.750000	1.114217	0.299990)
(22.000000	1.127208	0.303498)
(22.250000	1.133744	0.306679)
(22.500000	1.146813	0.310199)
(22.750000	1.153272	0.313272)
(23.000000	1.165797	0.316707)
(23.250000	1.172877	0.319828)
(23.500000	1.184313	0.323058)
(23.750000	1.192561	0.326360)
(24.000000	1.202752	0.329348)
(24.250000	1.212944	0.332832)
(24.500000	1.221347	0.335638)
(24.750000	1.234260	0.339545)
(25.000000	1.240174	0.341928)
(25.250000	1.251766	0.345134)
(25.500000	1.259469	0.348122)
(25.750000	1.269272	0.350964)
(26.000000	1.279930	0.354412)
(26.250000	1.287477	0.357061)
(26.500000	1.298524	0.360134)
(26.750000	1.306383	0.363001)
(27.000000	1.315641	0.365795)
(27.250000	1.326921	0.369267)
(27.500000	1.333769	0.371722)
(27.750000	1.343494	0.374420)
(28.000000	1.353063	0.377541)
(28.250000	1.361000	0.380166)
(28.500000	1.370724	0.382839)
(28.750000	1.379594	0.385754)
(29.000000	1.387764	0.388415)
(29.250000	1.397333	0.391040)
(29.500000	1.405891	0.393871)
(29.750000	1.414061	0.396629)
(34.053571	1.292298	0.480664)
(38.357143	1.189679	0.569746)
(42.660714	1.096482	0.661804)
(46.964286	1.006704	0.754689)
(51.267857	0.916640	0.846233)
(55.571429	0.824118	0.934288)
(59.875000	0.728057	1.016781)
(64.178571	0.628194	1.091759)
(68.482143	0.524898	1.157435)
(72.785714	0.419045	1.212227)
(77.089286	0.311913	1.254796)
(81.392857	0.205100	1.284075)
(85.696429	0.100453	1.299294)
(90.000000	0.000000	1.300000)
(94.303571	-0.070317	1.299294)
(98.607143	-0.143570	1.284075)
(102.910714	-0.218339	1.254796)
(107.214286	-0.293332	1.212227)
(111.517857	-0.367429	1.157435)
(115.821429	-0.439736	1.091759)
(120.125000	-0.509640	1.016781)
(124.428571	-0.576883	0.934288)
(128.732143	-0.641648	0.846233)
(133.035714	-0.704693	0.754689)
(137.339286	-0.767537	0.661804)
(141.642857	-0.832775	0.569746)
(145.946429	-0.904608	0.480664)
(150.250000	-0.989843	0.396629)
(152.375000	-0.919140	0.357600)
(154.500000	-0.848437	0.320502)
(156.625000	-0.777734	0.285543)
(158.750000	-0.707030	0.252923)
(160.875000	-0.636327	0.222826)
(163.000000	-0.565624	0.195421)
(165.125000	-0.494921	0.170864)
(167.250000	-0.424218	0.149293)
(169.375000	-0.353515	0.130830)
(171.500000	-0.282812	0.115580)
(173.625000	-0.212109	0.103629)
(175.750000	-0.141406	0.095044)
(177.875000	-0.070703	0.089874)
(180.000000	0.000000	0.088147)
