// Re = 0.11
(-180.000000	0.000000	0.008380)
(-178.678571	0.069932	0.009069)
(-177.357143	0.139865	0.011135)
(-176.035714	0.209797	0.014574)
(-174.714286	0.279730	0.019377)
(-173.392857	0.349662	0.025535)
(-172.071429	0.419595	0.033035)
(-170.750000	0.489527	0.041861)
(-169.428571	0.559460	0.051993)
(-168.107143	0.629392	0.063411)
(-166.785714	0.699324	0.076090)
(-165.464286	0.769257	0.090002)
(-164.142857	0.839189	0.105119)
(-162.821429	0.909122	0.121408)
(-161.500000	0.979054	0.138834)
(-156.392857	0.855621	0.216161)
(-151.285714	0.781799	0.307422)
(-146.178571	0.729339	0.409716)
(-141.071429	0.684467	0.519792)
(-135.964286	0.639749	0.634150)
(-130.857143	0.591038	0.749153)
(-125.750000	0.536143	0.861144)
(-120.642857	0.474178	0.966559)
(-115.535714	0.405201	1.062041)
(-110.428571	0.329998	1.144548)
(-105.321429	0.249920	1.211449)
(-100.214286	0.166763	1.260606)
(-95.107143	0.082665	1.290444)
(-90.000000	0.000000	1.300000)
(-84.892857	-0.082665	1.290444)
(-79.785714	-0.166763	1.260606)
(-74.678571	-0.249920	1.211449)
(-69.571429	-0.329998	1.144548)
(-64.464286	-0.405201	1.062041)
(-59.357143	-0.474178	0.966559)
(-54.250000	-0.536143	0.861144)
(-49.142857	-0.591038	0.749153)
(-44.035714	-0.639749	0.634150)
(-38.928571	-0.684467	0.519792)
(-33.821429	-0.729339	0.409716)
(-28.714286	-0.781799	0.307422)
(-23.607143	-0.855621	0.216161)
(-18.500000	-0.979054	0.138834)
(-17.535714	-0.926828	0.130696)
(-16.571429	-0.874602	0.122557)
(-15.607143	-0.822376	0.114419)
(-14.642857	-0.770150	0.106281)
(-13.678571	-0.717925	0.098142)
(-12.714286	-0.665699	0.090004)
(-11.750000	-0.613473	0.081866)
(-10.785714	-0.561247	0.073727)
(-9.821429	-0.509021	0.065589)
(-8.857143	-0.456795	0.057450)
(-7.892857	-0.404569	0.049312)
(-6.928571	-0.352343	0.041174)
(-5.000000	-0.247891	0.024897)
(-4.750000	-0.222669	0.025396)
(-4.500000	-0.195156	0.026189)
(-4.250000	-0.171384	0.026869)
(-4.000000	-0.148301	0.027323)
(-3.750000	-0.125675	0.027493)
(-3.500000	-0.102057	0.027776)
(-3.250000	-0.075155	0.027799)
(-3.000000	-0.053216	0.027935)
(-2.750000	-0.031278	0.028003)
(-2.500000	-0.008729	0.028207)
(-2.250000	0.015195	0.028252)
(-2.000000	0.040264	0.028139)
(-1.750000	0.061744	0.028195)
(-1.500000	0.083759	0.028207)
(-1.250000	0.108370	0.028093)
(-1.000000	0.133516	0.027991)
(-0.750000	0.154079	0.028263)
(-0.500000	0.176094	0.028388)
(-0.250000	0.204676	0.028093)
(0.000000	0.225698	0.028320)
(0.250000	0.246491	0.028615)
(0.750000	0.295560	0.028717)
(1.000000	0.315666	0.029125)
(1.250000	0.336917	0.029487)
(1.500000	0.367026	0.029193)
(1.750000	0.384841	0.029794)
(2.000000	0.403572	0.030360)
(2.250000	0.435209	0.029907)
(2.500000	0.453099	0.030564)
(2.750000	0.470990	0.031244)
(3.250000	0.507383	0.032571)
(3.500000	0.539020	0.032060)
(3.750000	0.555612	0.032820)
(4.250000	0.588340	0.034339)
(4.500000	0.619595	0.033738)
(4.750000	0.640464	0.034067)
(5.000000	0.655529	0.034735)
(5.750000	0.703932	0.036334)
(6.000000	0.738548	0.034985)
(6.250000	0.738874	0.036696)
(6.500000	0.784944	0.034339)
(7.000000	0.878306	0.030644)
(7.250000	0.909943	0.030938)
(7.500000	0.949063	0.029669)
(7.750000	0.991086	0.028025)
(8.000000	1.031199	0.026438)
(8.250000	1.065051	0.025430)
(8.500000	1.094015	0.024886)
(8.750000	1.122062	0.024421)
(9.000000	1.148430	0.024058)
(9.250000	1.170750	0.023922)
(9.500000	1.188335	0.024047)
(9.750000	1.200575	0.024421)
(10.000000	1.210371	0.025067)
(10.250000	1.216043	0.026223)
(10.500000	1.219654	0.027787)
(10.750000	1.220286	0.029964)
(11.000000	1.218627	0.032684)
(11.250000	1.215747	0.035846)
(11.500000	1.213248	0.039224)
(11.750000	1.212276	0.042602)
(12.000000	1.213978	0.045810)
(12.250000	1.218581	0.048711)
(12.500000	1.226010	0.051352)
(12.750000	1.236111	0.053687)
(13.000000	1.247740	0.055931)
(13.250000	1.262118	0.057813)
(13.500000	1.278558	0.059513)
(13.750000	1.294769	0.061338)
(14.000000	1.312889	0.063004)
(14.250000	1.332842	0.064546)
(14.500000	1.355238	0.065940)
(14.750000	1.368318	0.068422)
(15.000000	1.385522	0.070610)
(15.250000	1.409216	0.072163)
(15.500000	1.415881	0.075552)
(15.750000	1.436980	0.077513)
(16.000000	1.437383	0.081695)
(16.250000	1.465278	0.083033)
(16.500000	1.457357	0.088179)
(16.750000	1.451574	0.093370)
(17.000000	1.448083	0.098459)
(17.250000	1.472923	0.099876)
(17.500000	1.459809	0.106360)
(17.750000	1.446085	0.113399)
(18.000000	1.431367	0.121095)
(18.250000	1.415428	0.129573)
(18.500000	1.398649	0.138834)
(23.607143	1.222315	0.216161)
(28.714286	1.116856	0.307422)
(33.821429	1.041913	0.409716)
(38.928571	0.977810	0.519792)
(44.035714	0.913927	0.634150)
(49.142857	0.844339	0.749153)
(54.250000	0.765918	0.861144)
(59.357143	0.677396	0.966559)
(64.464286	0.578859	1.062041)
(69.571429	0.471426	1.144548)
(74.678571	0.357028	1.211449)
(79.785714	0.238234	1.260606)
(84.892857	0.118093	1.290444)
(90.000000	0.000000	1.300000)
(95.107143	-0.082665	1.290444)
(100.214286	-0.166763	1.260606)
(105.321429	-0.249920	1.211449)
(110.428571	-0.329998	1.144548)
(115.535714	-0.405201	1.062041)
(120.642857	-0.474178	0.966559)
(125.750000	-0.536143	0.861144)
(130.857143	-0.591038	0.749153)
(135.964286	-0.639749	0.634150)
(141.071429	-0.684467	0.519792)
(146.178571	-0.729339	0.409716)
(151.285714	-0.781799	0.307422)
(156.392857	-0.855621	0.216161)
(161.500000	-0.979054	0.138834)
(162.821429	-0.909122	0.121408)
(164.142857	-0.839189	0.105119)
(165.464286	-0.769257	0.090002)
(166.785714	-0.699324	0.076090)
(168.107143	-0.629392	0.063411)
(169.428571	-0.559460	0.051993)
(170.750000	-0.489527	0.041861)
(172.071429	-0.419595	0.033035)
(173.392857	-0.349662	0.025535)
(174.714286	-0.279730	0.019377)
(176.035714	-0.209797	0.014574)
(177.357143	-0.139865	0.011135)
(178.678571	-0.069932	0.009069)
(180.000000	0.000000	0.008380)
