// Re = 0.1
(-180.000000	0.000000	0.041792)
(-178.696429	0.067511	0.042454)
(-177.392857	0.135022	0.044439)
(-176.089286	0.202533	0.047742)
(-174.785714	0.270044	0.052356)
(-173.482143	0.337555	0.058273)
(-172.178571	0.405066	0.065479)
(-170.875000	0.472577	0.073959)
(-169.571429	0.540088	0.083696)
(-168.267857	0.607599	0.094669)
(-166.964286	0.675110	0.106855)
(-165.660714	0.742621	0.120228)
(-164.357143	0.810132	0.134762)
(-163.053571	0.877643	0.150424)
(-161.750000	0.945154	0.167183)
(-156.625000	0.828791	0.242993)
(-151.500000	0.760667	0.332712)
(-146.375000	0.712843	0.433437)
(-141.250000	0.671791	0.541907)
(-136.125000	0.630237	0.654607)
(-131.000000	0.584137	0.767881)
(-125.875000	0.531371	0.878047)
(-120.750000	0.471103	0.981521)
(-115.625000	0.403430	1.074924)
(-110.500000	0.329172	1.155197)
(-105.375000	0.249713	1.219695)
(-100.250000	0.166880	1.266274)
(-95.125000	0.082841	1.293360)
(-90.000000	0.000000	1.300000)
(-84.875000	-0.082841	1.293360)
(-79.750000	-0.166880	1.266274)
(-74.625000	-0.249713	1.219695)
(-69.500000	-0.329172	1.155197)
(-64.375000	-0.403430	1.074924)
(-59.250000	-0.471103	0.981521)
(-54.125000	-0.531371	0.878047)
(-49.000000	-0.584137	0.767881)
(-43.875000	-0.630237	0.654607)
(-38.750000	-0.671791	0.541907)
(-33.625000	-0.712843	0.433437)
(-28.500000	-0.760667	0.332712)
(-23.375000	-0.828791	0.242993)
(-18.250000	-0.945154	0.167183)
(-17.303571	-0.895371	0.157152)
(-16.357143	-0.845587	0.147121)
(-15.410714	-0.795804	0.137090)
(-14.464286	-0.746020	0.127059)
(-13.517857	-0.696237	0.117028)
(-12.571429	-0.646453	0.106997)
(-11.625000	-0.596670	0.096966)
(-10.678571	-0.546887	0.086934)
(-9.732143	-0.497103	0.076903)
(-8.785714	-0.447320	0.066872)
(-7.839286	-0.397536	0.056841)
(-6.892857	-0.347753	0.046810)
(-5.000000	-0.248186	0.026748)
(-4.750000	-0.224938	0.027963)
(-4.500000	-0.203334	0.028584)
(-4.250000	-0.180790	0.029588)
(-4.000000	-0.158599	0.030341)
(-3.750000	-0.136525	0.030803)
(-3.250000	-0.091966	0.030816)
(-3.000000	-0.072299	0.031001)
(-2.750000	-0.052573	0.031133)
(-2.500000	-0.032553	0.031186)
(-2.250000	-0.010244	0.031225)
(-2.000000	0.012417	0.031225)
(-1.750000	0.031086	0.031371)
(-1.500000	0.050108	0.031489)
(-1.000000	0.095489	0.031212)
(-0.750000	0.113806	0.031437)
(-0.500000	0.132476	0.031688)
(-0.250000	0.151087	0.032071)
(0.000000	0.177445	0.031780)
(0.250000	0.194941	0.032269)
(0.500000	0.212554	0.032797)
(1.000000	0.259167	0.032929)
(1.250000	0.275313	0.033708)
(1.500000	0.291165	0.034567)
(2.000000	0.336957	0.034883)
(2.250000	0.352339	0.035900)
(2.500000	0.367605	0.036957)
(2.750000	0.382459	0.038079)
(3.500000	0.442107	0.039691)
(3.750000	0.457079	0.040747)
(4.000000	0.457788	0.043732)
(4.250000	0.484851	0.043190)
(4.500000	0.499471	0.044339)
(4.750000	0.515147	0.045422)
(5.000000	0.530648	0.046412)
(5.250000	0.546676	0.047297)
(5.750000	0.581022	0.048724)
(6.250000	0.633622	0.049476)
(8.000000	0.910341	0.033510)
(8.250000	0.957946	0.029337)
(8.500000	0.986946	0.028016)
(8.750000	1.015946	0.026735)
(9.000000	1.042481	0.025784)
(9.250000	1.066961	0.025032)
(9.500000	1.085279	0.024939)
(9.750000	1.101835	0.024886)
(10.000000	1.112875	0.025494)
(10.250000	1.120862	0.026735)
(10.500000	1.128262	0.028320)
(10.750000	1.133785	0.030512)
(11.000000	1.137135	0.033444)
(11.250000	1.139429	0.036930)
(11.500000	1.141606	0.040773)
(11.750000	1.144897	0.044656)
(12.000000	1.150420	0.048314)
(12.250000	1.158289	0.051655)
(12.500000	1.168801	0.054561)
(12.750000	1.181249	0.057202)
(13.000000	1.195458	0.059605)
(13.250000	1.211897	0.061639)
(13.500000	1.229217	0.063660)
(13.750000	1.246478	0.065799)
(14.000000	1.265030	0.067833)
(14.250000	1.284521	0.069840)
(14.500000	1.305128	0.071821)
(14.750000	1.328610	0.073538)
(15.000000	1.337361	0.077473)
(15.250000	1.356969	0.079956)
(15.500000	1.366365	0.083944)
(15.750000	1.384272	0.086837)
(16.000000	1.386214	0.092146)
(16.250000	1.396842	0.096107)
(16.500000	1.408410	0.100162)
(16.750000	1.404189	0.106884)
(17.000000	1.399792	0.114068)
(17.250000	1.394279	0.121978)
(17.500000	1.386419	0.131011)
(17.750000	1.375566	0.141616)
(18.000000	1.362775	0.153832)
(18.250000	1.350220	0.167183)
(23.375000	1.183988	0.242993)
(28.500000	1.086667	0.332712)
(33.625000	1.018348	0.433437)
(38.750000	0.959701	0.541907)
(43.875000	0.900338	0.654607)
(49.000000	0.834482	0.767881)
(54.125000	0.759102	0.878047)
(59.250000	0.673004	0.981521)
(64.375000	0.576329	1.074924)
(69.500000	0.470246	1.155197)
(74.625000	0.356733	1.219695)
(79.750000	0.238400	1.266274)
(84.875000	0.118344	1.293360)
(90.000000	0.000000	1.300000)
(95.125000	-0.082841	1.293360)
(100.250000	-0.166880	1.266274)
(105.375000	-0.249713	1.219695)
(110.500000	-0.329172	1.155197)
(115.625000	-0.403430	1.074924)
(120.750000	-0.471103	0.981521)
(125.875000	-0.531371	0.878047)
(131.000000	-0.584137	0.767881)
(136.125000	-0.630237	0.654607)
(141.250000	-0.671791	0.541907)
(146.375000	-0.712843	0.433437)
(151.500000	-0.760667	0.332712)
(156.625000	-0.828791	0.242993)
(161.750000	-0.945154	0.167183)
(163.053571	-0.877643	0.150424)
(164.357143	-0.810132	0.134762)
(165.660714	-0.742621	0.120228)
(166.964286	-0.675110	0.106855)
(168.267857	-0.607599	0.094669)
(169.571429	-0.540088	0.083696)
(170.875000	-0.472577	0.073959)
(172.178571	-0.405066	0.065479)
(173.482143	-0.337555	0.058273)
(174.785714	-0.270044	0.052356)
(176.089286	-0.202533	0.047742)
(177.392857	-0.135022	0.044439)
(178.696429	-0.067511	0.042454)
(180.000000	0.000000	0.041792)
