// Re = 0.1
(-180.000000	0.000000	0.008974)
(-178.696429	0.061578	0.009645)
(-177.392857	0.123156	0.011655)
(-176.089286	0.184733	0.015000)
(-174.785714	0.246311	0.019674)
(-173.482143	0.307889	0.025667)
(-172.178571	0.369467	0.032966)
(-170.875000	0.431045	0.041556)
(-169.571429	0.492622	0.051420)
(-168.267857	0.554200	0.062536)
(-166.964286	0.615778	0.074883)
(-165.660714	0.677356	0.088433)
(-164.357143	0.738934	0.103160)
(-163.053571	0.800511	0.119032)
(-161.750000	0.862089	0.136016)
(-156.625000	0.767540	0.212869)
(-151.500000	0.713985	0.303871)
(-146.375000	0.676731	0.406111)
(-141.250000	0.643765	0.516313)
(-136.125000	0.608613	0.630950)
(-131.000000	0.567689	0.746350)
(-125.875000	0.519148	0.858816)
(-120.750000	0.462329	0.964742)
(-115.625000	0.397447	1.060731)
(-110.500000	0.325396	1.143704)
(-105.375000	0.247610	1.210994)
(-100.250000	0.165952	1.260434)
(-95.125000	0.082610	1.290428)
(-90.000000	0.000000	1.300000)
(-84.875000	-0.082610	1.290428)
(-79.750000	-0.165952	1.260434)
(-74.625000	-0.247610	1.210994)
(-69.500000	-0.325396	1.143704)
(-64.375000	-0.397447	1.060731)
(-59.250000	-0.462329	0.964742)
(-54.125000	-0.519148	0.858816)
(-49.000000	-0.567689	0.746350)
(-43.875000	-0.608613	0.630950)
(-38.750000	-0.643765	0.516313)
(-33.625000	-0.676731	0.406111)
(-28.500000	-0.713985	0.303871)
(-23.375000	-0.767540	0.212869)
(-18.250000	-0.862089	0.136016)
(-17.303571	-0.818906	0.128294)
(-16.357143	-0.775723	0.120572)
(-15.410714	-0.732540	0.112850)
(-14.464286	-0.689357	0.105128)
(-13.517857	-0.646174	0.097406)
(-12.571429	-0.602992	0.089684)
(-11.625000	-0.559809	0.081962)
(-10.678571	-0.516626	0.074239)
(-9.732143	-0.473443	0.066517)
(-8.785714	-0.430260	0.058795)
(-7.839286	-0.387077	0.051073)
(-6.892857	-0.343894	0.043351)
(-5.000000	-0.257528	0.027907)
(-4.750000	-0.232529	0.028842)
(-4.500000	-0.209967	0.029320)
(-4.250000	-0.186012	0.030092)
(-4.000000	-0.162580	0.030672)
(-3.750000	-0.139321	0.031028)
(-3.250000	-0.092195	0.031038)
(-3.000000	-0.072505	0.031180)
(-2.750000	-0.052729	0.031282)
(-2.500000	-0.032517	0.031323)
(-2.250000	-0.008910	0.031353)
(-2.000000	0.015219	0.031353)
(-1.750000	0.033429	0.031465)
(-1.500000	0.052161	0.031556)
(-1.000000	0.100506	0.031343)
(-0.750000	0.118194	0.031516)
(-0.500000	0.136404	0.031709)
(-0.250000	0.154527	0.032004)
(0.000000	0.184139	0.031780)
(0.250000	0.200609	0.032156)
(0.500000	0.217252	0.032563)
(1.000000	0.267425	0.032664)
(1.250000	0.281892	0.033264)
(1.500000	0.295924	0.033925)
(2.000000	0.344878	0.034169)
(2.250000	0.358214	0.034952)
(2.500000	0.371376	0.035765)
(2.750000	0.383928	0.036629)
(3.500000	0.443955	0.037870)
(3.750000	0.456682	0.038683)
(4.000000	0.448258	0.040981)
(4.250000	0.478914	0.040564)
(4.500000	0.491119	0.041448)
(4.750000	0.504890	0.042282)
(5.000000	0.518400	0.043044)
(5.250000	0.532693	0.043726)
(5.750000	0.564674	0.044824)
(6.250000	0.623725	0.045403)
(8.000000	0.967751	0.033112)
(8.250000	1.028871	0.029899)
(8.500000	1.062401	0.028883)
(8.750000	1.095930	0.027896)
(9.000000	1.125803	0.027164)
(9.250000	1.152630	0.026585)
(9.500000	1.170318	0.026514)
(9.750000	1.185395	0.026473)
(10.000000	1.192290	0.026941)
(10.250000	1.194659	0.027896)
(10.500000	1.196157	0.029116)
(10.750000	1.194870	0.030804)
(11.000000	1.190363	0.033061)
(11.250000	1.184289	0.035745)
(11.500000	1.178041	0.038703)
(11.750000	1.173447	0.041692)
(12.000000	1.172160	0.044508)
(12.250000	1.174355	0.047080)
(12.500000	1.180466	0.049317)
(12.750000	1.189450	0.051350)
(13.000000	1.201045	0.053201)
(13.250000	1.215948	0.054766)
(13.500000	1.232156	0.056322)
(13.750000	1.248277	0.057969)
(14.000000	1.266313	0.059534)
(14.250000	1.285742	0.061080)
(14.500000	1.306824	0.062605)
(14.750000	1.332172	0.063926)
(15.000000	1.335672	0.066956)
(15.250000	1.355275	0.068867)
(15.500000	1.359733	0.071937)
(15.750000	1.376811	0.074164)
(16.000000	1.370215	0.078251)
(16.250000	1.376501	0.081301)
(16.500000	1.384179	0.084422)
(16.750000	1.368444	0.089596)
(17.000000	1.352447	0.095127)
(17.250000	1.334797	0.101217)
(17.500000	1.313665	0.108170)
(17.750000	1.288094	0.116334)
(18.000000	1.259651	0.125738)
(18.250000	1.231556	0.136016)
(23.375000	1.096485	0.212869)
(28.500000	1.019979	0.303871)
(33.625000	0.966759	0.406111)
(38.750000	0.919665	0.516313)
(43.875000	0.869448	0.630950)
(49.000000	0.810984	0.746350)
(54.125000	0.741640	0.858816)
(59.250000	0.660471	0.964742)
(64.375000	0.567782	1.060731)
(69.500000	0.464851	1.143704)
(74.625000	0.353729	1.210994)
(79.750000	0.237075	1.260434)
(84.875000	0.118014	1.290428)
(90.000000	0.000000	1.300000)
(95.125000	-0.082610	1.290428)
(100.250000	-0.165952	1.260434)
(105.375000	-0.247610	1.210994)
(110.500000	-0.325396	1.143704)
(115.625000	-0.397447	1.060731)
(120.750000	-0.462329	0.964742)
(125.875000	-0.519148	0.858816)
(131.000000	-0.567689	0.746350)
(136.125000	-0.608613	0.630950)
(141.250000	-0.643765	0.516313)
(146.375000	-0.676731	0.406111)
(151.500000	-0.713985	0.303871)
(156.625000	-0.767540	0.212869)
(161.750000	-0.862089	0.136016)
(163.053571	-0.800511	0.119032)
(164.357143	-0.738934	0.103160)
(165.660714	-0.677356	0.088433)
(166.964286	-0.615778	0.074883)
(168.267857	-0.554200	0.062536)
(169.571429	-0.492622	0.051420)
(170.875000	-0.431045	0.041556)
(172.178571	-0.369467	0.032966)
(173.482143	-0.307889	0.025667)
(174.785714	-0.246311	0.019674)
(176.089286	-0.184733	0.015000)
(177.392857	-0.123156	0.011655)
(178.696429	-0.061578	0.009645)
(180.000000	0.000000	0.008974)
