// Re = 0.1
(-180.000000	0.000000	0.023855)
(-178.696429	0.064590	0.024522)
(-177.392857	0.129181	0.026520)
(-176.089286	0.193771	0.029846)
(-174.785714	0.258361	0.034493)
(-173.482143	0.322951	0.040451)
(-172.178571	0.387542	0.047708)
(-170.875000	0.452132	0.056249)
(-169.571429	0.516722	0.066055)
(-168.267857	0.581313	0.077106)
(-166.964286	0.645903	0.089380)
(-165.660714	0.710493	0.102850)
(-164.357143	0.775084	0.117489)
(-163.053571	0.839674	0.133266)
(-161.750000	0.904264	0.150148)
(-156.625000	0.798639	0.226528)
(-151.500000	0.737687	0.316949)
(-146.375000	0.695067	0.418501)
(-141.250000	0.657995	0.527918)
(-136.125000	0.619592	0.641677)
(-131.000000	0.576040	0.756113)
(-125.875000	0.525354	0.867536)
(-120.750000	0.466784	0.972350)
(-115.625000	0.400485	1.067167)
(-110.500000	0.327313	1.148915)
(-105.375000	0.248678	1.214939)
(-100.250000	0.166423	1.263082)
(-95.125000	0.082727	1.291757)
(-90.000000	0.000000	1.300000)
(-84.875000	-0.082727	1.291757)
(-79.750000	-0.166423	1.263082)
(-74.625000	-0.248678	1.214939)
(-69.500000	-0.327313	1.148915)
(-64.375000	-0.400485	1.067167)
(-59.250000	-0.466784	0.972350)
(-54.125000	-0.525354	0.867536)
(-49.000000	-0.576040	0.756113)
(-43.875000	-0.619592	0.641677)
(-38.750000	-0.657995	0.527918)
(-33.625000	-0.695067	0.418501)
(-28.500000	-0.737687	0.316949)
(-23.375000	-0.798639	0.226528)
(-18.250000	-0.904264	0.150148)
(-17.303571	-0.857730	0.141379)
(-16.357143	-0.811196	0.132610)
(-15.410714	-0.764662	0.123841)
(-14.464286	-0.718127	0.115072)
(-13.517857	-0.671593	0.106303)
(-12.571429	-0.625059	0.097534)
(-11.625000	-0.578525	0.088765)
(-10.678571	-0.531990	0.079995)
(-9.732143	-0.485456	0.071226)
(-8.785714	-0.438922	0.062457)
(-7.839286	-0.392388	0.053688)
(-6.892857	-0.345853	0.044919)
(-5.000000	-0.252785	0.027381)
(-4.750000	-0.228675	0.028444)
(-4.500000	-0.206599	0.028986)
(-4.250000	-0.183361	0.029864)
(-4.000000	-0.160559	0.030522)
(-3.750000	-0.137902	0.030926)
(-3.250000	-0.092079	0.030937)
(-3.000000	-0.072401	0.031099)
(-2.750000	-0.052649	0.031214)
(-2.500000	-0.032535	0.031260)
(-2.250000	-0.009587	0.031295)
(-2.000000	0.013796	0.031295)
(-1.750000	0.032239	0.031422)
(-1.500000	0.051119	0.031526)
(-1.000000	0.097958	0.031284)
(-0.750000	0.115966	0.031480)
(-0.500000	0.134409	0.031699)
(-0.250000	0.152780	0.032034)
(0.000000	0.180740	0.031780)
(0.250000	0.197731	0.032207)
(0.500000	0.214867	0.032669)
(1.000000	0.263232	0.032784)
(1.250000	0.278552	0.033466)
(1.500000	0.293508	0.034216)
(2.000000	0.340856	0.034493)
(2.250000	0.355231	0.035382)
(2.500000	0.369461	0.036306)
(2.750000	0.383182	0.037287)
(3.500000	0.443017	0.038695)
(3.750000	0.456884	0.039619)
(4.000000	0.453097	0.042228)
(4.250000	0.481929	0.041755)
(4.500000	0.495360	0.042759)
(4.750000	0.510098	0.043706)
(5.000000	0.524619	0.044572)
(5.250000	0.539793	0.045345)
(5.750000	0.572975	0.046592)
(6.250000	0.628750	0.047250)
(8.000000	0.938601	0.033292)
(8.250000	0.992860	0.029644)
(8.500000	1.024089	0.028490)
(8.750000	1.055319	0.027370)
(9.000000	1.083497	0.026539)
(9.250000	1.109133	0.025881)
(9.500000	1.127140	0.025800)
(9.750000	1.142968	0.025754)
(10.000000	1.151968	0.026285)
(10.250000	1.157189	0.027370)
(10.500000	1.161684	0.028755)
(10.750000	1.163855	0.030672)
(11.000000	1.163337	0.033235)
(11.250000	1.161512	0.036282)
(11.500000	1.159541	0.039642)
(11.750000	1.158951	0.043036)
(12.000000	1.161121	0.046234)
(12.250000	1.166198	0.049155)
(12.500000	1.174543	0.051695)
(12.750000	1.185286	0.054004)
(13.000000	1.198208	0.056105)
(13.250000	1.213891	0.057883)
(13.500000	1.230664	0.059649)
(13.750000	1.247363	0.061519)
(14.000000	1.265662	0.063297)
(14.250000	1.285122	0.065052)
(14.500000	1.305963	0.066784)
(14.750000	1.330363	0.068284)
(15.000000	1.336529	0.071725)
(15.250000	1.356135	0.073895)
(15.500000	1.363100	0.077382)
(15.750000	1.380599	0.079910)
(16.000000	1.378338	0.084551)
(16.250000	1.386829	0.088014)
(16.500000	1.396482	0.091559)
(16.750000	1.386593	0.097435)
(17.000000	1.376486	0.103715)
(17.250000	1.364999	0.110631)
(17.500000	1.350605	0.118527)
(17.750000	1.332507	0.127798)
(18.000000	1.312011	0.138476)
(18.250000	1.291806	0.150148)
(23.375000	1.140913	0.226528)
(28.500000	1.053839	0.316949)
(33.625000	0.992952	0.418501)
(38.750000	0.939993	0.527918)
(43.875000	0.885132	0.641677)
(49.000000	0.822915	0.756113)
(54.125000	0.750506	0.867536)
(59.250000	0.666834	0.972350)
(64.375000	0.572122	1.067167)
(69.500000	0.467591	1.148915)
(74.625000	0.355254	1.214939)
(79.750000	0.237748	1.263082)
(84.875000	0.118181	1.291757)
(90.000000	0.000000	1.300000)
(95.125000	-0.082727	1.291757)
(100.250000	-0.166423	1.263082)
(105.375000	-0.248678	1.214939)
(110.500000	-0.327313	1.148915)
(115.625000	-0.400485	1.067167)
(120.750000	-0.466784	0.972350)
(125.875000	-0.525354	0.867536)
(131.000000	-0.576040	0.756113)
(136.125000	-0.619592	0.641677)
(141.250000	-0.657995	0.527918)
(146.375000	-0.695067	0.418501)
(151.500000	-0.737687	0.316949)
(156.625000	-0.798639	0.226528)
(161.750000	-0.904264	0.150148)
(163.053571	-0.839674	0.133266)
(164.357143	-0.775084	0.117489)
(165.660714	-0.710493	0.102850)
(166.964286	-0.645903	0.089380)
(168.267857	-0.581313	0.077106)
(169.571429	-0.516722	0.066055)
(170.875000	-0.452132	0.056249)
(172.178571	-0.387542	0.047708)
(173.482143	-0.322951	0.040451)
(174.785714	-0.258361	0.034493)
(176.089286	-0.193771	0.029846)
(177.392857	-0.129181	0.026520)
(178.696429	-0.064590	0.024522)
(180.000000	0.000000	0.023855)
