// Re = 0.11
(-180.000000	0.000000	0.005653)
(-178.678571	0.069083	0.006343)
(-177.357143	0.138167	0.008411)
(-176.035714	0.207250	0.011853)
(-174.714286	0.276334	0.016662)
(-173.392857	0.345417	0.022826)
(-172.071429	0.414500	0.030334)
(-170.750000	0.483584	0.039169)
(-169.428571	0.552667	0.049313)
(-168.107143	0.621751	0.060743)
(-166.785714	0.690834	0.073435)
(-165.464286	0.759917	0.087363)
(-164.142857	0.829001	0.102496)
(-162.821429	0.898084	0.118803)
(-161.500000	0.967168	0.136248)
(-156.392857	0.846827	0.213662)
(-151.285714	0.775085	0.305030)
(-146.178571	0.724139	0.407450)
(-141.071429	0.680427	0.517670)
(-135.964286	0.636630	0.632189)
(-130.857143	0.588665	0.747369)
(-125.750000	0.534379	0.859551)
(-120.642857	0.472911	0.965169)
(-115.535714	0.404338	1.060865)
(-110.428571	0.329453	1.143596)
(-105.321429	0.249616	1.210728)
(-100.214286	0.166629	1.260123)
(-95.107143	0.082631	1.290202)
(-90.000000	0.000000	1.300000)
(-84.892857	-0.082631	1.290202)
(-79.785714	-0.166629	1.260123)
(-74.678571	-0.249616	1.210728)
(-69.571429	-0.329453	1.143596)
(-64.464286	-0.404338	1.060865)
(-59.357143	-0.472911	0.965169)
(-54.250000	-0.534379	0.859551)
(-49.142857	-0.588665	0.747369)
(-44.035714	-0.636630	0.632189)
(-38.928571	-0.680427	0.517670)
(-33.821429	-0.724139	0.407450)
(-28.714286	-0.775085	0.305030)
(-23.607143	-0.846827	0.213662)
(-18.500000	-0.967168	0.136248)
(-17.535714	-0.915821	0.128300)
(-16.571429	-0.864475	0.120352)
(-15.607143	-0.813129	0.112404)
(-14.642857	-0.761782	0.104456)
(-13.678571	-0.710436	0.096508)
(-12.714286	-0.659090	0.088560)
(-11.750000	-0.607743	0.080613)
(-10.785714	-0.556397	0.072665)
(-9.821429	-0.505051	0.064717)
(-8.857143	-0.453704	0.056769)
(-7.892857	-0.402358	0.048821)
(-6.928571	-0.351012	0.040873)
(-5.000000	-0.248319	0.024977)
(-4.750000	-0.223012	0.025464)
(-4.500000	-0.195336	0.026239)
(-4.250000	-0.171529	0.026903)
(-4.000000	-0.148432	0.027346)
(-3.750000	-0.125809	0.027512)
(-3.500000	-0.102160	0.027789)
(-3.250000	-0.075116	0.027811)
(-3.000000	-0.053204	0.027944)
(-2.750000	-0.031291	0.028010)
(-2.500000	-0.008748	0.028209)
(-2.250000	0.015217	0.028254)
(-2.000000	0.040367	0.028143)
(-1.750000	0.061805	0.028198)
(-1.500000	0.083796	0.028209)
(-1.250000	0.108472	0.028099)
(-1.000000	0.133700	0.027999)
(-0.750000	0.154191	0.028265)
(-0.500000	0.176182	0.028386)
(-0.250000	0.204964	0.028099)
(0.000000	0.225928	0.028320)
(0.250000	0.246656	0.028608)
(0.750000	0.295850	0.028707)
(1.000000	0.315867	0.029106)
(1.250000	0.337068	0.029460)
(1.500000	0.367429	0.029172)
(1.750000	0.385077	0.029759)
(2.000000	0.403673	0.030313)
(2.250000	0.435613	0.029870)
(2.500000	0.453341	0.030512)
(2.750000	0.471068	0.031176)
(3.250000	0.507155	0.032471)
(3.500000	0.539094	0.031973)
(3.750000	0.555480	0.032715)
(4.250000	0.587776	0.034198)
(4.500000	0.619321	0.033611)
(4.750000	0.640128	0.033932)
(5.000000	0.654934	0.034585)
(5.750000	0.702669	0.036146)
(6.000000	0.737688	0.034829)
(6.250000	0.737255	0.036500)
(6.500000	0.784117	0.034198)
(7.000000	0.879105	0.030589)
(7.250000	0.911045	0.030877)
(7.500000	0.950722	0.029637)
(7.750000	0.993400	0.028032)
(8.000000	1.034103	0.026482)
(8.250000	1.068333	0.025497)
(8.500000	1.097509	0.024966)
(8.750000	1.125737	0.024512)
(9.000000	1.152229	0.024158)
(9.250000	1.174536	0.024025)
(9.500000	1.191948	0.024147)
(9.750000	1.203833	0.024512)
(10.000000	1.213191	0.025143)
(10.250000	1.218285	0.026272)
(10.500000	1.221248	0.027800)
(10.750000	1.221131	0.029925)
(11.000000	1.218646	0.032582)
(11.250000	1.214898	0.035670)
(11.500000	1.211544	0.038969)
(11.750000	1.209769	0.042268)
(12.000000	1.210758	0.045400)
(12.250000	1.214747	0.048234)
(12.500000	1.221658	0.050813)
(12.750000	1.231332	0.053094)
(13.000000	1.242585	0.055285)
(13.250000	1.256681	0.057123)
(13.500000	1.272908	0.058783)
(13.750000	1.288898	0.060565)
(14.000000	1.306863	0.062193)
(14.250000	1.326722	0.063698)
(14.500000	1.349108	0.065060)
(14.750000	1.361861	0.067484)
(15.000000	1.378878	0.069620)
(15.250000	1.402606	0.071137)
(15.500000	1.408727	0.074447)
(15.750000	1.429771	0.076362)
(16.000000	1.429418	0.080446)
(16.250000	1.457488	0.081752)
(16.500000	1.448529	0.086778)
(16.750000	1.441780	0.091848)
(17.000000	1.437400	0.096818)
(17.250000	1.462312	0.098202)
(17.500000	1.447984	0.104534)
(17.750000	1.433023	0.111408)
(18.000000	1.417037	0.118924)
(18.250000	1.399787	0.127204)
(18.500000	1.381668	0.136248)
(23.607143	1.209753	0.213662)
(28.714286	1.107264	0.305030)
(33.821429	1.034484	0.407450)
(38.928571	0.972039	0.517670)
(44.035714	0.909472	0.632189)
(49.142857	0.840949	0.747369)
(54.250000	0.763398	0.859551)
(59.357143	0.675587	0.965169)
(64.464286	0.577625	1.060865)
(69.571429	0.470647	1.143596)
(74.678571	0.356594	1.210728)
(79.785714	0.238042	1.260123)
(84.892857	0.118045	1.290202)
(90.000000	0.000000	1.300000)
(95.107143	-0.082631	1.290202)
(100.214286	-0.166629	1.260123)
(105.321429	-0.249616	1.210728)
(110.428571	-0.329453	1.143596)
(115.535714	-0.404338	1.060865)
(120.642857	-0.472911	0.965169)
(125.750000	-0.534379	0.859551)
(130.857143	-0.588665	0.747369)
(135.964286	-0.636630	0.632189)
(141.071429	-0.680427	0.517670)
(146.178571	-0.724139	0.407450)
(151.285714	-0.775085	0.305030)
(156.392857	-0.846827	0.213662)
(161.500000	-0.967168	0.136248)
(162.821429	-0.898084	0.118803)
(164.142857	-0.829001	0.102496)
(165.464286	-0.759917	0.087363)
(166.785714	-0.690834	0.073435)
(168.107143	-0.621751	0.060743)
(169.428571	-0.552667	0.049313)
(170.750000	-0.483584	0.039169)
(172.071429	-0.414500	0.030334)
(173.392857	-0.345417	0.022826)
(174.714286	-0.276334	0.016662)
(176.035714	-0.207250	0.011853)
(177.357143	-0.138167	0.008411)
(178.678571	-0.069083	0.006343)
(180.000000	0.000000	0.005653)
