// Re = 0.1
(-180.000000	0.000000	0.027601)
(-178.696429	0.065268	0.028267)
(-177.392857	0.130536	0.030263)
(-176.089286	0.195804	0.033584)
(-174.785714	0.261072	0.038224)
(-173.482143	0.326340	0.044174)
(-172.178571	0.391608	0.051420)
(-170.875000	0.456876	0.059948)
(-169.571429	0.522144	0.069739)
(-168.267857	0.587412	0.080774)
(-166.964286	0.652680	0.093030)
(-165.660714	0.717948	0.106480)
(-164.357143	0.783216	0.121097)
(-163.053571	0.848484	0.136850)
(-161.750000	0.913752	0.153706)
(-156.625000	0.805636	0.229967)
(-151.500000	0.743019	0.320241)
(-146.375000	0.699191	0.421621)
(-141.250000	0.661196	0.530840)
(-136.125000	0.622062	0.644378)
(-131.000000	0.577919	0.758571)
(-125.875000	0.526750	0.869731)
(-120.750000	0.467786	0.974266)
(-115.625000	0.401169	1.068787)
(-110.500000	0.327745	1.150227)
(-105.375000	0.248918	1.215932)
(-100.250000	0.166529	1.263748)
(-95.125000	0.082753	1.292092)
(-90.000000	0.000000	1.300000)
(-84.875000	-0.082753	1.292092)
(-79.750000	-0.166529	1.263748)
(-74.625000	-0.248918	1.215932)
(-69.500000	-0.327745	1.150227)
(-64.375000	-0.401169	1.068787)
(-59.250000	-0.467786	0.974266)
(-54.125000	-0.526750	0.869731)
(-49.000000	-0.577919	0.758571)
(-43.875000	-0.622062	0.644378)
(-38.750000	-0.661196	0.530840)
(-33.625000	-0.699191	0.421621)
(-28.500000	-0.743019	0.320241)
(-23.375000	-0.805636	0.229967)
(-18.250000	-0.913752	0.153706)
(-17.303571	-0.866464	0.144673)
(-16.357143	-0.819176	0.135641)
(-15.410714	-0.771888	0.126608)
(-14.464286	-0.724599	0.117575)
(-13.517857	-0.677311	0.108543)
(-12.571429	-0.630023	0.099510)
(-11.625000	-0.582735	0.090478)
(-10.678571	-0.535447	0.081445)
(-9.732143	-0.488159	0.072412)
(-8.785714	-0.440871	0.063380)
(-7.839286	-0.393582	0.054347)
(-6.892857	-0.346294	0.045314)
(-5.000000	-0.251718	0.027249)
(-4.750000	-0.227808	0.028343)
(-4.500000	-0.205841	0.028902)
(-4.250000	-0.182764	0.029806)
(-4.000000	-0.160104	0.030484)
(-3.750000	-0.137582	0.030900)
(-3.250000	-0.092053	0.030912)
(-3.000000	-0.072377	0.031078)
(-2.750000	-0.052632	0.031197)
(-2.500000	-0.032539	0.031245)
(-2.250000	-0.009740	0.031281)
(-2.000000	0.013476	0.031281)
(-1.750000	0.031972	0.031411)
(-1.500000	0.050884	0.031518)
(-1.000000	0.097385	0.031269)
(-0.750000	0.115465	0.031471)
(-0.500000	0.133961	0.031697)
(-0.250000	0.152387	0.032042)
(0.000000	0.179976	0.031780)
(0.250000	0.197084	0.032220)
(0.500000	0.214330	0.032696)
(1.000000	0.262289	0.032815)
(1.250000	0.277800	0.033516)
(1.500000	0.292964	0.034289)
(2.000000	0.339951	0.034575)
(2.250000	0.354560	0.035490)
(2.500000	0.369030	0.036442)
(2.750000	0.383015	0.037452)
(3.500000	0.442806	0.038903)
(3.750000	0.456929	0.039854)
(4.000000	0.454185	0.042542)
(4.250000	0.482607	0.042054)
(4.500000	0.496314	0.043089)
(4.750000	0.511270	0.044064)
(5.000000	0.526018	0.044956)
(5.250000	0.541390	0.045753)
(5.750000	0.574842	0.047037)
(6.250000	0.629880	0.047715)
(8.000000	0.932044	0.033338)
(8.250000	0.984759	0.029580)
(8.500000	1.015471	0.028391)
(8.750000	1.046183	0.027237)
(9.000000	1.073980	0.026381)
(9.250000	1.099347	0.025703)
(9.500000	1.117427	0.025620)
(9.750000	1.133424	0.025573)
(10.000000	1.142896	0.026120)
(10.250000	1.148760	0.027237)
(10.500000	1.153929	0.028664)
(10.750000	1.156877	0.030638)
(11.000000	1.157257	0.033278)
(11.250000	1.156388	0.036418)
(11.500000	1.155379	0.039878)
(11.750000	1.155690	0.043374)
(12.000000	1.158638	0.046668)
(12.250000	1.164363	0.049677)
(12.500000	1.173211	0.052293)
(12.750000	1.184349	0.054672)
(13.000000	1.197570	0.056836)
(13.250000	1.213428	0.058667)
(13.500000	1.230328	0.060487)
(13.750000	1.247158	0.062413)
(14.000000	1.265515	0.064244)
(14.250000	1.284983	0.066052)
(14.500000	1.305769	0.067836)
(14.750000	1.329957	0.069382)
(15.000000	1.336722	0.072925)
(15.250000	1.356329	0.075161)
(15.500000	1.363858	0.078752)
(15.750000	1.381452	0.081356)
(16.000000	1.380166	0.086137)
(16.250000	1.389153	0.089704)
(16.500000	1.399250	0.093355)
(16.750000	1.390676	0.099408)
(17.000000	1.381894	0.105877)
(17.250000	1.371793	0.113000)
(17.500000	1.358916	0.121134)
(17.750000	1.342498	0.130683)
(18.000000	1.323791	0.141683)
(18.250000	1.305360	0.153706)
(23.375000	1.150908	0.229967)
(28.500000	1.061456	0.320241)
(33.625000	0.998845	0.421621)
(38.750000	0.944566	0.530840)
(43.875000	0.888660	0.644378)
(49.000000	0.825599	0.758571)
(54.125000	0.752500	0.869731)
(59.250000	0.668266	0.974266)
(64.375000	0.573098	1.068787)
(69.500000	0.468207	1.150227)
(74.625000	0.355597	1.215932)
(79.750000	0.237899	1.263748)
(84.875000	0.118219	1.292092)
(90.000000	0.000000	1.300000)
(95.125000	-0.082753	1.292092)
(100.250000	-0.166529	1.263748)
(105.375000	-0.248918	1.215932)
(110.500000	-0.327745	1.150227)
(115.625000	-0.401169	1.068787)
(120.750000	-0.467786	0.974266)
(125.875000	-0.526750	0.869731)
(131.000000	-0.577919	0.758571)
(136.125000	-0.622062	0.644378)
(141.250000	-0.661196	0.530840)
(146.375000	-0.699191	0.421621)
(151.500000	-0.743019	0.320241)
(156.625000	-0.805636	0.229967)
(161.750000	-0.913752	0.153706)
(163.053571	-0.848484	0.136850)
(164.357143	-0.783216	0.121097)
(165.660714	-0.717948	0.106480)
(166.964286	-0.652680	0.093030)
(168.267857	-0.587412	0.080774)
(169.571429	-0.522144	0.069739)
(170.875000	-0.456876	0.059948)
(172.178571	-0.391608	0.051420)
(173.482143	-0.326340	0.044174)
(174.785714	-0.261072	0.038224)
(176.089286	-0.195804	0.033584)
(177.392857	-0.130536	0.030263)
(178.696429	-0.065268	0.028267)
(180.000000	0.000000	0.027601)
