// Re = 0.13
(-180.000000	0.000000	0.001000)
(-178.625000	0.063276	0.001175)
(-177.250000	0.126552	0.003418)
(-175.875000	0.189827	0.007152)
(-174.500000	0.253103	0.012366)
(-173.125000	0.316379	0.019051)
(-171.750000	0.379654	0.027189)
(-170.375000	0.442930	0.036762)
(-169.000000	0.506206	0.047749)
(-167.625000	0.569482	0.060123)
(-166.250000	0.632758	0.073857)
(-164.875000	0.696033	0.088918)
(-163.500000	0.759309	0.105273)
(-162.125000	0.822585	0.122882)
(-160.750000	0.885860	0.141707)
(-155.696429	0.791194	0.220596)
(-150.642857	0.734234	0.312822)
(-145.589286	0.692739	0.415522)
(-140.535714	0.655557	0.525508)
(-135.482143	0.616572	0.639365)
(-130.428571	0.572369	0.753559)
(-125.375000	0.521184	0.864546)
(-120.321429	0.462385	0.968879)
(-115.267857	0.396180	1.063320)
(-110.214286	0.323427	1.144937)
(-105.160714	0.245503	1.211196)
(-100.107143	0.164190	1.260039)
(-95.053571	0.081584	1.289950)
(-90.000000	0.000000	1.300000)
(-84.946429	-0.081584	1.289950)
(-79.892857	-0.164190	1.260039)
(-74.839286	-0.245503	1.211196)
(-69.785714	-0.323427	1.144937)
(-64.732143	-0.396180	1.063320)
(-59.678571	-0.462385	0.968879)
(-54.625000	-0.521184	0.864546)
(-49.571429	-0.572369	0.753559)
(-44.517857	-0.616572	0.639365)
(-39.464286	-0.655557	0.525508)
(-34.410714	-0.692739	0.415522)
(-29.357143	-0.734234	0.312822)
(-24.303571	-0.791194	0.220596)
(-19.250000	-0.885861	0.141707)
(-18.232143	-0.839905	0.133098)
(-17.214286	-0.793950	0.124489)
(-16.196429	-0.747995	0.115880)
(-15.178571	-0.702039	0.107272)
(-14.160714	-0.656084	0.098663)
(-13.142857	-0.610129	0.090054)
(-12.125000	-0.564173	0.081445)
(-11.107143	-0.518218	0.072836)
(-10.089286	-0.472263	0.064227)
(-9.071429	-0.426307	0.055618)
(-8.053571	-0.380352	0.047010)
(-7.035714	-0.334397	0.038401)
(-5.000000	-0.242486	0.021183)
(-4.750000	-0.216324	0.021664)
(-4.500000	-0.190349	0.021919)
(-4.250000	-0.163531	0.022351)
(-4.000000	-0.138587	0.022753)
(-3.750000	-0.113643	0.023058)
(-3.500000	-0.088231	0.023254)
(-3.250000	-0.060944	0.023283)
(-3.000000	-0.036469	0.023372)
(-2.750000	-0.011806	0.023421)
(-2.500000	0.013700	0.023401)
(-2.250000	0.041455	0.023264)
(-2.000000	0.065462	0.023441)
(-1.750000	0.090312	0.023470)
(-1.500000	0.117505	0.023362)
(-1.250000	0.143948	0.023283)
(-1.000000	0.168049	0.023411)
(-0.750000	0.194023	0.023411)
(-0.500000	0.221685	0.023313)
(-0.250000	0.246629	0.023372)
(0.000000	0.271666	0.023470)
(0.250000	0.299422	0.023401)
(0.500000	0.323803	0.023539)
(0.750000	0.350340	0.023588)
(1.250000	0.400509	0.023804)
(1.500000	0.426577	0.023892)
(1.750000	0.454989	0.023853)
(2.000000	0.477590	0.024128)
(2.250000	0.502440	0.024265)
(2.500000	0.530195	0.024245)
(2.750000	0.552796	0.024540)
(3.000000	0.577833	0.024697)
(3.250000	0.606995	0.024609)
(3.500000	0.629033	0.024933)
(3.750000	0.652009	0.025168)
(4.000000	0.682295	0.024933)
(4.250000	0.703115	0.025266)
(4.500000	0.724965	0.025531)
(5.000000	0.779633	0.025355)
(5.250000	0.800453	0.025571)
(5.500000	0.821648	0.025698)
(5.750000	0.844248	0.025688)
(6.000000	0.869192	0.025502)
(6.250000	0.896385	0.025149)
(6.500000	0.925453	0.024569)
(6.750000	0.949459	0.024304)
(7.000000	0.968686	0.024177)
(7.250000	0.989038	0.023882)
(7.500000	1.014169	0.023274)
(7.750000	1.048016	0.022459)
(8.000000	1.087956	0.021890)
(8.250000	1.118523	0.021683)
(8.500000	1.145809	0.021585)
(8.750000	1.172440	0.021526)
(9.000000	1.197853	0.021497)
(9.250000	1.216517	0.021733)
(9.500000	1.232651	0.022047)
(9.750000	1.242693	0.022537)
(10.000000	1.248236	0.023372)
(10.250000	1.250030	0.024579)
(10.500000	1.247795	0.026248)
(10.750000	1.241997	0.028398)
(11.000000	1.234326	0.030940)
(11.250000	1.226092	0.033767)
(11.500000	1.218326	0.036722)
(11.750000	1.212716	0.039657)
(12.000000	1.210012	0.042455)
(12.250000	1.209838	0.045076)
(12.500000	1.212382	0.047510)
(12.750000	1.217551	0.049748)
(13.000000	1.224781	0.051829)
(13.250000	1.233979	0.053753)
(13.500000	1.245146	0.055510)
(13.750000	1.257906	0.057140)
(14.000000	1.271884	0.058691)
(14.250000	1.286799	0.060203)
(14.500000	1.303402	0.061616)
(14.750000	1.323191	0.062755)
(15.000000	1.337544	0.064492)
(15.250000	1.351897	0.066328)
(15.500000	1.375623	0.067339)
(15.750000	1.380041	0.070137)
(16.000000	1.402361	0.071393)
(16.250000	1.400687	0.074829)
(16.500000	1.428068	0.075683)
(16.750000	1.418709	0.079865)
(17.000000	1.412818	0.083879)
(17.250000	1.419205	0.086667)
(17.500000	1.428216	0.089308)
(17.750000	1.411547	0.094667)
(18.000000	1.394690	0.100331)
(18.250000	1.376709	0.106427)
(18.500000	1.355729	0.113289)
(18.750000	1.329688	0.121348)
(19.000000	1.298492	0.130939)
(19.250000	1.265515	0.141707)
(24.303571	1.130277	0.220596)
(29.357143	1.048906	0.312822)
(34.410714	0.989627	0.415522)
(39.464286	0.936509	0.525508)
(44.517857	0.880818	0.639365)
(49.571429	0.817670	0.753559)
(54.625000	0.744548	0.864546)
(59.678571	0.660551	0.968879)
(64.732143	0.565972	1.063320)
(69.785714	0.462039	1.144937)
(74.839286	0.350718	1.211196)
(79.892857	0.234557	1.260039)
(84.946429	0.116549	1.289950)
(90.000000	0.000000	1.300000)
(95.053571	-0.081584	1.289950)
(100.107143	-0.164190	1.260039)
(105.160714	-0.245503	1.211196)
(110.214286	-0.323427	1.144937)
(115.267857	-0.396180	1.063320)
(120.321429	-0.462385	0.968879)
(125.375000	-0.521184	0.864546)
(130.428571	-0.572369	0.753559)
(135.482143	-0.616572	0.639365)
(140.535714	-0.655557	0.525508)
(145.589286	-0.692739	0.415522)
(150.642857	-0.734234	0.312822)
(155.696429	-0.791194	0.220596)
(160.750000	-0.885861	0.141707)
(162.125000	-0.822585	0.122882)
(163.500000	-0.759309	0.105273)
(164.875000	-0.696033	0.088918)
(166.250000	-0.632758	0.073857)
(167.625000	-0.569482	0.060123)
(169.000000	-0.506206	0.047749)
(170.375000	-0.442930	0.036762)
(171.750000	-0.379654	0.027189)
(173.125000	-0.316379	0.019051)
(174.500000	-0.253103	0.012366)
(175.875000	-0.189827	0.007152)
(177.250000	-0.126552	0.003418)
(178.625000	-0.063276	0.001175)
(180.000000	0.000000	0.001000)
