// Re = 0.1
(-180.000000	0.000000	0.047080)
(-178.696429	0.068159	0.047741)
(-177.392857	0.136318	0.049721)
(-176.089286	0.204477	0.053017)
(-174.785714	0.272636	0.057622)
(-173.482143	0.340795	0.063527)
(-172.178571	0.408955	0.070717)
(-170.875000	0.477114	0.079180)
(-169.571429	0.545273	0.088896)
(-168.267857	0.613432	0.099846)
(-166.964286	0.681591	0.112006)
(-165.660714	0.749750	0.125352)
(-164.357143	0.817909	0.139854)
(-163.053571	0.886068	0.155483)
(-161.750000	0.954227	0.172205)
(-156.625000	0.835482	0.247847)
(-151.500000	0.765766	0.337359)
(-146.375000	0.716788	0.437841)
(-141.250000	0.674852	0.546031)
(-136.125000	0.632599	0.658419)
(-131.000000	0.585934	0.771350)
(-125.875000	0.532707	0.881146)
(-120.750000	0.472061	0.984225)
(-115.625000	0.404084	1.077211)
(-110.500000	0.329585	1.157049)
(-105.375000	0.249943	1.221097)
(-100.250000	0.166982	1.267215)
(-95.125000	0.082866	1.293832)
(-90.000000	0.000000	1.300000)
(-84.875000	-0.082866	1.293832)
(-79.750000	-0.166982	1.267215)
(-74.625000	-0.249943	1.221097)
(-69.500000	-0.329585	1.157049)
(-64.375000	-0.404084	1.077211)
(-59.250000	-0.472061	0.984225)
(-54.125000	-0.532707	0.881146)
(-49.000000	-0.585934	0.771350)
(-43.875000	-0.632599	0.658419)
(-38.750000	-0.674852	0.546031)
(-33.625000	-0.716788	0.437841)
(-28.500000	-0.765766	0.337359)
(-23.375000	-0.835482	0.247847)
(-18.250000	-0.954227	0.172205)
(-17.303571	-0.903723	0.161802)
(-16.357143	-0.853218	0.151399)
(-15.410714	-0.802714	0.140996)
(-14.464286	-0.752210	0.130593)
(-13.517857	-0.701705	0.120190)
(-12.571429	-0.651201	0.109787)
(-11.625000	-0.600696	0.099384)
(-10.678571	-0.550192	0.088980)
(-9.732143	-0.499687	0.078577)
(-8.785714	-0.449183	0.068174)
(-7.839286	-0.398678	0.057771)
(-6.892857	-0.348174	0.047368)
(-5.000000	-0.247165	0.026562)
(-4.750000	-0.224109	0.027822)
(-4.500000	-0.202609	0.028466)
(-4.250000	-0.180220	0.029506)
(-4.000000	-0.158164	0.030287)
(-3.750000	-0.136219	0.030766)
(-3.250000	-0.091941	0.030780)
(-3.000000	-0.072276	0.030972)
(-2.750000	-0.052556	0.031109)
(-2.500000	-0.032557	0.031164)
(-2.250000	-0.010390	0.031205)
(-2.000000	0.012110	0.031205)
(-1.750000	0.030830	0.031355)
(-1.500000	0.049884	0.031479)
(-1.000000	0.094940	0.031191)
(-0.750000	0.113327	0.031424)
(-0.500000	0.132047	0.031684)
(-0.250000	0.150711	0.032081)
(0.000000	0.176714	0.031780)
(0.250000	0.194322	0.032287)
(0.500000	0.212041	0.032835)
(1.000000	0.258265	0.032972)
(1.250000	0.274594	0.033780)
(1.500000	0.290645	0.034670)
(2.000000	0.336091	0.034999)
(2.250000	0.351698	0.036053)
(2.500000	0.367193	0.037149)
(2.750000	0.382299	0.038313)
(3.500000	0.441905	0.039984)
(3.750000	0.457123	0.041080)
(4.000000	0.458830	0.044175)
(4.250000	0.485500	0.043613)
(4.500000	0.500384	0.044805)
(4.750000	0.516268	0.045928)
(5.000000	0.531985	0.046955)
(5.250000	0.548203	0.047873)
(5.750000	0.582808	0.049352)
(6.250000	0.634703	0.050133)
(8.000000	0.904069	0.033574)
(8.250000	0.950199	0.029246)
(8.500000	0.978704	0.027877)
(8.750000	1.007209	0.026548)
(9.000000	1.033379	0.025562)
(9.250000	1.057603	0.024781)
(9.500000	1.075989	0.024685)
(9.750000	1.092708	0.024631)
(10.000000	1.104200	0.025261)
(10.250000	1.112801	0.026548)
(10.500000	1.120846	0.028192)
(10.750000	1.127112	0.030465)
(11.000000	1.131321	0.033506)
(11.250000	1.134529	0.037121)
(11.500000	1.137625	0.041107)
(11.750000	1.141779	0.045134)
(12.000000	1.148045	0.048927)
(12.250000	1.156535	0.052392)
(12.500000	1.167526	0.055406)
(12.750000	1.180353	0.058145)
(13.000000	1.194847	0.060637)
(13.250000	1.211454	0.062747)
(13.500000	1.228895	0.064842)
(13.750000	1.246281	0.067061)
(14.000000	1.264890	0.069170)
(14.250000	1.284388	0.071252)
(14.500000	1.304942	0.073306)
(14.750000	1.328221	0.075087)
(15.000000	1.337545	0.079168)
(15.250000	1.357155	0.081743)
(15.500000	1.367090	0.085879)
(15.750000	1.385087	0.088879)
(16.000000	1.387962	0.094384)
(16.250000	1.399064	0.098493)
(16.500000	1.411057	0.102698)
(16.750000	1.408094	0.109669)
(17.000000	1.404964	0.117120)
(17.250000	1.400777	0.125324)
(17.500000	1.394367	0.134692)
(17.750000	1.385121	0.145690)
(18.000000	1.374040	0.158358)
(18.250000	1.363182	0.172205)
(23.375000	1.193546	0.247847)
(28.500000	1.093952	0.337359)
(33.625000	1.023983	0.437841)
(38.750000	0.964075	0.546031)
(43.875000	0.903713	0.658419)
(49.000000	0.837049	0.771350)
(54.125000	0.761009	0.881146)
(59.250000	0.674373	0.984225)
(64.375000	0.577263	1.077211)
(69.500000	0.470836	1.157049)
(74.625000	0.357061	1.221097)
(79.750000	0.238545	1.267215)
(84.875000	0.118380	1.293832)
(90.000000	0.000000	1.300000)
(95.125000	-0.082866	1.293832)
(100.250000	-0.166982	1.267215)
(105.375000	-0.249943	1.221097)
(110.500000	-0.329585	1.157049)
(115.625000	-0.404084	1.077211)
(120.750000	-0.472061	0.984225)
(125.875000	-0.532707	0.881146)
(131.000000	-0.585934	0.771350)
(136.125000	-0.632599	0.658419)
(141.250000	-0.674852	0.546031)
(146.375000	-0.716788	0.437841)
(151.500000	-0.765766	0.337359)
(156.625000	-0.835482	0.247847)
(161.750000	-0.954227	0.172205)
(163.053571	-0.886068	0.155483)
(164.357143	-0.817909	0.139854)
(165.660714	-0.749750	0.125352)
(166.964286	-0.681591	0.112006)
(168.267857	-0.613432	0.099846)
(169.571429	-0.545273	0.088896)
(170.875000	-0.477114	0.079180)
(172.178571	-0.408955	0.070717)
(173.482143	-0.340795	0.063527)
(174.785714	-0.272636	0.057622)
(176.089286	-0.204477	0.053017)
(177.392857	-0.136318	0.049721)
(178.696429	-0.068159	0.047741)
(180.000000	0.000000	0.047080)
