// Re = 0.11
(-180.000000	0.000000	0.011462)
(-178.678571	0.070850	0.012151)
(-177.357143	0.141699	0.014214)
(-176.035714	0.212549	0.017648)
(-174.714286	0.283398	0.022446)
(-173.392857	0.354248	0.028597)
(-172.071429	0.425097	0.036088)
(-170.750000	0.495946	0.044903)
(-169.428571	0.566796	0.055023)
(-168.107143	0.637645	0.066427)
(-166.785714	0.708495	0.079090)
(-165.464286	0.779344	0.092986)
(-164.142857	0.850194	0.108084)
(-162.821429	0.921043	0.124353)
(-161.500000	0.991893	0.141757)
(-156.392857	0.865118	0.218985)
(-151.285714	0.789052	0.310125)
(-146.178571	0.734956	0.412277)
(-141.071429	0.688830	0.522190)
(-135.964286	0.643117	0.636366)
(-130.857143	0.593601	0.751170)
(-125.750000	0.538048	0.862945)
(-120.642857	0.475545	0.968130)
(-115.535714	0.406134	1.063369)
(-110.428571	0.330587	1.145624)
(-105.321429	0.250248	1.212263)
(-100.214286	0.166908	1.261153)
(-95.107143	0.082701	1.290719)
(-90.000000	0.000000	1.300000)
(-84.892857	-0.082701	1.290719)
(-79.785714	-0.166908	1.261153)
(-74.678571	-0.250248	1.212263)
(-69.571429	-0.330587	1.145624)
(-64.464286	-0.406134	1.063369)
(-59.357143	-0.475545	0.968130)
(-54.250000	-0.538048	0.862945)
(-49.142857	-0.593601	0.751170)
(-44.035714	-0.643117	0.636366)
(-38.928571	-0.688830	0.522190)
(-33.821429	-0.734956	0.412277)
(-28.714286	-0.789052	0.310125)
(-23.607143	-0.865118	0.218985)
(-18.500000	-0.991893	0.141757)
(-17.535714	-0.938717	0.133403)
(-16.571429	-0.885541	0.125050)
(-15.607143	-0.832365	0.116696)
(-14.642857	-0.779189	0.108342)
(-13.678571	-0.726013	0.099989)
(-12.714286	-0.672837	0.091635)
(-11.750000	-0.619660	0.083282)
(-10.785714	-0.566484	0.074928)
(-9.821429	-0.513308	0.066574)
(-8.857143	-0.460132	0.058221)
(-7.892857	-0.406956	0.049867)
(-6.928571	-0.353780	0.041513)
(-5.000000	-0.247428	0.024806)
(-4.750000	-0.222298	0.025318)
(-4.500000	-0.194961	0.026133)
(-4.250000	-0.171229	0.026831)
(-4.000000	-0.148159	0.027296)
(-3.750000	-0.125530	0.027471)
(-3.500000	-0.101945	0.027762)
(-3.250000	-0.075197	0.027785)
(-3.000000	-0.053230	0.027924)
(-2.750000	-0.031264	0.027994)
(-2.500000	-0.008709	0.028204)
(-2.250000	0.015171	0.028250)
(-2.000000	0.040153	0.028134)
(-1.750000	0.061679	0.028192)
(-1.500000	0.083719	0.028204)
(-1.250000	0.108260	0.028087)
(-1.000000	0.133316	0.027983)
(-0.750000	0.153959	0.028262)
(-0.500000	0.175999	0.028390)
(-0.250000	0.204366	0.028087)
(0.000000	0.225449	0.028320)
(0.250000	0.246312	0.028622)
(0.750000	0.295248	0.028727)
(1.000000	0.315449	0.029146)
(1.250000	0.336753	0.029518)
(1.500000	0.366591	0.029216)
(1.750000	0.384585	0.029832)
(2.000000	0.403462	0.030414)
(2.250000	0.434772	0.029949)
(2.500000	0.452839	0.030624)
(2.750000	0.470906	0.031322)
(3.250000	0.507630	0.032683)
(3.500000	0.538939	0.032159)
(3.750000	0.555756	0.032939)
(4.250000	0.588948	0.034498)
(4.500000	0.619890	0.033881)
(4.750000	0.640826	0.034219)
(5.000000	0.656172	0.034905)
(5.750000	0.705298	0.036546)
(6.000000	0.739476	0.035161)
(6.250000	0.740623	0.036918)
(6.500000	0.785837	0.034498)
(7.000000	0.877443	0.030705)
(7.250000	0.908752	0.031008)
(7.500000	0.947272	0.029705)
(7.750000	0.988587	0.028018)
(8.000000	1.028062	0.026389)
(8.250000	1.061505	0.025353)
(8.500000	1.090240	0.024795)
(8.750000	1.118092	0.024318)
(9.000000	1.144326	0.023945)
(9.250000	1.166660	0.023806)
(9.500000	1.184433	0.023934)
(9.750000	1.197056	0.024318)
(10.000000	1.207326	0.024981)
(10.250000	1.213622	0.026168)
(10.500000	1.217932	0.027773)
(10.750000	1.219373	0.030007)
(11.000000	1.218607	0.032799)
(11.250000	1.216664	0.036045)
(11.500000	1.215088	0.039512)
(11.750000	1.214984	0.042980)
(12.000000	1.217455	0.046272)
(12.250000	1.222722	0.049251)
(12.500000	1.230710	0.051961)
(12.750000	1.241273	0.054358)
(13.000000	1.253308	0.056662)
(13.250000	1.267991	0.058593)
(13.500000	1.284661	0.060338)
(13.750000	1.301110	0.062211)
(14.000000	1.319398	0.063922)
(14.250000	1.339452	0.065504)
(14.500000	1.361860	0.066935)
(14.750000	1.375292	0.069483)
(15.000000	1.392697	0.071728)
(15.250000	1.416356	0.073322)
(15.500000	1.423609	0.076801)
(15.750000	1.444766	0.078814)
(16.000000	1.445986	0.083107)
(16.250000	1.473691	0.084480)
(16.500000	1.466892	0.089762)
(16.750000	1.462154	0.095091)
(17.000000	1.459622	0.100315)
(17.250000	1.484384	0.101769)
(17.500000	1.472582	0.108424)
(17.750000	1.460193	0.115649)
(18.000000	1.446846	0.123549)
(18.250000	1.432323	0.132251)
(18.500000	1.416990	0.141757)
(23.607143	1.235883	0.218985)
(28.714286	1.127217	0.310125)
(33.821429	1.049937	0.412277)
(38.928571	0.984042	0.522190)
(44.035714	0.918738	0.636366)
(49.142857	0.848001	0.751170)
(54.250000	0.768640	0.862945)
(59.357143	0.679350	0.968130)
(64.464286	0.580192	1.063369)
(69.571429	0.472267	1.145624)
(74.678571	0.357497	1.212263)
(79.785714	0.238440	1.261153)
(84.892857	0.118144	1.290719)
(90.000000	0.000000	1.300000)
(95.107143	-0.082701	1.290719)
(100.214286	-0.166908	1.261153)
(105.321429	-0.250248	1.212263)
(110.428571	-0.330587	1.145624)
(115.535714	-0.406134	1.063369)
(120.642857	-0.475545	0.968130)
(125.750000	-0.538048	0.862945)
(130.857143	-0.593601	0.751170)
(135.964286	-0.643117	0.636366)
(141.071429	-0.688830	0.522190)
(146.178571	-0.734956	0.412277)
(151.285714	-0.789052	0.310125)
(156.392857	-0.865118	0.218985)
(161.500000	-0.991893	0.141757)
(162.821429	-0.921043	0.124353)
(164.142857	-0.850194	0.108084)
(165.464286	-0.779344	0.092986)
(166.785714	-0.708495	0.079090)
(168.107143	-0.637645	0.066427)
(169.428571	-0.566796	0.055023)
(170.750000	-0.495946	0.044903)
(172.071429	-0.425097	0.036088)
(173.392857	-0.354248	0.028597)
(174.714286	-0.283398	0.022446)
(176.035714	-0.212549	0.017648)
(177.357143	-0.141699	0.014214)
(178.678571	-0.070850	0.012151)
(180.000000	0.000000	0.011462)
