// Re = 0.11
(-180.000000	0.000000	0.014951)
(-178.678571	0.071834	0.015638)
(-177.357143	0.143667	0.017699)
(-176.035714	0.215501	0.021128)
(-174.714286	0.287334	0.025920)
(-173.392857	0.359168	0.032062)
(-172.071429	0.431001	0.039543)
(-170.750000	0.502835	0.048346)
(-169.428571	0.574668	0.058452)
(-168.107143	0.646502	0.069841)
(-166.785714	0.718335	0.082486)
(-165.464286	0.790169	0.096363)
(-164.142857	0.862003	0.111440)
(-162.821429	0.933836	0.127685)
(-161.500000	1.005670	0.145065)
(-156.392857	0.875310	0.222182)
(-151.285714	0.796834	0.313184)
(-146.178571	0.740984	0.415175)
(-141.071429	0.693511	0.524903)
(-135.964286	0.646731	0.638873)
(-130.857143	0.596351	0.753452)
(-125.750000	0.540092	0.864983)
(-120.642857	0.477013	0.969908)
(-115.535714	0.407135	1.064873)
(-110.428571	0.331219	1.146841)
(-105.321429	0.250600	1.213185)
(-100.214286	0.167064	1.261771)
(-95.107143	0.082740	1.291029)
(-90.000000	0.000000	1.300000)
(-84.892857	-0.082740	1.291029)
(-79.785714	-0.167064	1.261771)
(-74.678571	-0.250600	1.213185)
(-69.571429	-0.331219	1.146841)
(-64.464286	-0.407135	1.064873)
(-59.357143	-0.477013	0.969908)
(-54.250000	-0.540092	0.864983)
(-49.142857	-0.596351	0.753452)
(-44.035714	-0.646731	0.638873)
(-38.928571	-0.693511	0.524903)
(-33.821429	-0.740984	0.415175)
(-28.714286	-0.796834	0.313184)
(-23.607143	-0.875310	0.222182)
(-18.500000	-1.005670	0.145065)
(-17.535714	-0.951474	0.136468)
(-16.571429	-0.897278	0.127871)
(-15.607143	-0.843083	0.119273)
(-14.642857	-0.788887	0.110676)
(-13.678571	-0.734692	0.102079)
(-12.714286	-0.680496	0.093482)
(-11.750000	-0.626300	0.084885)
(-10.785714	-0.572105	0.076287)
(-9.821429	-0.517909	0.067690)
(-8.857143	-0.463713	0.059093)
(-7.892857	-0.409518	0.050496)
(-6.928571	-0.355322	0.041898)
(-5.000000	-0.246931	0.024704)
(-4.750000	-0.221900	0.025231)
(-4.500000	-0.194752	0.026069)
(-4.250000	-0.171062	0.026787)
(-4.000000	-0.148006	0.027266)
(-3.750000	-0.125375	0.027446)
(-3.500000	-0.101825	0.027745)
(-3.250000	-0.075242	0.027769)
(-3.000000	-0.053245	0.027913)
(-2.750000	-0.031248	0.027985)
(-2.500000	-0.008687	0.028200)
(-2.250000	0.015145	0.028248)
(-2.000000	0.040035	0.028128)
(-1.750000	0.061608	0.028188)
(-1.500000	0.083675	0.028200)
(-1.250000	0.108142	0.028081)
(-1.000000	0.133102	0.027973)
(-0.750000	0.153829	0.028260)
(-0.500000	0.175896	0.028392)
(-0.250000	0.204032	0.028081)
(0.000000	0.225182	0.028320)
(0.250000	0.246121	0.028631)
(0.750000	0.294913	0.028739)
(1.000000	0.315216	0.029170)
(1.250000	0.336577	0.029553)
(1.500000	0.366125	0.029242)
(1.750000	0.384311	0.029877)
(2.000000	0.403344	0.030475)
(2.250000	0.434303	0.029996)
(2.500000	0.452559	0.030691)
(2.750000	0.470816	0.031409)
(3.250000	0.507894	0.032810)
(3.500000	0.538853	0.032271)
(3.750000	0.555910	0.033074)
(4.250000	0.589601	0.034678)
(4.500000	0.620207	0.034043)
(4.750000	0.641216	0.034391)
(5.000000	0.656861	0.035097)
(5.750000	0.706762	0.036785)
(6.000000	0.740473	0.035361)
(6.250000	0.742500	0.037169)
(6.500000	0.786795	0.034678)
(7.000000	0.876516	0.030775)
(7.250000	0.907475	0.031086)
(7.500000	0.945349	0.029745)
(7.750000	0.985905	0.028009)
(8.000000	1.024696	0.026332)
(8.250000	1.057701	0.025267)
(8.500000	1.086190	0.024692)
(8.750000	1.113832	0.024201)
(9.000000	1.139922	0.023818)
(9.250000	1.162272	0.023674)
(9.500000	1.180246	0.023806)
(9.750000	1.193281	0.024201)
(10.000000	1.204058	0.024884)
(10.250000	1.211024	0.026105)
(10.500000	1.216085	0.027757)
(10.750000	1.218393	0.030056)
(11.000000	1.218585	0.032930)
(11.250000	1.217648	0.036271)
(11.500000	1.217063	0.039839)
(11.750000	1.217890	0.043407)
(12.000000	1.221186	0.046796)
(12.250000	1.227165	0.049861)
(12.500000	1.235754	0.052651)
(12.750000	1.246813	0.055117)
(13.000000	1.259283	0.057488)
(13.250000	1.274294	0.059476)
(13.500000	1.291210	0.061272)
(13.750000	1.307914	0.063200)
(14.000000	1.326382	0.064960)
(14.250000	1.346544	0.066588)
(14.500000	1.368965	0.068061)
(14.750000	1.382776	0.070683)
(15.000000	1.400397	0.072994)
(15.250000	1.424017	0.074635)
(15.500000	1.431901	0.078215)
(15.750000	1.453121	0.080286)
(16.000000	1.455218	0.084705)
(16.250000	1.482719	0.086118)
(16.500000	1.477124	0.091554)
(16.750000	1.473505	0.097038)
(17.000000	1.472003	0.102414)
(17.250000	1.496682	0.103911)
(17.500000	1.486289	0.110760)
(17.750000	1.475331	0.118195)
(18.000000	1.463456	0.126326)
(18.250000	1.450451	0.135282)
(18.500000	1.436671	0.145065)
(23.607143	1.250442	0.222182)
(28.714286	1.138334	0.313184)
(33.821429	1.058548	0.415175)
(38.928571	0.990730	0.524903)
(44.035714	0.923901	0.638873)
(49.142857	0.851930	0.753452)
(54.250000	0.771561	0.864983)
(59.357143	0.681447	0.969908)
(64.464286	0.581622	1.064873)
(69.571429	0.473170	1.146841)
(74.678571	0.357999	1.213185)
(79.785714	0.238662	1.261771)
(84.892857	0.118199	1.291029)
(90.000000	0.000000	1.300000)
(95.107143	-0.082740	1.291029)
(100.214286	-0.167064	1.261771)
(105.321429	-0.250600	1.213185)
(110.428571	-0.331219	1.146841)
(115.535714	-0.407135	1.064873)
(120.642857	-0.477013	0.969908)
(125.750000	-0.540092	0.864983)
(130.857143	-0.596351	0.753452)
(135.964286	-0.646731	0.638873)
(141.071429	-0.693511	0.524903)
(146.178571	-0.740984	0.415175)
(151.285714	-0.796834	0.313184)
(156.392857	-0.875310	0.222182)
(161.500000	-1.005670	0.145065)
(162.821429	-0.933836	0.127685)
(164.142857	-0.862003	0.111440)
(165.464286	-0.790169	0.096363)
(166.785714	-0.718335	0.082486)
(168.107143	-0.646502	0.069841)
(169.428571	-0.574668	0.058452)
(170.750000	-0.502835	0.048346)
(172.071429	-0.431001	0.039543)
(173.392857	-0.359168	0.032062)
(174.714286	-0.287334	0.025920)
(176.035714	-0.215501	0.021128)
(177.357143	-0.143667	0.017699)
(178.678571	-0.071834	0.015638)
(180.000000	0.000000	0.014951)
