// Re = 0.1
(-180.000000	0.000000	0.007357)
(-178.696429	0.061217	0.008028)
(-177.392857	0.122434	0.010039)
(-176.089286	0.183650	0.013387)
(-174.785714	0.244867	0.018064)
(-173.482143	0.306084	0.024060)
(-172.178571	0.367301	0.031364)
(-170.875000	0.428518	0.039959)
(-169.571429	0.489734	0.049829)
(-168.267857	0.550951	0.060953)
(-166.964286	0.612168	0.073307)
(-165.660714	0.673385	0.086866)
(-164.357143	0.734602	0.101602)
(-163.053571	0.795818	0.117484)
(-161.750000	0.857035	0.134480)
(-156.625000	0.763813	0.211384)
(-151.500000	0.711145	0.302450)
(-146.375000	0.674534	0.404764)
(-141.250000	0.642060	0.515052)
(-136.125000	0.607298	0.629784)
(-131.000000	0.566688	0.745289)
(-125.875000	0.518404	0.857868)
(-120.750000	0.461796	0.963915)
(-115.625000	0.397083	1.060032)
(-110.500000	0.325166	1.143138)
(-105.375000	0.247482	1.210565)
(-100.250000	0.165896	1.260146)
(-95.125000	0.082596	1.290284)
(-90.000000	0.000000	1.300000)
(-84.875000	-0.082596	1.290284)
(-79.750000	-0.165896	1.260146)
(-74.625000	-0.247482	1.210565)
(-69.500000	-0.325166	1.143138)
(-64.375000	-0.397083	1.060032)
(-59.250000	-0.461796	0.963915)
(-54.125000	-0.518404	0.857868)
(-49.000000	-0.566688	0.745289)
(-43.875000	-0.607298	0.629784)
(-38.750000	-0.642060	0.515052)
(-33.625000	-0.674534	0.404764)
(-28.500000	-0.711145	0.302450)
(-23.375000	-0.763813	0.211384)
(-18.250000	-0.857035	0.134480)
(-17.303571	-0.814254	0.126872)
(-16.357143	-0.771473	0.119263)
(-15.410714	-0.728691	0.111655)
(-14.464286	-0.685910	0.104047)
(-13.517857	-0.643129	0.096439)
(-12.571429	-0.600347	0.088830)
(-11.625000	-0.557566	0.081222)
(-10.678571	-0.514785	0.073614)
(-9.732143	-0.472004	0.066005)
(-8.785714	-0.429222	0.058397)
(-7.839286	-0.386441	0.050789)
(-6.892857	-0.343660	0.043181)
(-5.000000	-0.258097	0.027964)
(-4.750000	-0.232991	0.028885)
(-4.500000	-0.210371	0.029356)
(-4.250000	-0.186330	0.030117)
(-4.000000	-0.162822	0.030688)
(-3.750000	-0.139492	0.031039)
(-3.250000	-0.092209	0.031049)
(-3.000000	-0.072518	0.031189)
(-2.750000	-0.052738	0.031289)
(-2.500000	-0.032514	0.031329)
(-2.250000	-0.008829	0.031359)
(-2.000000	0.015389	0.031359)
(-1.750000	0.033571	0.031469)
(-1.500000	0.052286	0.031560)
(-1.000000	0.100811	0.031349)
(-0.750000	0.118461	0.031520)
(-0.500000	0.136643	0.031710)
(-0.250000	0.154736	0.032000)
(0.000000	0.184547	0.031780)
(0.250000	0.200953	0.032151)
(0.500000	0.217538	0.032551)
(1.000000	0.267927	0.032651)
(1.250000	0.282292	0.033242)
(1.500000	0.296214	0.033894)
(2.000000	0.345360	0.034134)
(2.250000	0.358571	0.034905)
(2.500000	0.371605	0.035707)
(2.750000	0.384018	0.036558)
(3.500000	0.444068	0.037780)
(3.750000	0.456658	0.038581)
(4.000000	0.447678	0.040845)
(4.250000	0.478553	0.040434)
(4.500000	0.490611	0.041306)
(4.750000	0.504266	0.042127)
(5.000000	0.517655	0.042878)
(5.250000	0.531842	0.043550)
(5.750000	0.563680	0.044631)
(6.250000	0.623123	0.045202)
(8.000000	0.971244	0.033092)
(8.250000	1.033187	0.029927)
(8.500000	1.066992	0.028925)
(8.750000	1.100796	0.027954)
(9.000000	1.130873	0.027232)
(9.250000	1.157843	0.026662)
(9.500000	1.175492	0.026591)
(9.750000	1.190479	0.026551)
(10.000000	1.197122	0.027012)
(10.250000	1.199149	0.027954)
(10.500000	1.200288	0.029156)
(10.750000	1.198587	0.030818)
(11.000000	1.193602	0.033042)
(11.250000	1.187019	0.035686)
(11.500000	1.180258	0.038601)
(11.750000	1.175184	0.041546)
(12.000000	1.173483	0.044321)
(12.250000	1.175332	0.046855)
(12.500000	1.181176	0.049059)
(12.750000	1.189949	0.051062)
(13.000000	1.201385	0.052885)
(13.250000	1.216194	0.054428)
(13.500000	1.232335	0.055960)
(13.750000	1.248387	0.057583)
(14.000000	1.266391	0.059125)
(14.250000	1.285816	0.060648)
(14.500000	1.306928	0.062150)
(14.750000	1.332388	0.063453)
(15.000000	1.335569	0.066438)
(15.250000	1.355172	0.068321)
(15.500000	1.359329	0.071346)
(15.750000	1.376357	0.073539)
(16.000000	1.369242	0.077566)
(16.250000	1.375263	0.080571)
(16.500000	1.382705	0.083646)
(16.750000	1.366269	0.088745)
(17.000000	1.349566	0.094194)
(17.250000	1.331178	0.100194)
(17.500000	1.309238	0.107045)
(17.750000	1.282772	0.115088)
(18.000000	1.253376	0.124354)
(18.250000	1.224336	0.134480)
(23.375000	1.091161	0.211384)
(28.500000	1.015921	0.302450)
(33.625000	0.963620	0.404764)
(38.750000	0.917229	0.515052)
(43.875000	0.867568	0.629784)
(49.000000	0.809554	0.745289)
(54.125000	0.740577	0.857868)
(59.250000	0.659708	0.963915)
(64.375000	0.567262	1.060032)
(69.500000	0.464523	1.143138)
(74.625000	0.353546	1.210565)
(79.750000	0.236994	1.260146)
(84.875000	0.117994	1.290284)
(90.000000	0.000000	1.300000)
(95.125000	-0.082596	1.290284)
(100.250000	-0.165896	1.260146)
(105.375000	-0.247482	1.210565)
(110.500000	-0.325166	1.143138)
(115.625000	-0.397083	1.060032)
(120.750000	-0.461796	0.963915)
(125.875000	-0.518404	0.857868)
(131.000000	-0.566688	0.745289)
(136.125000	-0.607298	0.629784)
(141.250000	-0.642060	0.515052)
(146.375000	-0.674534	0.404764)
(151.500000	-0.711145	0.302450)
(156.625000	-0.763813	0.211384)
(161.750000	-0.857035	0.134480)
(163.053571	-0.795818	0.117484)
(164.357143	-0.734602	0.101602)
(165.660714	-0.673385	0.086866)
(166.964286	-0.612168	0.073307)
(168.267857	-0.550951	0.060953)
(169.571429	-0.489734	0.049829)
(170.875000	-0.428518	0.039959)
(172.178571	-0.367301	0.031364)
(173.482143	-0.306084	0.024060)
(174.785714	-0.244867	0.018064)
(176.089286	-0.183650	0.013387)
(177.392857	-0.122434	0.010039)
(178.696429	-0.061217	0.008028)
(180.000000	0.000000	0.007357)
