// Re = 0.03e6 
// (alpha_deg cl cd)
(-180	0.0000	0.0365)
(-170	0.1753	0.0749)
(-160	0.3507	0.1852)
(-150	0.5260	0.3541)
(-140	0.5268	0.5610)
(-130	0.4932	0.7805)
(-120	0.4170	0.9858)
(-110	0.3014	1.1516)
(-100	0.1572	1.2574)
(-90	0.0000	1.2900)
(-80	-0.1572	1.2574)
(-70	-0.3014	1.1516)
(-60	-0.4170	0.9858)
(-50	-0.4932	0.7805)
(-40	-0.5268	0.5610)
(-30	-0.5260	0.3541)
(-20	-0.4639	0.2413)
(-10	-0.4018	0.1285)
(-5	-0.3707	0.0722)
(-4.5	-0.3211	0.0690)
(-4	-0.2821	0.0660)
(-3.5	-0.2486	0.0635)
(-3	-0.2167	0.0614)
(-2.5	-0.1809	0.0598)
(-2	-0.1341	0.0586)
(-1.5	-0.0803	0.0580)
(-1	-0.0825	0.0575)
(-0.5	-0.0846	0.0570)
(0	-0.0871	0.0566)
(0.5	-0.0902	0.0560)
(1	-0.0942	0.0554)
(1.5	-0.0992	0.0547)
(2	-0.1049	0.0537)
(2.5	-0.1099	0.0527)
(3	-0.1063	0.0522)
(3.5	-0.0804	0.0531)
(4	-0.0412	0.0552)
(4.5	0.0028	0.0581)
(5	0.0472	0.0614)
(5.5	0.0902	0.0652)
(6	0.1309	0.0692)
(6.5	0.1691	0.0736)
(7	0.2475	0.0823)
(7.5	0.3075	0.0895)
(8	0.3539	0.0959)
(8.5	0.4032	0.1032)
(9	0.4358	0.1090)
(9.5	0.4696	0.1153)
(10	0.5012	0.1219)
(10.5	0.5307	0.1285)
(11	0.5589	0.1353)
(11.5	0.5880	0.1425)
(12	0.6153	0.1499)
(12.5	0.6367	0.1566)
(13	0.6601	0.1639)
(13.5	0.6765	0.1701)
(14	0.7009	0.1778)
(14.5	0.7174	0.1842)
(15	0.7380	0.1915)
(15.5	0.7566	0.1980)
(16	0.7811	0.2058)
(16.5	0.7999	0.2124)
(17	0.8182	0.2186)
(17.5	0.8378	0.2251)
(18	0.8585	0.2318)
(18.5	0.8792	0.2384)
(19	0.8950	0.2434)
(19.5	0.9127	0.2491)
(20	0.9344	0.2562)
(20.5	0.9521	0.2616)
(21	0.9700	0.2673)
(21.5	0.9895	0.2734)
(22	1.0075	0.2792)
(22.5	1.0240	0.2842)
(23	1.0450	0.2913)
(23.5	1.0613	0.2963)
(24	1.0766	0.3008)
(24.5	1.0934	0.3060)
(25	1.1105	0.3114)
(25.5	1.1274	0.3168)
(26	1.1437	0.3220)
(26.5	1.1594	0.3270)
(27	1.1747	0.3318)
(27.5	1.1898	0.3366)
(28	1.2050	0.3416)
(28.5	1.2207	0.3471)
(29	1.2373	0.3535)
(29.5	0.7455	0.3471)
(30	0.7514	0.3541)
(40	0.7526	0.5610)
(50	0.7045	0.7805)
(60	0.5957	0.9858)
(70	0.4306	1.1516)
(80	0.2245	1.2574)
(90	0.0000	1.2900)
(100	-0.1572	1.2574)
(110	-0.3014	1.1516)
(120	-0.4170	0.9858)
(130	-0.4932	0.7805)
(140	-0.5268	0.5610)
(150	-0.5260	0.3541)
(160	-0.3507	0.1852)
(170	-0.1753	0.0749)
(180	0.0000	0.0365)
