// Re = 0.18
(-180.000000	0.000000	0.001000)
(-178.517857	0.062335	0.001000)
(-177.035714	0.124670	0.001000)
(-175.553571	0.187005	0.001748)
(-174.071429	0.249340	0.007818)
(-172.589286	0.311675	0.015594)
(-171.107143	0.374010	0.025056)
(-169.625000	0.436345	0.036178)
(-168.142857	0.498680	0.048931)
(-166.660714	0.561015	0.063280)
(-165.178571	0.623350	0.079188)
(-163.696429	0.685685	0.096611)
(-162.214286	0.748020	0.115503)
(-160.732143	0.810355	0.135814)
(-159.250000	0.872690	0.157490)
(-154.303571	0.788923	0.238933)
(-149.357143	0.735138	0.332479)
(-144.410714	0.693638	0.435350)
(-139.464286	0.655154	0.544495)
(-134.517857	0.614482	0.656674)
(-129.571429	0.568690	0.768559)
(-124.625000	0.516282	0.876833)
(-119.678571	0.456765	0.978283)
(-114.732143	0.390399	1.069904)
(-109.785714	0.318034	1.148981)
(-104.839286	0.240989	1.213173)
(-99.892857	0.160953	1.260582)
(-94.946429	0.079899	1.289810)
(-90.000000	0.000000	1.300000)
(-85.053571	-0.079899	1.289810)
(-80.107143	-0.160953	1.260582)
(-75.160714	-0.240989	1.213173)
(-70.214286	-0.318034	1.148981)
(-65.267857	-0.390399	1.069904)
(-60.321429	-0.456765	0.978283)
(-55.375000	-0.516282	0.876833)
(-50.428571	-0.568690	0.768559)
(-45.482143	-0.614482	0.656674)
(-40.535714	-0.655154	0.544495)
(-35.589286	-0.693638	0.435350)
(-30.642857	-0.735138	0.332479)
(-25.696429	-0.788923	0.238933)
(-20.750000	-0.872690	0.157490)
(-19.625000	-0.827648	0.147377)
(-18.500000	-0.782606	0.137264)
(-17.375000	-0.737564	0.127151)
(-16.250000	-0.692521	0.117039)
(-15.125000	-0.647479	0.106926)
(-14.000000	-0.602437	0.096813)
(-12.875000	-0.557395	0.086700)
(-11.750000	-0.512353	0.076587)
(-10.625000	-0.467311	0.066474)
(-9.500000	-0.422269	0.056361)
(-8.375000	-0.377226	0.046249)
(-7.250000	-0.332184	0.036136)
(-5.000000	-0.242100	0.015910)
(-4.750000	-0.214700	0.016060)
(-4.500000	-0.186900	0.016230)
(-4.250000	-0.159900	0.016380)
(-4.000000	-0.132800	0.016590)
(-3.750000	-0.105300	0.016770)
(-3.500000	-0.077400	0.016880)
(-3.250000	-0.050300	0.016980)
(-3.000000	-0.022900	0.017030)
(-2.750000	0.005400	0.017030)
(-2.500000	0.033200	0.017020)
(-2.250000	0.060500	0.017080)
(-2.000000	0.088500	0.017090)
(-1.750000	0.116800	0.017050)
(-1.500000	0.144600	0.017040)
(-1.250000	0.172300	0.017090)
(-1.000000	0.200800	0.017050)
(-0.750000	0.228600	0.017060)
(-0.500000	0.256400	0.017100)
(-0.250000	0.284700	0.017090)
(0.000000	0.312600	0.017120)
(0.250000	0.340800	0.017150)
(0.500000	0.368500	0.017190)
(0.750000	0.396400	0.017240)
(1.000000	0.425200	0.017250)
(1.250000	0.451900	0.017360)
(1.500000	0.479900	0.017420)
(1.750000	0.508500	0.017450)
(2.000000	0.534800	0.017580)
(2.250000	0.563000	0.017640)
(2.500000	0.591600	0.017690)
(2.750000	0.617400	0.017830)
(3.000000	0.645500	0.017890)
(3.250000	0.673100	0.017960)
(3.500000	0.699600	0.018100)
(3.750000	0.727400	0.018160)
(4.000000	0.754500	0.018230)
(4.250000	0.780100	0.018370)
(4.500000	0.806800	0.018460)
(4.750000	0.836100	0.018430)
(5.000000	0.861300	0.018550)
(5.250000	0.886900	0.018620)
(5.500000	0.912800	0.018630)
(5.750000	0.938600	0.018610)
(6.000000	0.964000	0.018590)
(6.250000	0.989000	0.018560)
(6.500000	1.013700	0.018480)
(6.750000	1.038500	0.018300)
(7.000000	1.059600	0.018190)
(7.250000	1.081900	0.018040)
(7.500000	1.102500	0.017990)
(7.750000	1.121100	0.017940)
(8.000000	1.139300	0.017910)
(8.250000	1.156200	0.017860)
(8.500000	1.169400	0.017840)
(8.750000	1.181900	0.017800)
(9.000000	1.203300	0.017870)
(9.250000	1.223800	0.018290)
(9.500000	1.237700	0.018900)
(9.750000	1.246100	0.019810)
(10.000000	1.248500	0.021130)
(10.250000	1.246100	0.022850)
(10.500000	1.241300	0.024920)
(10.750000	1.234500	0.027300)
(11.000000	1.227100	0.029920)
(11.250000	1.219800	0.032690)
(11.500000	1.213400	0.035530)
(11.750000	1.208900	0.038320)
(12.000000	1.205800	0.041070)
(12.250000	1.203800	0.043790)
(12.500000	1.204600	0.046350)
(12.750000	1.206100	0.048880)
(13.000000	1.209100	0.051310)
(13.250000	1.213700	0.053610)
(13.500000	1.219800	0.055800)
(13.750000	1.226900	0.057900)
(14.000000	1.235000	0.059910)
(14.250000	1.244600	0.061750)
(14.500000	1.256200	0.063350)
(14.750000	1.265300	0.065370)
(15.000000	1.277600	0.066980)
(15.250000	1.291500	0.068400)
(15.500000	1.301300	0.070410)
(15.750000	1.319300	0.071390)
(16.000000	1.325800	0.073850)
(16.250000	1.344500	0.074810)
(16.500000	1.348100	0.077650)
(16.750000	1.370200	0.078260)
(17.000000	1.367900	0.081850)
(17.250000	1.376500	0.084100)
(17.500000	1.390600	0.085730)
(17.750000	1.384200	0.089890)
(18.000000	1.388100	0.092760)
(18.250000	1.406600	0.093820)
(18.500000	1.391900	0.099120)
(18.750000	1.380800	0.104100)
(19.000000	1.374100	0.108530)
(19.250000	1.404200	0.107770)
(19.500000	1.382300	0.114360)
(19.750000	1.359600	0.121380)
(20.000000	1.335700	0.128930)
(20.250000	1.309400	0.137290)
(20.500000	1.279600	0.146770)
(20.750000	1.246700	0.157490)
(25.696429	1.127033	0.238933)
(30.642857	1.050198	0.332479)
(35.589286	0.990911	0.435350)
(40.535714	0.935934	0.544495)
(45.482143	0.877832	0.656674)
(50.428571	0.812415	0.768559)
(55.375000	0.737546	0.876833)
(60.321429	0.652521	0.978283)
(65.267857	0.557712	1.069904)
(70.214286	0.454334	1.148981)
(75.160714	0.344270	1.213173)
(80.107143	0.229933	1.260582)
(85.053571	0.114141	1.289810)
(90.000000	0.000000	1.300000)
(94.946429	-0.079899	1.289810)
(99.892857	-0.160953	1.260582)
(104.839286	-0.240989	1.213173)
(109.785714	-0.318034	1.148981)
(114.732143	-0.390399	1.069904)
(119.678571	-0.456765	0.978283)
(124.625000	-0.516282	0.876833)
(129.571429	-0.568690	0.768559)
(134.517857	-0.614482	0.656674)
(139.464286	-0.655154	0.544495)
(144.410714	-0.693638	0.435350)
(149.357143	-0.735138	0.332479)
(154.303571	-0.788923	0.238933)
(159.250000	-0.872690	0.157490)
(160.732143	-0.810355	0.135814)
(162.214286	-0.748020	0.115503)
(163.696429	-0.685685	0.096611)
(165.178571	-0.623350	0.079188)
(166.660714	-0.561015	0.063280)
(168.142857	-0.498680	0.048931)
(169.625000	-0.436345	0.036178)
(171.107143	-0.374010	0.025056)
(172.589286	-0.311675	0.015594)
(174.071429	-0.249340	0.007818)
(175.553571	-0.187005	0.001748)
(177.035714	-0.124670	0.001000)
(178.517857	-0.062335	0.001000)
(180.000000	0.000000	0.001000)
