// Re = 0.17
(-180.000000	0.000000	0.001000)
(-178.535714	0.060935	0.001021)
(-177.071429	0.121870	0.003565)
(-175.607143	0.182805	0.007798)
(-174.142857	0.243740	0.013709)
(-172.678571	0.304675	0.021282)
(-171.214286	0.365610	0.030498)
(-169.750000	0.426545	0.041332)
(-168.285714	0.487480	0.053757)
(-166.821429	0.548415	0.067739)
(-165.357143	0.609350	0.083242)
(-163.892857	0.670285	0.100226)
(-162.428571	0.731220	0.118646)
(-160.964286	0.792155	0.138455)
(-159.500000	0.853090	0.159600)
(-154.535714	0.772940	0.240468)
(-149.571429	0.722373	0.333606)
(-144.607143	0.683653	0.436224)
(-139.642857	0.647546	0.545249)
(-134.678571	0.608886	0.657414)
(-129.714286	0.564767	0.769360)
(-124.750000	0.513720	0.877733)
(-119.785714	0.455271	0.979287)
(-114.821429	0.389702	1.070980)
(-109.857143	0.317883	1.150065)
(-104.892857	0.241156	1.214172)
(-99.928571	0.161234	1.261382)
(-94.964286	0.080115	1.290280)
(-90.000000	0.000000	1.300000)
(-85.035714	-0.080115	1.290280)
(-80.071429	-0.161234	1.261382)
(-75.107143	-0.241156	1.214172)
(-70.142857	-0.317883	1.150065)
(-65.178571	-0.389702	1.070980)
(-60.214286	-0.455271	0.979287)
(-55.250000	-0.513720	0.877733)
(-50.285714	-0.564767	0.769360)
(-45.321429	-0.608886	0.657414)
(-40.357143	-0.647546	0.545249)
(-35.392857	-0.683653	0.436224)
(-30.428571	-0.722373	0.333606)
(-25.464286	-0.772940	0.240468)
(-20.500000	-0.853090	0.159600)
(-19.392857	-0.809405	0.149388)
(-18.285714	-0.765720	0.139176)
(-17.178571	-0.722035	0.128964)
(-16.071429	-0.678350	0.118751)
(-14.964286	-0.634665	0.108539)
(-13.857143	-0.590980	0.098327)
(-12.750000	-0.547295	0.088115)
(-11.642857	-0.503610	0.077903)
(-10.535714	-0.459925	0.067691)
(-9.428571	-0.416240	0.057479)
(-8.321429	-0.372555	0.047266)
(-7.214286	-0.328870	0.037054)
(-5.000000	-0.241500	0.016630)
(-4.750000	-0.214700	0.016820)
(-4.500000	-0.187600	0.017030)
(-4.250000	-0.160200	0.017240)
(-4.000000	-0.133000	0.017400)
(-3.750000	-0.106200	0.017580)
(-3.500000	-0.079100	0.017740)
(-3.250000	-0.051100	0.017790)
(-3.000000	-0.023900	0.017830)
(-2.750000	0.003000	0.017950)
(-2.500000	0.030600	0.017970)
(-2.250000	0.058600	0.017940)
(-1.750000	0.113400	0.017970)
(-1.500000	0.141700	0.017940)
(-1.250000	0.169000	0.017940)
(-1.000000	0.196800	0.017940)
(-0.750000	0.225100	0.017940)
(-0.500000	0.252300	0.017970)
(-0.250000	0.280500	0.017960)
(0.000000	0.308400	0.017980)
(0.250000	0.335500	0.018040)
(0.500000	0.364200	0.018040)
(0.750000	0.391400	0.018100)
(1.000000	0.418300	0.018190)
(1.250000	0.447800	0.018170)
(1.500000	0.474100	0.018280)
(1.750000	0.500900	0.018390)
(2.000000	0.530500	0.018370)
(2.250000	0.557000	0.018510)
(2.500000	0.583100	0.018630)
(2.750000	0.611900	0.018640)
(3.000000	0.637800	0.018800)
(3.250000	0.665200	0.018890)
(3.500000	0.693600	0.018910)
(3.750000	0.718400	0.019080)
(4.000000	0.744700	0.019190)
(4.250000	0.774200	0.019160)
(4.500000	0.799100	0.019320)
(4.750000	0.824600	0.019440)
(5.000000	0.851200	0.019500)
(5.250000	0.879700	0.019440)
(5.500000	0.905700	0.019430)
(5.750000	0.930900	0.019420)
(6.000000	0.956000	0.019380)
(6.250000	0.980700	0.019340)
(6.500000	1.005400	0.019240)
(6.750000	1.027800	0.019140)
(7.000000	1.049400	0.018970)
(7.250000	1.073600	0.018710)
(7.500000	1.091100	0.018650)
(7.750000	1.111800	0.018510)
(8.000000	1.127800	0.018460)
(8.250000	1.145300	0.018340)
(8.500000	1.158900	0.018250)
(8.750000	1.177400	0.018170)
(9.000000	1.203300	0.018360)
(9.250000	1.223700	0.018760)
(9.500000	1.237700	0.019310)
(9.750000	1.246400	0.020150)
(10.000000	1.249100	0.021380)
(10.250000	1.247200	0.023020)
(10.500000	1.241900	0.025060)
(10.750000	1.234800	0.027430)
(11.000000	1.226700	0.030060)
(11.250000	1.218500	0.032880)
(11.500000	1.211500	0.035760)
(11.750000	1.206300	0.038600)
(12.000000	1.202700	0.041390)
(12.250000	1.201100	0.044080)
(12.500000	1.201000	0.046690)
(12.750000	1.202700	0.049200)
(13.000000	1.206600	0.051550)
(13.250000	1.211600	0.053800)
(13.500000	1.218100	0.055940)
(13.750000	1.226100	0.057920)
(14.000000	1.235900	0.059700)
(14.250000	1.245000	0.061670)
(14.500000	1.255700	0.063450)
(14.750000	1.268700	0.064960)
(15.000000	1.281500	0.066540)
(15.250000	1.292700	0.068370)
(15.500000	1.310500	0.069420)
(15.750000	1.318600	0.071670)
(16.000000	1.335400	0.072930)
(16.250000	1.342900	0.075300)
(16.500000	1.360800	0.076490)
(16.750000	1.362500	0.079580)
(17.000000	1.383700	0.080410)
(17.250000	1.380100	0.084140)
(17.500000	1.381000	0.087380)
(17.750000	1.406000	0.087800)
(18.000000	1.391700	0.092840)
(18.250000	1.382300	0.097460)
(18.500000	1.378700	0.101370)
(18.750000	1.403300	0.101610)
(19.000000	1.382900	0.107760)
(19.250000	1.362400	0.114210)
(19.500000	1.340900	0.121090)
(19.750000	1.317000	0.128710)
(20.000000	1.288800	0.137480)
(20.250000	1.255200	0.147840)
(20.500000	1.218700	0.159600)
(25.464286	1.104200	0.240468)
(30.428571	1.031961	0.333606)
(35.392857	0.976647	0.436224)
(40.357143	0.925066	0.545249)
(45.321429	0.869837	0.657414)
(50.285714	0.806811	0.769360)
(55.250000	0.733885	0.877733)
(60.214286	0.650387	0.979287)
(65.178571	0.556717	1.070980)
(70.142857	0.454118	1.150065)
(75.107143	0.344508	1.214172)
(80.071429	0.230334	1.261382)
(85.035714	0.114450	1.290280)
(90.000000	0.000000	1.300000)
(94.964286	-0.080115	1.290280)
(99.928571	-0.161234	1.261382)
(104.892857	-0.241156	1.214172)
(109.857143	-0.317883	1.150065)
(114.821429	-0.389702	1.070980)
(119.785714	-0.455271	0.979287)
(124.750000	-0.513720	0.877733)
(129.714286	-0.564767	0.769360)
(134.678571	-0.608886	0.657414)
(139.642857	-0.647546	0.545249)
(144.607143	-0.683653	0.436224)
(149.571429	-0.722373	0.333606)
(154.535714	-0.772940	0.240468)
(159.500000	-0.853090	0.159600)
(160.964286	-0.792155	0.138455)
(162.428571	-0.731220	0.118646)
(163.892857	-0.670285	0.100226)
(165.357143	-0.609350	0.083242)
(166.821429	-0.548415	0.067739)
(168.285714	-0.487480	0.053757)
(169.750000	-0.426545	0.041332)
(171.214286	-0.365610	0.030498)
(172.678571	-0.304675	0.021282)
(174.142857	-0.243740	0.013709)
(175.607143	-0.182805	0.007798)
(177.071429	-0.121870	0.003565)
(178.535714	-0.060935	0.001021)
(180.000000	0.000000	0.001000)
