// Re = 0.2
(-180.000000	0.000000	0.008691)
(-178.482143	0.059590	0.009600)
(-176.964286	0.119180	0.012325)
(-175.446429	0.178770	0.016858)
(-173.928571	0.238360	0.023185)
(-172.410714	0.297950	0.031291)
(-170.892857	0.357540	0.041150)
(-169.375000	0.417130	0.052737)
(-167.857143	0.476720	0.066018)
(-166.339286	0.536310	0.080956)
(-164.821429	0.595900	0.097508)
(-163.303571	0.655490	0.115629)
(-161.785714	0.715080	0.135267)
(-160.267857	0.774670	0.156367)
(-158.750000	0.834260	0.178870)
(-153.839286	0.761802	0.260501)
(-148.928571	0.714762	0.353720)
(-144.017857	0.677648	0.455787)
(-139.107143	0.642224	0.563701)
(-134.196429	0.603832	0.674289)
(-129.285714	0.559851	0.784298)
(-124.375000	0.508971	0.890492)
(-119.464286	0.450808	0.989744)
(-114.553571	0.385685	1.079132)
(-109.642857	0.314477	1.156020)
(-104.732143	0.238505	1.218141)
(-99.821429	0.159443	1.263657)
(-94.910714	0.079230	1.291218)
(-90.000000	0.000000	1.300000)
(-85.089286	-0.079230	1.291218)
(-80.178571	-0.159443	1.263657)
(-75.267857	-0.238505	1.218141)
(-70.357143	-0.314477	1.156020)
(-65.446429	-0.385685	1.079132)
(-60.535714	-0.450808	0.989744)
(-55.625000	-0.508971	0.890492)
(-50.714286	-0.559851	0.784298)
(-45.803571	-0.603832	0.674289)
(-40.892857	-0.642224	0.563701)
(-35.982143	-0.677648	0.455787)
(-31.071429	-0.714762	0.353720)
(-26.160714	-0.761802	0.260501)
(-21.250000	-0.834260	0.178870)
(-20.089286	-0.792006	0.167144)
(-18.928571	-0.749751	0.155419)
(-17.767857	-0.707497	0.143693)
(-16.607143	-0.665243	0.131967)
(-15.446429	-0.622989	0.120241)
(-14.285714	-0.580734	0.108516)
(-13.125000	-0.538480	0.096790)
(-11.964286	-0.496226	0.085064)
(-10.803571	-0.453971	0.073339)
(-9.642857	-0.411717	0.061613)
(-8.482143	-0.369463	0.049887)
(-7.321429	-0.327209	0.038161)
(-5.000000	-0.242700	0.014710)
(-4.750000	-0.215100	0.014820)
(-4.500000	-0.187200	0.014960)
(-4.250000	-0.159300	0.015050)
(-4.000000	-0.131800	0.015210)
(-3.750000	-0.104100	0.015360)
(-3.500000	-0.076000	0.015460)
(-3.250000	-0.048200	0.015540)
(-3.000000	-0.020400	0.015590)
(-2.750000	0.007900	0.015610)
(-2.500000	0.036500	0.015590)
(-2.250000	0.064100	0.015640)
(-2.000000	0.092300	0.015650)
(-1.750000	0.121200	0.015620)
(-1.500000	0.149300	0.015620)
(-1.250000	0.177200	0.015660)
(-1.000000	0.206200	0.015630)
(-0.750000	0.234300	0.015650)
(-0.500000	0.262200	0.015690)
(-0.250000	0.291200	0.015680)
(0.000000	0.319200	0.015720)
(0.250000	0.347400	0.015760)
(0.500000	0.376000	0.015780)
(0.750000	0.404000	0.015840)
(1.000000	0.432800	0.015860)
(1.250000	0.460400	0.015940)
(1.500000	0.488700	0.016010)
(1.750000	0.517200	0.016050)
(2.000000	0.544300	0.016150)
(2.250000	0.572900	0.016220)
(2.500000	0.600900	0.016280)
(2.750000	0.627700	0.016400)
(3.000000	0.656200	0.016460)
(3.250000	0.684500	0.016530)
(3.500000	0.710700	0.016660)
(3.750000	0.738500	0.016730)
(4.000000	0.766500	0.016790)
(4.250000	0.793000	0.016920)
(4.500000	0.820300	0.017010)
(4.750000	0.848500	0.017030)
(5.000000	0.874500	0.017110)
(5.250000	0.900400	0.017170)
(5.500000	0.926400	0.017180)
(5.750000	0.952400	0.017190)
(6.000000	0.978000	0.017210)
(6.250000	1.003400	0.017190)
(6.500000	1.028700	0.017100)
(6.750000	1.051400	0.017030)
(7.000000	1.074200	0.016950)
(7.250000	1.096600	0.016920)
(7.500000	1.117700	0.016940)
(7.750000	1.137700	0.016950)
(8.000000	1.155700	0.016980)
(8.250000	1.172300	0.017040)
(8.500000	1.187100	0.017120)
(8.750000	1.199200	0.017210)
(9.000000	1.208400	0.017330)
(9.250000	1.222700	0.017530)
(9.500000	1.236500	0.018250)
(9.750000	1.244300	0.019320)
(10.000000	1.245900	0.020800)
(10.250000	1.244200	0.022610)
(10.500000	1.239700	0.024740)
(10.750000	1.234200	0.027110)
(11.000000	1.228100	0.029680)
(11.250000	1.222300	0.032370)
(11.500000	1.217500	0.035100)
(11.750000	1.213700	0.037830)
(12.000000	1.211400	0.040520)
(12.250000	1.211000	0.043110)
(12.500000	1.211100	0.045720)
(12.750000	1.212200	0.048300)
(13.000000	1.214900	0.050770)
(13.250000	1.219000	0.053140)
(13.500000	1.224300	0.055430)
(13.750000	1.230400	0.057650)
(14.000000	1.237300	0.059790)
(14.250000	1.245500	0.061770)
(14.500000	1.254200	0.063770)
(14.750000	1.263300	0.065740)
(15.000000	1.275100	0.067310)
(15.250000	1.284200	0.069350)
(15.500000	1.296100	0.070990)
(15.750000	1.307500	0.072740)
(16.000000	1.318600	0.074550)
(16.250000	1.330400	0.076270)
(16.500000	1.341100	0.078180)
(16.750000	1.350200	0.080300)
(17.000000	1.364600	0.081740)
(17.250000	1.367000	0.084790)
(17.500000	1.382600	0.086060)
(17.750000	1.384700	0.089180)
(18.000000	1.385100	0.092530)
(18.250000	1.399600	0.093920)
(18.500000	1.399800	0.097330)
(18.750000	1.390900	0.102020)
(19.000000	1.388600	0.105820)
(19.250000	1.410600	0.106050)
(19.500000	1.397800	0.111410)
(19.750000	1.380000	0.117660)
(20.000000	1.362600	0.124070)
(20.250000	1.344500	0.130810)
(20.500000	1.323500	0.138310)
(20.750000	1.293700	0.147870)
(21.000000	1.246800	0.161660)
(21.250000	1.191800	0.178870)
(26.160714	1.088288	0.260501)
(31.071429	1.021089	0.353720)
(35.982143	0.968068	0.455787)
(40.892857	0.917463	0.563701)
(45.803571	0.862618	0.674289)
(50.714286	0.799788	0.784298)
(55.625000	0.727101	0.890492)
(60.535714	0.644011	0.989744)
(65.446429	0.550978	1.079132)
(70.357143	0.449253	1.156020)
(75.267857	0.340722	1.218141)
(80.178571	0.227775	1.263657)
(85.089286	0.113186	1.291218)
(90.000000	0.000000	1.300000)
(94.910714	-0.079230	1.291218)
(99.821429	-0.159443	1.263657)
(104.732143	-0.238505	1.218141)
(109.642857	-0.314477	1.156020)
(114.553571	-0.385685	1.079132)
(119.464286	-0.450808	0.989744)
(124.375000	-0.508971	0.890492)
(129.285714	-0.559851	0.784298)
(134.196429	-0.603832	0.674289)
(139.107143	-0.642224	0.563701)
(144.017857	-0.677648	0.455787)
(148.928571	-0.714762	0.353720)
(153.839286	-0.761802	0.260501)
(158.750000	-0.834260	0.178870)
(160.267857	-0.774670	0.156367)
(161.785714	-0.715080	0.135267)
(163.303571	-0.655490	0.115629)
(164.821429	-0.595900	0.097508)
(166.339286	-0.536310	0.080956)
(167.857143	-0.476720	0.066018)
(169.375000	-0.417130	0.052737)
(170.892857	-0.357540	0.041150)
(172.410714	-0.297950	0.031291)
(173.928571	-0.238360	0.023185)
(175.446429	-0.178770	0.016858)
(176.964286	-0.119180	0.012325)
(178.482143	-0.059590	0.009600)
(180.000000	0.000000	0.008691)
