// Re = 0.06e6 
// (alpha_deg cl cd)
(-180	0.0000	0.0156)
(-170	0.5081	0.0543)
(-160	0.7321	0.1656)
(-150	0.6477	0.3360)
(-140	0.6009	0.5450)
(-130	0.5369	0.7670)
(-120	0.4404	0.9753)
(-110	0.3115	1.1444)
(-100	0.1597	1.2538)
(-90	0.0000	1.2900)
(-80	-0.1597	1.2538)
(-70	-0.3115	1.1444)
(-60	-0.4404	0.9753)
(-50	-0.5369	0.7670)
(-40	-0.6009	0.5450)
(-30	-0.6477	0.3360)
(-20	-0.7321	0.1656)
(-10	-0.6400	0.0744)
(-5	-0.4959	0.0422)
(0	-0.1436	0.0477)
(0.25	-0.1268	0.0480)
(0.5	-0.1092	0.0482)
(0.75	-0.0979	0.0485)
(1	-0.0803	0.0489)
(1.25	-0.0612	0.0494)
(1.5	-0.0500	0.0499)
(1.75	-0.0356	0.0505)
(2.5	-0.0825	0.0520)
(2.75	-0.0540	0.0530)
(3	-0.0295	0.0538)
(3.25	0.0080	0.0554)
(3.5	0.0402	0.0566)
(3.75	0.0854	0.0586)
(4	0.1090	0.0596)
(4.25	0.1323	0.0609)
(4.5	0.1646	0.0627)
(4.75	0.1858	0.0641)
(5	0.2141	0.0658)
(6.5	0.3752	0.0782)
(6.75	0.4091	0.0807)
(7	0.4234	0.0825)
(7.25	0.4458	0.0847)
(7.5	0.4699	0.0869)
(7.75	0.5022	0.0886)
(8	0.6163	0.0815)
(8.25	0.6451	0.0824)
(8.5	0.6612	0.0840)
(8.75	0.6813	0.0853)
(9	0.7043	0.0863)
(9.25	0.7307	0.0869)
(9.5	0.7620	0.0868)
(9.75	0.7991	0.0857)
(10	0.8254	0.0854)
(10.75	1.0026	0.0677)
(11	1.1650	0.0471)
(11.5	1.1962	0.0460)
(11.75	1.1999	0.0476)
(12	1.2046	0.0496)
(12.25	1.2123	0.0516)
(12.5	1.2297	0.0532)
(12.75	1.2444	0.0551)
(13	1.2680	0.0568)
(13.25	1.2781	0.0593)
(13.75	1.3087	0.0642)
(14	1.3184	0.0671)
(14.25	1.3327	0.0698)
(14.5	1.3210	0.0739)
(14.75	1.3311	0.0771)
(15	1.3063	0.0823)
(15.25	1.2787	0.0881)
(15.5	1.2442	0.0950)
(15.75	1.2033	0.1034)
(16	1.1614	0.1130)
(20	1.0458	0.1656)
(30	0.9253	0.3360)
(40	0.8584	0.5450)
(50	0.7671	0.7670)
(60	0.6292	0.9753)
(70	0.4450	1.1444)
(80	0.2281	1.2538)
(90	0.0000	1.2900)
(100	-0.1597	1.2538)
(110	-0.3115	1.1444)
(120	-0.4404	0.9753)
(130	-0.5369	0.7670)
(140	-0.6009	0.5450)
(150	-0.6477	0.3360)
(160	-0.7321	0.1656)
(170	-0.5081	0.0543)
(180	0.0000	0.0156)
