// Re = 0.15
(-180.000000	0.000000	0.003110)
(-178.571429	0.060979	0.003918)
(-177.142857	0.121957	0.006337)
(-175.714286	0.182936	0.010362)
(-174.285714	0.243914	0.015983)
(-172.857143	0.304893	0.023186)
(-171.428571	0.365871	0.031953)
(-170.000000	0.426850	0.042263)
(-168.571429	0.487828	0.054089)
(-167.142857	0.548807	0.067403)
(-165.714286	0.609786	0.082170)
(-164.285714	0.670764	0.098355)
(-162.857143	0.731743	0.115917)
(-161.428571	0.792721	0.134812)
(-160.000000	0.853700	0.154994)
(-155.000000	0.771049	0.235007)
(-150.000000	0.720113	0.327694)
(-145.000000	0.681868	0.430235)
(-140.000000	0.646543	0.539511)
(-135.000000	0.608712	0.652199)
(-130.000000	0.565335	0.764871)
(-125.000000	0.514865	0.874097)
(-120.000000	0.456794	0.976555)
(-115.000000	0.391390	1.069126)
(-110.000000	0.319529	1.148993)
(-105.000000	0.242575	1.213722)
(-100.000000	0.162275	1.261340)
(-95.000000	0.080667	1.290396)
(-90.000000	0.000000	1.300000)
(-85.000000	-0.080667	1.290396)
(-80.000000	-0.162275	1.261340)
(-75.000000	-0.242575	1.213722)
(-70.000000	-0.319529	1.148993)
(-65.000000	-0.391390	1.069126)
(-60.000000	-0.456794	0.976555)
(-55.000000	-0.514865	0.874097)
(-50.000000	-0.565335	0.764871)
(-45.000000	-0.608712	0.652199)
(-40.000000	-0.646543	0.539511)
(-35.000000	-0.681868	0.430235)
(-30.000000	-0.720113	0.327694)
(-25.000000	-0.771049	0.235007)
(-20.000000	-0.853700	0.154994)
(-18.928571	-0.809958	0.145251)
(-17.857143	-0.766216	0.135507)
(-16.785714	-0.722475	0.125764)
(-15.714286	-0.678733	0.116020)
(-14.642857	-0.634991	0.106277)
(-13.571429	-0.591250	0.096533)
(-12.500000	-0.547508	0.086790)
(-11.428571	-0.503766	0.077047)
(-10.357143	-0.460024	0.067303)
(-9.285714	-0.416283	0.057560)
(-8.214286	-0.372541	0.047816)
(-7.142857	-0.328799	0.038073)
(-5.000000	-0.241316	0.018586)
(-4.750000	-0.214322	0.018807)
(-4.500000	-0.187619	0.019105)
(-4.250000	-0.161593	0.019345)
(-4.000000	-0.135373	0.019604)
(-3.750000	-0.108670	0.019835)
(-3.500000	-0.081483	0.019960)
(-3.250000	-0.055457	0.020075)
(-3.000000	-0.029044	0.020123)
(-2.750000	-0.001664	0.020104)
(-2.500000	0.025040	0.020200)
(-2.250000	0.051162	0.020248)
(-2.000000	0.078156	0.020219)
(-1.750000	0.106407	0.020113)
(-1.500000	0.132143	0.020209)
(-1.250000	0.158846	0.020228)
(-1.000000	0.187678	0.020113)
(-0.750000	0.213994	0.020152)
(-0.500000	0.240020	0.020228)
(-0.250000	0.269045	0.020142)
(0.000000	0.295458	0.020190)
(0.250000	0.321387	0.020286)
(0.500000	0.350122	0.020238)
(0.750000	0.376342	0.020334)
(1.000000	0.403045	0.020401)
(1.250000	0.430812	0.020411)
(1.500000	0.456548	0.020545)
(1.750000	0.484703	0.020574)
(2.000000	0.511309	0.020651)
(2.250000	0.536271	0.020814)
(2.500000	0.565103	0.020805)
(2.750000	0.591225	0.020930)
(3.000000	0.616865	0.021102)
(3.250000	0.644922	0.021074)
(3.500000	0.669884	0.021227)
(3.750000	0.694362	0.021410)
(4.000000	0.721646	0.021448)
(4.250000	0.748930	0.021477)
(4.500000	0.772924	0.021659)
(4.750000	0.797983	0.021765)
(5.000000	0.827008	0.021659)
(5.250000	0.851873	0.021717)
(5.500000	0.875674	0.021784)
(5.750000	0.899959	0.021755)
(6.000000	0.924534	0.021679)
(6.250000	0.949012	0.021563)
(6.500000	0.973490	0.021439)
(6.750000	0.997775	0.021256)
(7.000000	1.021480	0.020949)
(7.250000	1.043249	0.020670)
(7.500000	1.062890	0.020372)
(7.750000	1.084079	0.020036)
(8.000000	1.100915	0.019835)
(8.250000	1.122008	0.019575)
(8.500000	1.153838	0.019431)
(8.750000	1.179671	0.019508)
(9.000000	1.204149	0.019652)
(9.250000	1.223984	0.019960)
(9.500000	1.239368	0.020382)
(9.750000	1.248175	0.021054)
(10.000000	1.252821	0.022044)
(10.250000	1.252631	0.023446)
(10.500000	1.248378	0.025290)
(10.750000	1.241706	0.027508)
(11.000000	1.233583	0.030053)
(11.250000	1.225363	0.032800)
(11.500000	1.217917	0.035643)
(11.750000	1.212600	0.038447)
(12.000000	1.209023	0.041185)
(12.250000	1.208156	0.043778)
(12.500000	1.209320	0.046246)
(12.750000	1.212612	0.048561)
(13.000000	1.217742	0.050741)
(13.250000	1.225001	0.052729)
(13.500000	1.234001	0.054592)
(13.750000	1.244742	0.056282)
(14.000000	1.255774	0.057992)
(14.250000	1.267385	0.059701)
(14.500000	1.280545	0.061257)
(14.750000	1.296123	0.062573)
(15.000000	1.312669	0.063841)
(15.250000	1.323797	0.065752)
(15.500000	1.342761	0.066876)
(15.750000	1.353019	0.068931)
(16.000000	1.369081	0.070439)
(16.250000	1.377790	0.072715)
(16.500000	1.394529	0.074232)
(16.750000	1.393855	0.077527)
(17.000000	1.415238	0.078554)
(17.250000	1.410791	0.082300)
(17.500000	1.404409	0.086324)
(17.750000	1.407895	0.089244)
(18.000000	1.422119	0.091068)
(18.250000	1.404999	0.096447)
(18.500000	1.388653	0.101969)
(18.750000	1.371824	0.107808)
(19.000000	1.352769	0.114214)
(19.250000	1.328297	0.121773)
(19.500000	1.295312	0.131339)
(19.750000	1.256329	0.142835)
(20.000000	1.219571	0.154994)
(25.000000	1.101498	0.235007)
(30.000000	1.028733	0.327694)
(35.000000	0.974097	0.430235)
(40.000000	0.923632	0.539511)
(45.000000	0.869588	0.652199)
(50.000000	0.807621	0.764871)
(55.000000	0.735522	0.874097)
(60.000000	0.652563	0.976555)
(65.000000	0.559128	1.069126)
(70.000000	0.456470	1.148993)
(75.000000	0.346536	1.213722)
(80.000000	0.231822	1.261340)
(85.000000	0.115239	1.290396)
(90.000000	0.000000	1.300000)
(95.000000	-0.080667	1.290396)
(100.000000	-0.162275	1.261340)
(105.000000	-0.242575	1.213722)
(110.000000	-0.319529	1.148993)
(115.000000	-0.391390	1.069126)
(120.000000	-0.456794	0.976555)
(125.000000	-0.514865	0.874097)
(130.000000	-0.565335	0.764871)
(135.000000	-0.608712	0.652199)
(140.000000	-0.646543	0.539511)
(145.000000	-0.681868	0.430235)
(150.000000	-0.720113	0.327694)
(155.000000	-0.771049	0.235007)
(160.000000	-0.853700	0.154994)
(161.428571	-0.792721	0.134812)
(162.857143	-0.731743	0.115917)
(164.285714	-0.670764	0.098355)
(165.714286	-0.609786	0.082170)
(167.142857	-0.548807	0.067403)
(168.571429	-0.487828	0.054089)
(170.000000	-0.426850	0.042263)
(171.428571	-0.365871	0.031953)
(172.857143	-0.304893	0.023186)
(174.285714	-0.243914	0.015983)
(175.714286	-0.182936	0.010362)
(177.142857	-0.121957	0.006337)
(178.571429	-0.060979	0.003918)
(180.000000	0.000000	0.003110)
