// Re = 0.15
(-180.000000	0.000000	0.004103)
(-178.571429	0.061507	0.004910)
(-177.142857	0.123014	0.007328)
(-175.714286	0.184521	0.011352)
(-174.285714	0.246027	0.016971)
(-172.857143	0.307534	0.024171)
(-171.428571	0.369041	0.032935)
(-170.000000	0.430548	0.043241)
(-168.571429	0.492055	0.055062)
(-167.142857	0.553562	0.068371)
(-165.714286	0.615069	0.083132)
(-164.285714	0.676575	0.099311)
(-162.857143	0.738082	0.116866)
(-161.428571	0.799589	0.135754)
(-160.000000	0.861096	0.155927)
(-155.000000	0.776617	0.235907)
(-150.000000	0.724410	0.328554)
(-145.000000	0.685219	0.431048)
(-140.000000	0.649158	0.540272)
(-135.000000	0.610737	0.652902)
(-130.000000	0.566880	0.765509)
(-125.000000	0.516016	0.874667)
(-120.000000	0.457621	0.977052)
(-115.000000	0.391954	1.069546)
(-110.000000	0.319886	1.149332)
(-105.000000	0.242774	1.213979)
(-100.000000	0.162363	1.261513)
(-95.000000	0.080689	1.290483)
(-90.000000	0.000000	1.300000)
(-85.000000	-0.080689	1.290483)
(-80.000000	-0.162363	1.261513)
(-75.000000	-0.242774	1.213979)
(-70.000000	-0.319886	1.149332)
(-65.000000	-0.391954	1.069546)
(-60.000000	-0.457621	0.977052)
(-55.000000	-0.516016	0.874667)
(-50.000000	-0.566880	0.765509)
(-45.000000	-0.610737	0.652902)
(-40.000000	-0.649158	0.540272)
(-35.000000	-0.685219	0.431048)
(-30.000000	-0.724410	0.328554)
(-25.000000	-0.776617	0.235907)
(-20.000000	-0.861096	0.155927)
(-18.928571	-0.816826	0.146116)
(-17.857143	-0.772556	0.136305)
(-16.785714	-0.728287	0.126494)
(-15.714286	-0.684017	0.116684)
(-14.642857	-0.639747	0.106873)
(-13.571429	-0.595478	0.097062)
(-12.500000	-0.551208	0.087251)
(-11.428571	-0.506938	0.077440)
(-10.357143	-0.462669	0.067629)
(-9.285714	-0.418399	0.057818)
(-8.214286	-0.374129	0.048008)
(-7.142857	-0.329859	0.038197)
(-5.000000	-0.241320	0.018575)
(-4.750000	-0.214328	0.018797)
(-4.500000	-0.187624	0.019097)
(-4.250000	-0.161591	0.019339)
(-4.000000	-0.135366	0.019600)
(-3.750000	-0.108662	0.019832)
(-3.500000	-0.081479	0.019958)
(-3.250000	-0.055446	0.020074)
(-3.000000	-0.029030	0.020122)
(-2.750000	-0.001654	0.020103)
(-2.500000	0.025050	0.020200)
(-2.250000	0.051179	0.020248)
(-2.000000	0.078170	0.020219)
(-1.750000	0.106409	0.020113)
(-1.500000	0.132154	0.020209)
(-1.250000	0.158858	0.020229)
(-1.000000	0.187672	0.020113)
(-0.750000	0.213992	0.020151)
(-0.500000	0.240025	0.020229)
(-0.250000	0.269031	0.020142)
(0.000000	0.295447	0.020190)
(0.250000	0.321384	0.020287)
(0.500000	0.350102	0.020238)
(0.750000	0.376327	0.020335)
(1.000000	0.403031	0.020403)
(1.250000	0.430790	0.020412)
(1.500000	0.456535	0.020548)
(1.750000	0.484678	0.020577)
(2.000000	0.511286	0.020654)
(2.250000	0.536264	0.020819)
(2.500000	0.565078	0.020809)
(2.750000	0.591206	0.020935)
(3.000000	0.616855	0.021109)
(3.250000	0.644902	0.021080)
(3.500000	0.669880	0.021234)
(3.750000	0.694378	0.021418)
(4.000000	0.721658	0.021457)
(4.250000	0.748937	0.021486)
(4.500000	0.772956	0.021670)
(4.750000	0.798030	0.021776)
(5.000000	0.827036	0.021670)
(5.250000	0.851918	0.021728)
(5.500000	0.875745	0.021795)
(5.750000	0.900051	0.021766)
(6.000000	0.924646	0.021689)
(6.250000	0.949144	0.021573)
(6.500000	0.973642	0.021447)
(6.750000	0.997949	0.021263)
(7.000000	1.021680	0.020954)
(7.250000	1.043493	0.020674)
(7.500000	1.063197	0.020374)
(7.750000	1.084434	0.020035)
(8.000000	1.101356	0.019832)
(8.250000	1.122498	0.019571)
(8.500000	1.154285	0.019426)
(8.750000	1.180126	0.019503)
(9.000000	1.204624	0.019648)
(9.250000	1.224520	0.019958)
(9.500000	1.240003	0.020383)
(9.750000	1.248966	0.021060)
(10.000000	1.253804	0.022056)
(10.250000	1.253848	0.023468)
(10.500000	1.249864	0.025325)
(10.750000	1.243482	0.027559)
(11.000000	1.235662	0.030122)
(11.250000	1.227746	0.032888)
(11.500000	1.220597	0.035750)
(11.750000	1.215558	0.038574)
(12.000000	1.212245	0.041330)
(12.250000	1.211617	0.043941)
(12.500000	1.213004	0.046426)
(12.750000	1.216500	0.048757)
(13.000000	1.221818	0.050952)
(13.250000	1.229246	0.052954)
(13.500000	1.238400	0.054830)
(13.750000	1.249281	0.056532)
(14.000000	1.260449	0.058254)
(14.250000	1.272192	0.059975)
(14.500000	1.285470	0.061542)
(14.750000	1.301146	0.062866)
(15.000000	1.317780	0.064143)
(15.250000	1.329044	0.066067)
(15.500000	1.348076	0.067199)
(15.750000	1.358477	0.069268)
(16.000000	1.374632	0.070787)
(16.250000	1.383499	0.073079)
(16.500000	1.400325	0.074607)
(16.750000	1.399889	0.077924)
(17.000000	1.421319	0.078958)
(17.250000	1.417143	0.082730)
(17.500000	1.411049	0.086782)
(17.750000	1.414737	0.089722)
(18.000000	1.429070	0.091559)
(18.250000	1.412331	0.096975)
(18.500000	1.396359	0.102535)
(18.750000	1.379907	0.108415)
(19.000000	1.361250	0.114865)
(19.250000	1.337223	0.122476)
(19.500000	1.304756	0.132108)
(19.750000	1.266344	0.143684)
(20.000000	1.230137	0.155927)
(25.000000	1.109452	0.235907)
(30.000000	1.034872	0.328554)
(35.000000	0.978885	0.431048)
(40.000000	0.927369	0.540272)
(45.000000	0.872482	0.652902)
(50.000000	0.809829	0.765509)
(55.000000	0.737166	0.874667)
(60.000000	0.653744	0.977052)
(65.000000	0.559934	1.069546)
(70.000000	0.456980	1.149332)
(75.000000	0.346820	1.213979)
(80.000000	0.231947	1.261513)
(85.000000	0.115270	1.290483)
(90.000000	0.000000	1.300000)
(95.000000	-0.080689	1.290483)
(100.000000	-0.162363	1.261513)
(105.000000	-0.242774	1.213979)
(110.000000	-0.319886	1.149332)
(115.000000	-0.391954	1.069546)
(120.000000	-0.457621	0.977052)
(125.000000	-0.516016	0.874667)
(130.000000	-0.566880	0.765509)
(135.000000	-0.610737	0.652902)
(140.000000	-0.649158	0.540272)
(145.000000	-0.685219	0.431048)
(150.000000	-0.724410	0.328554)
(155.000000	-0.776617	0.235907)
(160.000000	-0.861096	0.155927)
(161.428571	-0.799589	0.135754)
(162.857143	-0.738082	0.116866)
(164.285714	-0.676575	0.099311)
(165.714286	-0.615069	0.083132)
(167.142857	-0.553562	0.068371)
(168.571429	-0.492055	0.055062)
(170.000000	-0.430548	0.043241)
(171.428571	-0.369041	0.032935)
(172.857143	-0.307534	0.024171)
(174.285714	-0.246027	0.016971)
(175.714286	-0.184521	0.011352)
(177.142857	-0.123014	0.007328)
(178.571429	-0.061507	0.004910)
(180.000000	0.000000	0.004103)
