// Re = 0.02
(-180.000000	-0.000000	4.013252)
(-177.928571	-0.940434	4.016624)
(-175.857143	-1.880869	4.026714)
(-173.785714	-2.821303	4.043437)
(-171.714286	-3.761737	4.066654)
(-169.642857	-4.702171	4.096173)
(-167.571429	-5.642606	4.131747)
(-165.500000	-6.583040	4.173078)
(-163.428571	-7.523474	4.219818)
(-161.357143	-8.463908	4.271570)
(-159.285714	-9.404343	4.327892)
(-157.214286	-10.344777	4.388297)
(-155.142857	-11.285211	4.452260)
(-153.071429	-12.225645	4.519216)
(-151.000000	-13.166080	4.588568)
(-146.642857	-10.207257	4.739422)
(-142.285714	-7.864882	4.891840)
(-137.928571	-5.974185	5.039233)
(-133.571429	-4.433483	5.174812)
(-129.214286	-3.176685	5.291761)
(-124.857143	-2.158837	5.383419)
(-120.500000	-1.348051	5.443454)
(-116.142857	-0.720763	5.466035)
(-111.785714	-0.258855	5.445992)
(-107.428571	0.052131	5.378962)
(-103.071429	0.224123	5.261518)
(-98.714286	0.267203	5.091277)
(-94.357143	0.190022	4.866983)
(-90.000000	0.000000	4.588568)
(-85.642857	-0.190022	4.866983)
(-81.285714	-0.267203	5.091277)
(-76.928571	-0.224123	5.261518)
(-72.571429	-0.052131	5.378962)
(-68.214286	0.258855	5.445992)
(-63.857143	0.720763	5.466035)
(-59.500000	1.348051	5.443454)
(-55.142857	2.158837	5.383419)
(-50.785714	3.176685	5.291761)
(-46.428571	4.433483	5.174812)
(-42.071429	5.974185	5.039233)
(-37.714286	7.864882	4.891840)
(-33.357143	10.207257	4.739422)
(-29.000000	13.166080	4.588568)
(-27.285714	12.186293	4.271318)
(-25.571429	11.206507	3.954068)
(-23.857143	10.226720	3.636819)
(-22.142857	9.246934	3.319569)
(-20.428571	8.267148	3.002319)
(-18.714286	7.287361	2.685069)
(-17.000000	6.307575	2.367819)
(-15.285714	5.327788	2.050570)
(-13.571429	4.348002	1.733320)
(-11.857143	3.368216	1.416070)
(-10.142857	2.388429	1.098820)
(-8.428571	1.408643	0.781571)
(-5.000000	-0.550930	0.147071)
(-4.750000	-0.484483	0.141973)
(-4.500000	-0.422364	0.136876)
(-4.250000	-0.364572	0.131943)
(-4.000000	-0.312548	0.127175)
(-3.750000	-0.264852	0.122407)
(-3.500000	-0.221483	0.117803)
(-3.250000	-0.182441	0.113363)
(-3.000000	-0.147725	0.108924)
(-2.750000	-0.115895	0.104649)
(-2.500000	-0.086949	0.100538)
(-2.250000	-0.059445	0.096427)
(-2.000000	-0.036268	0.092317)
(-1.750000	-0.013092	0.088370)
(-1.500000	0.008643	0.084424)
(-1.250000	0.030377	0.080478)
(-1.000000	0.050669	0.076532)
(-0.750000	0.072404	0.072585)
(-0.500000	0.094138	0.068475)
(-0.250000	0.115873	0.064200)
(0.000000	0.140492	0.059760)
(0.250000	0.167996	0.055156)
(0.500000	0.196942	0.050059)
(0.750000	0.228772	0.044633)
(1.000000	0.262045	0.038878)
(1.250000	0.299645	0.032465)
(1.500000	0.338688	0.025724)
(1.750000	0.380614	0.018160)
(2.000000	0.422541	0.010268)
(2.250000	0.460141	0.002046)
(2.500000	0.490530	0.001000)
(2.750000	0.489187	0.001000)
(3.000000	0.424382	0.001000)
(3.250000	0.288904	0.001000)
(3.500000	0.098617	0.001000)
(3.750000	-0.130612	0.009939)
(4.000000	-0.387245	0.025888)
(4.250000	-0.658302	0.044633)
(4.500000	-0.936570	0.065515)
(4.750000	-1.219165	0.088370)
(5.000000	-1.501760	0.113034)
(5.250000	-1.781470	0.139014)
(5.500000	-2.056854	0.166473)
(5.750000	-2.327910	0.195083)
(6.000000	-2.593197	0.224845)
(6.250000	-2.852715	0.255921)
(6.500000	-3.106464	0.287984)
(6.750000	-3.353001	0.321199)
(7.000000	-3.595211	0.355564)
(7.250000	-3.830209	0.390916)
(7.500000	-4.060881	0.427583)
(7.750000	-4.284341	0.465237)
(8.000000	-4.503474	0.504041)
(8.250000	-4.718280	0.543833)
(8.500000	-4.927317	0.584939)
(8.750000	-5.132026	0.627033)
(9.000000	-5.330967	0.670112)
(9.250000	-5.527023	0.714343)
(9.500000	-5.718751	0.759725)
(9.750000	-6.040289	0.827798)
(10.000000	-6.560867	0.929742)
(10.250000	-6.938655	1.004228)
(10.500000	-7.312116	1.082495)
(10.750000	-7.642308	1.154843)
(11.000000	-7.927787	1.218805)
(11.250000	-8.175767	1.276025)
(11.500000	-8.410765	1.332588)
(11.750000	-8.673168	1.399017)
(12.000000	-8.935570	1.466103)
(12.250000	-9.115761	1.514115)
(12.500000	-9.389702	1.589587)
(12.750000	-9.541046	1.631352)
(13.000000	-9.806333	1.708139)
(13.250000	-9.943254	1.748424)
(13.500000	-10.149406	1.809262)
(13.750000	-10.375750	1.879143)
(14.000000	-10.527094	1.926169)
(14.250000	-10.692861	1.978457)
(14.500000	-10.868725	2.034198)
(14.750000	-11.054684	2.094049)
(15.000000	-11.259394	2.159984)
(15.250000	-11.364584	2.193034)
(15.750000	-11.722080	2.310270)
(16.000000	-11.848904	2.351870)
(16.250000	-12.027652	2.409584)
(16.500000	-12.186208	2.462694)
(16.750000	-12.315917	2.502978)
(17.000000	-12.506204	2.565954)
(17.250000	-12.663317	2.618899)
(17.750000	-12.935716	2.702428)
(18.000000	-13.107252	2.759320)
(18.500000	-13.425806	2.864553)
(18.750000	-13.554073	2.903029)
(19.000000	-13.690993	2.944464)
(19.250000	-13.833683	2.989189)
(19.500000	-13.980700	3.035557)
(19.750000	-14.129160	3.081596)
(20.000000	-14.277619	3.130102)
(20.250000	-14.426078	3.176306)
(20.500000	-14.571653	3.222675)
(20.750000	-14.717227	3.267399)
(21.000000	-14.857033	3.312452)
(21.250000	-14.996838	3.355696)
(21.500000	-15.133759	3.398118)
(21.750000	-15.267795	3.439883)
(22.000000	-15.401831	3.481318)
(22.250000	-15.535867	3.522589)
(22.500000	-15.671346	3.565340)
(22.750000	-15.809709	3.611051)
(23.000000	-15.953841	3.659064)
(23.250000	-16.105185	3.712667)
(23.500000	-16.249317	3.762159)
(23.750000	-16.348738	3.781562)
(24.000000	-16.459697	3.812474)
(24.250000	-16.586521	3.853745)
(24.500000	-16.730653	3.906033)
(24.750000	-16.886324	3.966706)
(25.000000	-16.969879	3.975256)
(25.250000	-17.080838	4.008635)
(25.500000	-17.222086	4.062731)
(25.750000	-17.359007	4.110086)
(26.000000	-17.442562	4.122583)
(26.250000	-17.567944	4.169116)
(26.500000	-17.720730	4.234886)
(26.750000	-17.791304	4.234393)
(27.000000	-17.915244	4.280926)
(27.250000	-18.047838	4.330583)
(27.500000	-18.127066	4.341435)
(27.750000	-18.266871	4.403917)
(28.000000	-18.353310	4.417565)
(28.250000	-18.462827	4.458014)
(28.500000	-18.583882	4.501422)
(28.750000	-18.665995	4.519345)
(29.000000	-18.808685	4.588568)
(33.357143	-14.581795	4.739422)
(37.714286	-11.235545	4.891840)
(42.071429	-8.534550	5.039233)
(46.428571	-6.333548	5.174812)
(50.785714	-4.538121	5.291761)
(55.142857	-3.084053	5.383419)
(59.500000	-1.925787	5.443454)
(63.857143	-1.029661	5.466035)
(68.214286	-0.369793	5.445992)
(72.571429	0.074474	5.378962)
(76.928571	0.320175	5.261518)
(81.285714	0.381718	5.091277)
(85.642857	0.271460	4.866983)
(90.000000	0.000000	4.588568)
(94.357143	-0.190022	4.866983)
(98.714286	-0.267203	5.091277)
(103.071429	-0.224123	5.261518)
(107.428571	-0.052131	5.378962)
(111.785714	0.258855	5.445992)
(116.142857	0.720763	5.466035)
(120.500000	1.348051	5.443454)
(124.857143	2.158837	5.383419)
(129.214286	3.176685	5.291761)
(133.571429	4.433483	5.174812)
(137.928571	5.974185	5.039233)
(142.285714	7.864882	4.891840)
(146.642857	10.207257	4.739422)
(151.000000	13.166080	4.588568)
(153.071429	12.225645	4.519216)
(155.142857	11.285211	4.452260)
(157.214286	10.344777	4.388297)
(159.285714	9.404343	4.327892)
(161.357143	8.463908	4.271570)
(163.428571	7.523474	4.219818)
(165.500000	6.583040	4.173078)
(167.571429	5.642606	4.131747)
(169.642857	4.702171	4.096173)
(171.714286	3.761737	4.066654)
(173.785714	2.821303	4.043437)
(175.857143	1.880869	4.026714)
(177.928571	0.940434	4.016624)
(180.000000	-0.000000	4.013252)
