// Re = 0.05
(-180.000000	0.000000	0.001000)
(-177.892857	0.059980	0.001000)
(-175.785714	0.119959	0.001436)
(-173.678571	0.179938	0.010195)
(-171.571429	0.239918	0.022391)
(-169.464286	0.299898	0.037959)
(-167.357143	0.359877	0.056814)
(-165.250000	0.419856	0.078854)
(-163.142857	0.479836	0.103961)
(-161.035714	0.539816	0.131999)
(-158.928571	0.599795	0.162817)
(-156.821429	0.659774	0.196248)
(-154.714286	0.719754	0.232112)
(-152.607143	0.779733	0.270215)
(-150.500000	0.839713	0.310352)
(-146.178571	0.783283	0.398102)
(-141.857143	0.734789	0.491494)
(-137.535714	0.688854	0.588411)
(-133.214286	0.642178	0.686656)
(-128.892857	0.592763	0.784004)
(-124.571429	0.539493	0.878248)
(-120.250000	0.481895	0.967255)
(-115.928571	0.419990	1.049008)
(-111.607143	0.354188	1.121657)
(-107.285714	0.285213	1.183559)
(-102.964286	0.214047	1.233315)
(-98.642857	0.141875	1.269801)
(-94.321429	0.070040	1.292197)
(-90.000000	0.000000	1.300000)
(-85.678571	-0.070040	1.292197)
(-81.357143	-0.141875	1.269801)
(-77.035714	-0.214047	1.233315)
(-72.714286	-0.285213	1.183559)
(-68.392857	-0.354188	1.121657)
(-64.071429	-0.419990	1.049008)
(-59.750000	-0.481895	0.967255)
(-55.428571	-0.539493	0.878248)
(-51.107143	-0.592763	0.784004)
(-46.785714	-0.642178	0.686656)
(-42.464286	-0.688854	0.588411)
(-38.142857	-0.734789	0.491494)
(-33.821429	-0.783283	0.398102)
(-29.500000	-0.839713	0.310352)
(-27.750000	-0.825124	0.291273)
(-26.000000	-0.810536	0.272194)
(-24.250000	-0.795947	0.253115)
(-22.500000	-0.781358	0.234035)
(-20.750000	-0.766770	0.214956)
(-19.000000	-0.752181	0.195877)
(-17.250000	-0.737592	0.176798)
(-15.500000	-0.723004	0.157719)
(-13.750000	-0.708415	0.138640)
(-12.000000	-0.693827	0.119561)
(-10.250000	-0.679238	0.100481)
(-8.500000	-0.664649	0.081402)
(-5.000000	-0.635472	0.043244)
(-4.750000	-0.608411	0.045617)
(-4.500000	-0.581998	0.047540)
(-4.250000	-0.556772	0.048994)
(-4.000000	-0.527443	0.050585)
(-3.750000	-0.504594	0.051247)
(-3.500000	-0.479909	0.051799)
(-3.250000	-0.459867	0.051882)
(-3.000000	-0.435074	0.052075)
(-2.750000	-0.424105	0.051781)
(-2.500000	-0.409247	0.051505)
(-2.250000	-0.392230	0.051312)
(-2.000000	-0.379965	0.050990)
(-1.750000	-0.374288	0.050502)
(-1.500000	-0.355218	0.050364)
(-1.250000	-0.351053	0.049913)
(-1.000000	-0.344296	0.049546)
(-0.750000	-0.334298	0.049316)
(-0.500000	-0.337909	0.048810)
(-0.250000	-0.465503	0.044164)
(0.000000	-0.449674	0.043980)
(0.250000	-0.432549	0.043879)
(0.500000	-0.415640	0.043805)
(0.750000	-0.397326	0.043814)
(1.000000	-0.377609	0.043906)
(1.250000	-0.356164	0.044100)
(1.500000	-0.331154	0.044458)
(1.750000	-0.300853	0.045066)
(2.000000	-0.263856	0.045967)
(2.250000	-0.221243	0.047163)
(2.500000	-0.154222	0.049748)
(2.750000	-0.088928	0.052186)
(3.000000	-0.027955	0.054568)
(3.250000	-0.006078	0.055479)
(3.500000	0.005971	0.055856)
(3.750000	0.021585	0.056509)
(4.000000	0.045838	0.057668)
(4.250000	0.069443	0.058791)
(4.500000	0.096288	0.060226)
(4.750000	0.132746	0.062369)
(5.000000	0.157431	0.063786)
(5.250000	0.184816	0.065561)
(5.500000	0.220085	0.067870)
(5.750000	0.242395	0.069480)
(6.000000	0.268592	0.071504)
(6.250000	0.300405	0.073877)
(6.750000	0.342540	0.077732)
(7.000000	0.372625	0.080289)
(7.250000	0.392450	0.082295)
(7.500000	0.410116	0.084328)
(7.750000	0.428861	0.086517)
(8.000000	0.448470	0.088817)
(8.250000	0.467971	0.091163)
(8.500000	0.486609	0.093518)
(8.750000	0.503950	0.095854)
(9.000000	0.520967	0.098200)
(9.250000	0.540145	0.100610)
(9.500000	0.563210	0.103195)
(9.750000	0.572559	0.105348)
(10.000000	0.592708	0.107482)
(10.250000	0.712109	0.099129)
(10.500000	0.742411	0.099470)
(10.750000	0.770660	0.099654)
(11.250000	0.810526	0.100822)
(11.500000	0.845472	0.099387)
(12.000000	1.228454	0.052526)
(12.250000	1.242339	0.053602)
(12.500000	1.253308	0.055350)
(12.750000	1.271513	0.056969)
(13.000000	1.284427	0.059131)
(13.250000	1.301768	0.061247)
(13.500000	1.319973	0.063473)
(13.750000	1.331699	0.066141)
(14.000000	1.310376	0.070382)
(14.500000	1.297539	0.077943)
(14.750000	1.252672	0.084558)
(15.000000	1.223249	0.090666)
(15.500000	0.856821	0.161877)
(16.750000	0.830991	0.188076)
(17.000000	0.840017	0.191075)
(17.250000	0.850122	0.194130)
(17.500000	0.861307	0.197303)
(17.750000	0.869145	0.199989)
(18.000000	0.873526	0.202298)
(18.250000	0.879095	0.204791)
(18.500000	0.886393	0.207468)
(18.750000	0.895850	0.210421)
(19.000000	0.908439	0.213660)
(19.250000	0.914656	0.215950)
(19.500000	0.918930	0.218103)
(19.750000	0.926335	0.220761)
(20.000000	0.938600	0.224009)
(20.250000	0.945466	0.226299)
(20.500000	0.949739	0.228378)
(20.750000	0.959196	0.231294)
(21.000000	0.970274	0.234238)
(21.250000	0.973143	0.235940)
(21.500000	0.982708	0.238893)
(21.750000	0.991625	0.241414)
(22.000000	0.995683	0.243345)
(22.250000	1.008704	0.246905)
(22.500000	1.011573	0.248276)
(22.750000	1.019843	0.251008)
(23.000000	1.027896	0.253345)
(23.250000	1.033357	0.255534)
(23.500000	1.044003	0.258460)
(23.750000	1.047628	0.260125)
(24.000000	1.059461	0.263455)
(24.250000	1.062007	0.264752)
(24.500000	1.073516	0.268073)
(24.750000	1.076169	0.269342)
(25.000000	1.086706	0.272369)
(25.250000	1.090332	0.273914)
(25.500000	1.099141	0.276481)
(25.750000	1.104494	0.278578)
(26.000000	1.111468	0.280621)
(26.250000	1.119413	0.283344)
(26.500000	1.124118	0.284861)
(26.750000	1.135088	0.288550)
(27.000000	1.137093	0.289213)
(27.250000	1.144930	0.291586)
(27.500000	1.150931	0.293794)
(27.750000	1.156285	0.295487)
(28.000000	1.165850	0.298752)
(28.250000	1.168611	0.299746)
(28.500000	1.175153	0.301770)
(28.750000	1.182882	0.304612)
(29.000000	1.186507	0.305753)
(29.250000	1.193265	0.307905)
(29.500000	1.199590	0.310352)
(33.821429	1.118976	0.398102)
(38.142857	1.049699	0.491494)
(42.464286	0.984077	0.588411)
(46.785714	0.917397	0.686656)
(51.107143	0.846804	0.784004)
(55.428571	0.770704	0.878248)
(59.750000	0.688422	0.967255)
(64.071429	0.599986	1.049008)
(68.392857	0.505982	1.121657)
(72.714286	0.407447	1.183559)
(77.035714	0.305781	1.233315)
(81.357143	0.202678	1.269801)
(85.678571	0.100057	1.292197)
(90.000000	0.000000	1.300000)
(94.321429	-0.070040	1.292197)
(98.642857	-0.141875	1.269801)
(102.964286	-0.214047	1.233315)
(107.285714	-0.285213	1.183559)
(111.607143	-0.354188	1.121657)
(115.928571	-0.419990	1.049008)
(120.250000	-0.481895	0.967255)
(124.571429	-0.539493	0.878248)
(128.892857	-0.592763	0.784004)
(133.214286	-0.642178	0.686656)
(137.535714	-0.688854	0.588411)
(141.857143	-0.734789	0.491494)
(146.178571	-0.783283	0.398102)
(150.500000	-0.839713	0.310352)
(152.607143	-0.779733	0.270215)
(154.714286	-0.719754	0.232112)
(156.821429	-0.659774	0.196248)
(158.928571	-0.599795	0.162817)
(161.035714	-0.539815	0.131999)
(163.142857	-0.479836	0.103961)
(165.250000	-0.419856	0.078854)
(167.357143	-0.359877	0.056814)
(169.464286	-0.299897	0.037959)
(171.571429	-0.239918	0.022391)
(173.678571	-0.179938	0.010195)
(175.785714	-0.119959	0.001436)
(177.892857	-0.059980	0.001000)
(180.000000	0.000000	0.001000)
