// Re = 0.12
(-180.000000	0.000000	0.001227)
(-178.642857	0.063632	0.001956)
(-177.285714	0.127264	0.004141)
(-175.928571	0.190896	0.007777)
(-174.571429	0.254528	0.012856)
(-173.214286	0.318160	0.019367)
(-171.857143	0.381792	0.027296)
(-170.500000	0.445424	0.036623)
(-169.142857	0.509056	0.047329)
(-167.785714	0.572688	0.059389)
(-166.428571	0.636320	0.072776)
(-165.071429	0.699952	0.087460)
(-163.714286	0.763584	0.103409)
(-162.357143	0.827216	0.120586)
(-161.000000	0.890848	0.138953)
(-155.928571	0.793453	0.217391)
(-150.857143	0.735446	0.309377)
(-145.785714	0.693611	0.412035)
(-140.714286	0.656401	0.522155)
(-135.642857	0.617513	0.636292)
(-130.571429	0.573431	0.750879)
(-125.500000	0.522334	0.862332)
(-120.428571	0.463562	0.967164)
(-115.357143	0.397309	1.062098)
(-110.285714	0.324431	1.144163)
(-105.214286	0.246314	1.210792)
(-100.142857	0.164756	1.259900)
(-95.071429	0.081872	1.289950)
(-90.000000	0.000000	1.300000)
(-84.928571	-0.081872	1.289950)
(-79.857143	-0.164756	1.259900)
(-74.785714	-0.246314	1.210792)
(-69.714286	-0.324431	1.144163)
(-64.642857	-0.397309	1.062098)
(-59.571429	-0.463562	0.967164)
(-54.500000	-0.522334	0.862332)
(-49.428571	-0.573431	0.750879)
(-44.357143	-0.617513	0.636292)
(-39.285714	-0.656401	0.522155)
(-34.214286	-0.693611	0.412035)
(-29.142857	-0.735446	0.309377)
(-24.071429	-0.793453	0.217391)
(-19.000000	-0.890848	0.138953)
(-18.000000	-0.844694	0.130673)
(-17.000000	-0.798541	0.122393)
(-16.000000	-0.752387	0.114113)
(-15.000000	-0.706233	0.105834)
(-14.000000	-0.660080	0.097554)
(-13.000000	-0.613926	0.089274)
(-12.000000	-0.567773	0.080994)
(-11.000000	-0.521619	0.072714)
(-10.000000	-0.475465	0.064434)
(-9.000000	-0.429312	0.056154)
(-8.000000	-0.383158	0.047875)
(-7.000000	-0.337004	0.039595)
(-5.000000	-0.244697	0.023035)
(-4.750000	-0.218999	0.023511)
(-4.500000	-0.192193	0.024045)
(-4.250000	-0.166679	0.024273)
(-4.000000	-0.142364	0.024749)
(-3.750000	-0.118142	0.025105)
(-3.500000	-0.093643	0.025323)
(-3.250000	-0.067391	0.025383)
(-3.000000	-0.042707	0.025432)
(-2.750000	-0.019222	0.025482)
(-2.500000	0.004815	0.025482)
(-2.250000	0.030975	0.025561)
(-2.000000	0.055751	0.025561)
(-1.750000	0.079051	0.025591)
(-1.500000	0.103643	0.025551)
(-1.250000	0.132017	0.025323)
(-1.000000	0.154210	0.025521)
(-0.750000	0.177694	0.025611)
(-0.500000	0.205699	0.025452)
(-0.250000	0.230383	0.025472)
(0.000000	0.252852	0.025670)
(0.250000	0.277905	0.025729)
(0.500000	0.304987	0.025670)
(0.750000	0.327918	0.025878)
(1.000000	0.352325	0.026017)
(1.250000	0.379408	0.025967)
(1.500000	0.400955	0.026284)
(1.750000	0.424254	0.026512)
(2.000000	0.454105	0.026363)
(2.250000	0.475467	0.026740)
(2.500000	0.496184	0.027087)
(2.750000	0.526680	0.026849)
(3.000000	0.546289	0.027285)
(3.250000	0.566452	0.027691)
(3.500000	0.597502	0.027423)
(3.750000	0.618495	0.027760)
(4.000000	0.637551	0.028206)
(4.250000	0.657437	0.028582)
(4.500000	0.691162	0.028057)
(4.750000	0.709665	0.028463)
(5.000000	0.728905	0.028810)
(5.250000	0.749068	0.029078)
(5.500000	0.782055	0.028404)
(5.750000	0.803141	0.028414)
(6.000000	0.823765	0.028454)
(6.250000	0.844389	0.028335)
(6.500000	0.867228	0.028057)
(6.750000	0.891358	0.027641)
(7.000000	0.917518	0.027116)
(7.250000	0.950044	0.026423)
(7.500000	0.995209	0.025363)
(7.750000	1.040006	0.024580)
(8.000000	1.077698	0.023679)
(8.250000	1.106718	0.023342)
(8.500000	1.134908	0.023124)
(8.750000	1.162359	0.022936)
(9.000000	1.188335	0.022797)
(9.250000	1.207391	0.022946)
(9.500000	1.224417	0.023134)
(9.750000	1.234339	0.023560)
(10.000000	1.240478	0.024293)
(10.250000	1.242927	0.025393)
(10.500000	1.241778	0.026938)
(10.750000	1.237031	0.028988)
(11.000000	1.229792	0.031495)
(11.250000	1.221724	0.034318)
(11.500000	1.214301	0.037290)
(11.750000	1.208816	0.040261)
(12.000000	1.206006	0.043084)
(12.250000	1.206425	0.045700)
(12.500000	1.209889	0.048087)
(12.750000	1.216397	0.050217)
(13.000000	1.224659	0.052267)
(13.250000	1.235411	0.054070)
(13.500000	1.249024	0.055635)
(13.750000	1.265035	0.057022)
(14.000000	1.281784	0.058419)
(14.250000	1.296319	0.060083)
(14.500000	1.311408	0.061777)
(14.750000	1.328250	0.063382)
(15.000000	1.349520	0.064659)
(15.250000	1.363870	0.066571)
(15.500000	1.376745	0.068750)
(15.750000	1.400875	0.069979)
(16.000000	1.399818	0.073386)
(16.250000	1.407987	0.076011)
(16.500000	1.421323	0.078320)
(16.750000	1.411962	0.082619)
(17.000000	1.408415	0.086482)
(17.250000	1.431899	0.087819)
(17.500000	1.413497	0.093248)
(17.750000	1.394911	0.099033)
(18.000000	1.375402	0.105293)
(18.250000	1.353494	0.112247)
(18.500000	1.328542	0.120172)
(18.750000	1.300822	0.129136)
(19.000000	1.272640	0.138953)
(24.071429	1.133505	0.217391)
(29.142857	1.050637	0.309377)
(34.214286	0.990873	0.412035)
(39.285714	0.937716	0.522155)
(44.357143	0.882162	0.636292)
(49.428571	0.819186	0.750879)
(54.500000	0.746191	0.862332)
(59.571429	0.662231	0.967164)
(64.642857	0.567584	1.062098)
(69.714286	0.463473	1.144163)
(74.785714	0.351878	1.210792)
(79.857143	0.235366	1.259900)
(84.928571	0.116959	1.289950)
(90.000000	0.000000	1.300000)
(95.071429	-0.081872	1.289950)
(100.142857	-0.164756	1.259900)
(105.214286	-0.246314	1.210792)
(110.285714	-0.324431	1.144163)
(115.357143	-0.397309	1.062098)
(120.428571	-0.463562	0.967164)
(125.500000	-0.522334	0.862332)
(130.571429	-0.573431	0.750879)
(135.642857	-0.617513	0.636292)
(140.714286	-0.656401	0.522155)
(145.785714	-0.693611	0.412035)
(150.857143	-0.735446	0.309377)
(155.928571	-0.793453	0.217391)
(161.000000	-0.890848	0.138953)
(162.357143	-0.827216	0.120586)
(163.714286	-0.763584	0.103409)
(165.071429	-0.699952	0.087460)
(166.428571	-0.636320	0.072776)
(167.785714	-0.572688	0.059389)
(169.142857	-0.509056	0.047329)
(170.500000	-0.445424	0.036623)
(171.857143	-0.381792	0.027296)
(173.214286	-0.318160	0.019367)
(174.571429	-0.254528	0.012856)
(175.928571	-0.190896	0.007777)
(177.285714	-0.127264	0.004141)
(178.642857	-0.063632	0.001956)
(180.000000	0.000000	0.001227)
