// Re = 0.12
(-180.000000	0.000000	0.007414)
(-178.642857	0.066276	0.008141)
(-177.285714	0.132552	0.010321)
(-175.928571	0.198827	0.013949)
(-174.571429	0.265103	0.019016)
(-173.214286	0.331379	0.025511)
(-171.857143	0.397655	0.033420)
(-170.500000	0.463931	0.042725)
(-169.142857	0.530206	0.053405)
(-167.785714	0.596482	0.065436)
(-166.428571	0.662758	0.078790)
(-165.071429	0.729034	0.093439)
(-163.714286	0.795310	0.109348)
(-162.357143	0.861585	0.126482)
(-161.000000	0.927861	0.144803)
(-155.928571	0.821003	0.223040)
(-150.857143	0.756560	0.314781)
(-145.785714	0.710003	0.417151)
(-140.714286	0.669154	0.526943)
(-135.642857	0.627370	0.640716)
(-130.571429	0.580937	0.754903)
(-125.500000	0.527917	0.865925)
(-120.428571	0.467572	0.970298)
(-115.357143	0.400044	1.064747)
(-110.285714	0.326159	1.146308)
(-105.214286	0.247276	1.212415)
(-100.142857	0.165181	1.260990)
(-95.071429	0.081977	1.290497)
(-90.000000	0.000000	1.300000)
(-84.928571	-0.081977	1.290497)
(-79.857143	-0.165181	1.260990)
(-74.785714	-0.247276	1.212415)
(-69.714286	-0.326159	1.146308)
(-64.642857	-0.400044	1.064747)
(-59.571429	-0.467572	0.970298)
(-54.500000	-0.527917	0.865925)
(-49.428571	-0.580937	0.754903)
(-44.357143	-0.627370	0.640716)
(-39.285714	-0.669154	0.526943)
(-34.214286	-0.710003	0.417151)
(-29.142857	-0.756560	0.314781)
(-24.071429	-0.821003	0.223040)
(-19.000000	-0.927861	0.144803)
(-18.000000	-0.879037	0.136096)
(-17.000000	-0.830212	0.127388)
(-16.000000	-0.781388	0.118681)
(-15.000000	-0.732564	0.109973)
(-14.000000	-0.683739	0.101266)
(-13.000000	-0.634915	0.092558)
(-12.000000	-0.586091	0.083851)
(-11.000000	-0.537266	0.075144)
(-10.000000	-0.488442	0.066436)
(-9.000000	-0.439617	0.057729)
(-8.000000	-0.390793	0.049021)
(-7.000000	-0.341969	0.040314)
(-5.000000	-0.244320	0.022899)
(-4.750000	-0.218698	0.023399)
(-4.500000	-0.192038	0.023962)
(-4.250000	-0.166588	0.024201)
(-4.000000	-0.142262	0.024701)
(-3.750000	-0.118023	0.025076)
(-3.500000	-0.093525	0.025305)
(-3.250000	-0.067383	0.025368)
(-3.000000	-0.042712	0.025420)
(-2.750000	-0.019164	0.025472)
(-2.500000	0.004902	0.025472)
(-2.250000	0.030957	0.025555)
(-2.000000	0.055715	0.025555)
(-1.750000	0.079090	0.025587)
(-1.500000	0.103675	0.025545)
(-1.250000	0.131804	0.025305)
(-1.000000	0.154142	0.025514)
(-0.750000	0.177689	0.025607)
(-0.500000	0.205473	0.025441)
(-0.250000	0.230145	0.025462)
(0.000000	0.252741	0.025670)
(0.250000	0.277759	0.025733)
(0.500000	0.304678	0.025670)
(0.750000	0.327707	0.025889)
(1.000000	0.352119	0.026035)
(1.250000	0.379038	0.025983)
(1.500000	0.400770	0.026316)
(1.750000	0.424145	0.026555)
(2.000000	0.453658	0.026399)
(2.250000	0.475217	0.026795)
(2.500000	0.496171	0.027160)
(2.750000	0.526289	0.026910)
(3.000000	0.546206	0.027368)
(3.250000	0.566641	0.027795)
(3.500000	0.597278	0.027514)
(3.750000	0.618492	0.027868)
(4.000000	0.637890	0.028337)
(4.250000	0.658066	0.028733)
(4.500000	0.691209	0.028181)
(4.750000	0.710089	0.028608)
(5.000000	0.729660	0.028972)
(5.250000	0.750095	0.029254)
(5.500000	0.782547	0.028545)
(5.750000	0.803847	0.028556)
(6.000000	0.824715	0.028597)
(6.250000	0.845582	0.028472)
(6.500000	0.868525	0.028181)
(6.750000	0.892678	0.027743)
(7.000000	0.918733	0.027191)
(7.250000	0.950752	0.026462)
(7.500000	0.994616	0.025347)
(7.750000	1.038134	0.024524)
(8.000000	1.074995	0.023576)
(8.250000	1.103729	0.023222)
(8.500000	1.131686	0.022993)
(8.750000	1.158951	0.022795)
(9.000000	1.184833	0.022649)
(9.250000	1.204231	0.022805)
(9.500000	1.221727	0.023003)
(9.750000	1.232566	0.023451)
(10.000000	1.239861	0.024222)
(10.250000	1.243698	0.025378)
(10.500000	1.244164	0.027003)
(10.750000	1.241258	0.029160)
(11.000000	1.236017	0.031795)
(11.250000	1.229999	0.034764)
(11.500000	1.224585	0.037890)
(11.750000	1.220988	0.041015)
(12.000000	1.219897	0.043984)
(12.250000	1.221832	0.046734)
(12.500000	1.226620	0.049245)
(12.750000	1.234261	0.051484)
(13.000000	1.243544	0.053641)
(13.250000	1.255161	0.055537)
(13.500000	1.269459	0.057183)
(13.750000	1.286004	0.058641)
(14.000000	1.303241	0.060110)
(14.250000	1.318403	0.061860)
(14.500000	1.334083	0.063641)
(14.750000	1.351407	0.065329)
(15.000000	1.372880	0.066673)
(15.250000	1.387869	0.068683)
(15.500000	1.401474	0.070975)
(15.750000	1.425627	0.072267)
(16.000000	1.426179	0.075851)
(16.250000	1.435376	0.078611)
(16.500000	1.449414	0.081039)
(16.750000	1.442185	0.085560)
(17.000000	1.440403	0.089622)
(17.250000	1.463951	0.091029)
(17.500000	1.448250	0.096738)
(17.750000	1.432376	0.102821)
(18.000000	1.415638	0.109405)
(18.250000	1.396652	0.116718)
(18.500000	1.374813	0.125052)
(18.750000	1.350381	0.134480)
(19.000000	1.325516	0.144803)
(24.071429	1.172861	0.223040)
(29.142857	1.080800	0.314781)
(34.214286	1.014291	0.417151)
(39.285714	0.955934	0.526943)
(44.357143	0.896242	0.640716)
(49.428571	0.829910	0.754903)
(54.500000	0.754167	0.865925)
(59.571429	0.667960	0.970298)
(64.642857	0.571492	1.064747)
(69.714286	0.465941	1.146308)
(74.785714	0.353252	1.212415)
(79.857143	0.235973	1.260990)
(84.928571	0.117111	1.290497)
(90.000000	0.000000	1.300000)
(95.071429	-0.081977	1.290497)
(100.142857	-0.165181	1.260990)
(105.214286	-0.247276	1.212415)
(110.285714	-0.326159	1.146308)
(115.357143	-0.400044	1.064747)
(120.428571	-0.467572	0.970298)
(125.500000	-0.527917	0.865925)
(130.571429	-0.580937	0.754903)
(135.642857	-0.627370	0.640716)
(140.714286	-0.669154	0.526943)
(145.785714	-0.710003	0.417151)
(150.857143	-0.756560	0.314781)
(155.928571	-0.821003	0.223040)
(161.000000	-0.927861	0.144803)
(162.357143	-0.861585	0.126482)
(163.714286	-0.795310	0.109348)
(165.071429	-0.729034	0.093439)
(166.428571	-0.662758	0.078790)
(167.785714	-0.596482	0.065436)
(169.142857	-0.530206	0.053405)
(170.500000	-0.463931	0.042725)
(171.857143	-0.397655	0.033420)
(173.214286	-0.331379	0.025511)
(174.571429	-0.265103	0.019016)
(175.928571	-0.198827	0.013949)
(177.285714	-0.132552	0.010321)
(178.642857	-0.066276	0.008141)
(180.000000	0.000000	0.007414)
