// Re = 0.1
(-180.000000	0.000000	0.031841)
(-178.696429	0.065995	0.032505)
(-177.392857	0.131990	0.034497)
(-176.089286	0.197986	0.037813)
(-174.785714	0.263981	0.042446)
(-173.482143	0.329976	0.048385)
(-172.178571	0.395971	0.055620)
(-170.875000	0.461966	0.064133)
(-169.571429	0.527962	0.073908)
(-168.267857	0.593957	0.084925)
(-166.964286	0.659952	0.097160)
(-165.660714	0.725947	0.110587)
(-164.357143	0.791942	0.125179)
(-163.053571	0.857938	0.140905)
(-161.750000	0.923933	0.157732)
(-156.625000	0.813143	0.233858)
(-151.500000	0.748741	0.323967)
(-146.375000	0.703617	0.425151)
(-141.250000	0.664631	0.534146)
(-136.125000	0.624713	0.647434)
(-131.000000	0.579935	0.761352)
(-125.875000	0.528248	0.872216)
(-120.750000	0.468861	0.976433)
(-115.625000	0.401902	1.070621)
(-110.500000	0.328208	1.151712)
(-105.375000	0.249176	1.217056)
(-100.250000	0.166643	1.264503)
(-95.125000	0.082782	1.292471)
(-90.000000	0.000000	1.300000)
(-84.875000	-0.082782	1.292471)
(-79.750000	-0.166643	1.264503)
(-74.625000	-0.249176	1.217056)
(-69.500000	-0.328208	1.151712)
(-64.375000	-0.401902	1.070621)
(-59.250000	-0.468861	0.976433)
(-54.125000	-0.528248	0.872216)
(-49.000000	-0.579935	0.761352)
(-43.875000	-0.624713	0.647434)
(-38.750000	-0.664631	0.534146)
(-33.625000	-0.703617	0.425151)
(-28.500000	-0.748741	0.323967)
(-23.375000	-0.813143	0.233858)
(-18.250000	-0.923933	0.157732)
(-17.303571	-0.875836	0.148401)
(-16.357143	-0.827739	0.139070)
(-15.410714	-0.779641	0.129739)
(-14.464286	-0.731544	0.120409)
(-13.517857	-0.683447	0.111078)
(-12.571429	-0.635350	0.101747)
(-11.625000	-0.587253	0.092416)
(-10.678571	-0.539156	0.083085)
(-9.732143	-0.491059	0.073754)
(-8.785714	-0.442962	0.064423)
(-7.839286	-0.394864	0.055093)
(-6.892857	-0.346767	0.045762)
(-5.000000	-0.250573	0.027100)
(-4.750000	-0.226877	0.028230)
(-4.500000	-0.205028	0.028807)
(-4.250000	-0.182124	0.029741)
(-4.000000	-0.159616	0.030441)
(-3.750000	-0.137239	0.030871)
(-3.250000	-0.092025	0.030883)
(-3.000000	-0.072352	0.031055)
(-2.750000	-0.052612	0.031178)
(-2.500000	-0.032544	0.031227)
(-2.250000	-0.009903	0.031264)
(-2.000000	0.013132	0.031264)
(-1.750000	0.031685	0.031399)
(-1.500000	0.050633	0.031510)
(-1.000000	0.096770	0.031252)
(-0.750000	0.114927	0.031461)
(-0.500000	0.133479	0.031694)
(-0.250000	0.151966	0.032050)
(0.000000	0.179155	0.031780)
(0.250000	0.196389	0.032235)
(0.500000	0.213754	0.032726)
(1.000000	0.261277	0.032849)
(1.250000	0.276994	0.033574)
(1.500000	0.292381	0.034372)
(2.000000	0.338980	0.034667)
(2.250000	0.353840	0.035613)
(2.500000	0.368568	0.036595)
(2.750000	0.382835	0.037640)
(3.500000	0.442579	0.039138)
(3.750000	0.456978	0.040121)
(4.000000	0.455354	0.042897)
(4.250000	0.483335	0.042394)
(4.500000	0.497337	0.043462)
(4.750000	0.512527	0.044470)
(5.000000	0.527519	0.045391)
(5.250000	0.543104	0.046214)
(5.750000	0.576846	0.047541)
(6.250000	0.631093	0.048241)
(8.000000	0.925007	0.033389)
(8.250000	0.976066	0.029507)
(8.500000	1.006223	0.028279)
(8.750000	1.036380	0.027087)
(9.000000	1.063767	0.026203)
(9.250000	1.088847	0.025503)
(9.500000	1.107004	0.025417)
(9.750000	1.123182	0.025368)
(10.000000	1.133163	0.025933)
(10.250000	1.139715	0.027087)
(10.500000	1.145608	0.028561)
(10.750000	1.149390	0.030601)
(11.000000	1.150733	0.033328)
(11.250000	1.150889	0.036571)
(11.500000	1.150914	0.040146)
(11.750000	1.152191	0.043757)
(12.000000	1.155974	0.047160)
(12.250000	1.162394	0.050268)
(12.500000	1.171781	0.052971)
(12.750000	1.183344	0.055427)
(13.000000	1.196885	0.057663)
(13.250000	1.212932	0.059555)
(13.500000	1.229967	0.061434)
(13.750000	1.246937	0.063425)
(14.000000	1.265358	0.065316)
(14.250000	1.284833	0.067184)
(14.500000	1.305561	0.069026)
(14.750000	1.329520	0.070623)
(15.000000	1.336929	0.074284)
(15.250000	1.356537	0.076593)
(15.500000	1.364671	0.080303)
(15.750000	1.382366	0.082994)
(16.000000	1.382127	0.087932)
(16.250000	1.391646	0.091617)
(16.500000	1.402220	0.095388)
(16.750000	1.395057	0.101641)
(17.000000	1.387697	0.108324)
(17.250000	1.379083	0.115682)
(17.500000	1.367833	0.124085)
(17.750000	1.353219	0.133949)
(18.000000	1.336430	0.145312)
(18.250000	1.319904	0.157732)
(23.375000	1.161633	0.233858)
(28.500000	1.069630	0.323967)
(33.625000	1.005168	0.425151)
(38.750000	0.949473	0.534146)
(43.875000	0.892446	0.647434)
(49.000000	0.828479	0.761352)
(54.125000	0.754641	0.872216)
(59.250000	0.669802	0.976433)
(64.375000	0.574145	1.070621)
(69.500000	0.468868	1.151712)
(74.625000	0.355965	1.217056)
(79.750000	0.238062	1.264503)
(84.875000	0.118259	1.292471)
(90.000000	0.000000	1.300000)
(95.125000	-0.082782	1.292471)
(100.250000	-0.166643	1.264503)
(105.375000	-0.249176	1.217056)
(110.500000	-0.328208	1.151712)
(115.625000	-0.401902	1.070621)
(120.750000	-0.468861	0.976433)
(125.875000	-0.528248	0.872216)
(131.000000	-0.579935	0.761352)
(136.125000	-0.624713	0.647434)
(141.250000	-0.664631	0.534146)
(146.375000	-0.703617	0.425151)
(151.500000	-0.748741	0.323967)
(156.625000	-0.813143	0.233858)
(161.750000	-0.923933	0.157732)
(163.053571	-0.857938	0.140905)
(164.357143	-0.791942	0.125179)
(165.660714	-0.725947	0.110587)
(166.964286	-0.659952	0.097160)
(168.267857	-0.593957	0.084925)
(169.571429	-0.527962	0.073908)
(170.875000	-0.461966	0.064133)
(172.178571	-0.395971	0.055620)
(173.482143	-0.329976	0.048385)
(174.785714	-0.263981	0.042446)
(176.089286	-0.197986	0.037813)
(177.392857	-0.131990	0.034497)
(178.696429	-0.065995	0.032505)
(180.000000	0.000000	0.031841)
