// Re = 0.15
(-180.000000	0.000000	0.006402)
(-178.571429	0.062701	0.007208)
(-177.142857	0.125403	0.009624)
(-175.714286	0.188104	0.013644)
(-174.285714	0.250806	0.019258)
(-172.857143	0.313507	0.026452)
(-171.428571	0.376209	0.035208)
(-170.000000	0.438910	0.045505)
(-168.571429	0.501612	0.057316)
(-167.142857	0.564313	0.070612)
(-165.714286	0.627015	0.085360)
(-164.285714	0.689716	0.101524)
(-162.857143	0.752417	0.119062)
(-161.428571	0.815119	0.137932)
(-160.000000	0.877820	0.158087)
(-155.000000	0.789207	0.237990)
(-150.000000	0.734127	0.330544)
(-145.000000	0.692798	0.432931)
(-140.000000	0.655072	0.542033)
(-135.000000	0.615318	0.654527)
(-130.000000	0.570374	0.766986)
(-125.000000	0.518618	0.875985)
(-120.000000	0.459491	0.978201)
(-115.000000	0.393231	1.070518)
(-110.000000	0.320692	1.150118)
(-105.000000	0.243223	1.214573)
(-100.000000	0.162561	1.261912)
(-95.000000	0.080739	1.290683)
(-90.000000	0.000000	1.300000)
(-85.000000	-0.080739	1.290683)
(-80.000000	-0.162561	1.261912)
(-75.000000	-0.243223	1.214573)
(-70.000000	-0.320692	1.150118)
(-65.000000	-0.393231	1.070518)
(-60.000000	-0.459491	0.978201)
(-55.000000	-0.518618	0.875985)
(-50.000000	-0.570374	0.766986)
(-45.000000	-0.615318	0.654527)
(-40.000000	-0.655072	0.542033)
(-35.000000	-0.692798	0.432931)
(-30.000000	-0.734127	0.330544)
(-25.000000	-0.789207	0.237990)
(-20.000000	-0.877820	0.158087)
(-18.928571	-0.832357	0.148120)
(-17.857143	-0.786893	0.138153)
(-16.785714	-0.741429	0.128186)
(-15.714286	-0.695966	0.118219)
(-14.642857	-0.650502	0.108252)
(-13.571429	-0.605038	0.098285)
(-12.500000	-0.559575	0.088318)
(-11.428571	-0.514111	0.078351)
(-10.357143	-0.468647	0.068384)
(-9.285714	-0.423184	0.058417)
(-8.214286	-0.377720	0.048450)
(-7.142857	-0.332256	0.038483)
(-5.000000	-0.241329	0.018549)
(-4.750000	-0.214341	0.018775)
(-4.500000	-0.187635	0.019080)
(-4.250000	-0.161587	0.019325)
(-4.000000	-0.135351	0.019591)
(-3.750000	-0.108645	0.019826)
(-3.500000	-0.081469	0.019954)
(-3.250000	-0.055421	0.020072)
(-3.000000	-0.028997	0.020121)
(-2.750000	-0.001633	0.020102)
(-2.500000	0.025073	0.020200)
(-2.250000	0.051215	0.020249)
(-2.000000	0.078203	0.020219)
(-1.750000	0.106413	0.020111)
(-1.500000	0.132179	0.020210)
(-1.250000	0.158885	0.020229)
(-1.000000	0.187659	0.020111)
(-0.750000	0.213989	0.020151)
(-0.500000	0.240037	0.020229)
(-0.250000	0.268999	0.020141)
(0.000000	0.295423	0.020190)
(0.250000	0.321377	0.020288)
(0.500000	0.350057	0.020239)
(0.750000	0.376293	0.020337)
(1.000000	0.402999	0.020406)
(1.250000	0.430739	0.020416)
(1.500000	0.456505	0.020554)
(1.750000	0.484621	0.020583)
(2.000000	0.511233	0.020662)
(2.250000	0.536247	0.020829)
(2.500000	0.565021	0.020819)
(2.750000	0.591163	0.020946)
(3.000000	0.616835	0.021123)
(3.250000	0.644857	0.021094)
(3.500000	0.669871	0.021251)
(3.750000	0.694415	0.021438)
(4.000000	0.721685	0.021477)
(4.250000	0.748955	0.021506)
(4.500000	0.773028	0.021693)
(4.750000	0.798136	0.021801)
(5.000000	0.827098	0.021693)
(5.250000	0.852018	0.021752)
(5.500000	0.875904	0.021821)
(5.750000	0.900260	0.021791)
(6.000000	0.924898	0.021713)
(6.250000	0.949442	0.021595)
(6.500000	0.973986	0.021467)
(6.750000	0.998342	0.021281)
(7.000000	1.022133	0.020966)
(7.250000	1.044045	0.020681)
(7.500000	1.063889	0.020377)
(7.750000	1.085237	0.020033)
(8.000000	1.102354	0.019826)
(8.250000	1.123608	0.019561)
(8.500000	1.155296	0.019414)
(8.750000	1.181156	0.019492)
(9.000000	1.205700	0.019640)
(9.250000	1.225732	0.019954)
(9.500000	1.241439	0.020386)
(9.750000	1.250754	0.021074)
(10.000000	1.256027	0.022086)
(10.250000	1.256600	0.023521)
(10.500000	1.253225	0.025407)
(10.750000	1.247499	0.027676)
(11.000000	1.240364	0.030280)
(11.250000	1.233134	0.033090)
(11.500000	1.226657	0.035998)
(11.750000	1.222247	0.038866)
(12.000000	1.219530	0.041666)
(12.250000	1.219445	0.044319)
(12.500000	1.221334	0.046844)
(12.750000	1.225291	0.049212)
(13.000000	1.231034	0.051442)
(13.250000	1.238845	0.053475)
(13.500000	1.248348	0.055381)
(13.750000	1.259543	0.057111)
(14.000000	1.271021	0.058859)
(14.250000	1.283062	0.060608)
(14.500000	1.296607	0.062200)
(14.750000	1.312503	0.063546)
(15.000000	1.329339	0.064842)
(15.250000	1.340910	0.066798)
(15.500000	1.360095	0.067947)
(15.750000	1.370821	0.070049)
(16.000000	1.387186	0.071592)
(16.250000	1.396407	0.073920)
(16.500000	1.413431	0.075473)
(16.750000	1.413534	0.078842)
(17.000000	1.435070	0.079894)
(17.250000	1.431506	0.083725)
(17.500000	1.426063	0.087842)
(17.750000	1.430208	0.090828)
(18.000000	1.444787	0.092695)
(18.250000	1.428909	0.098197)
(18.500000	1.413783	0.103846)
(18.750000	1.398187	0.109819)
(19.000000	1.380429	0.116372)
(19.250000	1.357407	0.124104)
(19.500000	1.326113	0.133889)
(19.750000	1.288990	0.145649)
(20.000000	1.254029	0.158087)
(25.000000	1.127438	0.237990)
(30.000000	1.048753	0.330544)
(35.000000	0.989711	0.432931)
(40.000000	0.935817	0.542033)
(45.000000	0.879026	0.654527)
(50.000000	0.814820	0.766986)
(55.000000	0.740882	0.875985)
(60.000000	0.656416	0.978201)
(65.000000	0.561758	1.070518)
(70.000000	0.458132	1.150118)
(75.000000	0.347462	1.214573)
(80.000000	0.232230	1.261912)
(85.000000	0.115341	1.290683)
(90.000000	0.000000	1.300000)
(95.000000	-0.080739	1.290683)
(100.000000	-0.162561	1.261912)
(105.000000	-0.243223	1.214573)
(110.000000	-0.320692	1.150118)
(115.000000	-0.393231	1.070518)
(120.000000	-0.459491	0.978201)
(125.000000	-0.518618	0.875985)
(130.000000	-0.570374	0.766986)
(135.000000	-0.615318	0.654527)
(140.000000	-0.655072	0.542033)
(145.000000	-0.692798	0.432931)
(150.000000	-0.734127	0.330544)
(155.000000	-0.789207	0.237990)
(160.000000	-0.877820	0.158087)
(161.428571	-0.815119	0.137932)
(162.857143	-0.752417	0.119062)
(164.285714	-0.689716	0.101524)
(165.714286	-0.627015	0.085360)
(167.142857	-0.564313	0.070612)
(168.571429	-0.501612	0.057316)
(170.000000	-0.438910	0.045505)
(171.428571	-0.376209	0.035208)
(172.857143	-0.313507	0.026452)
(174.285714	-0.250806	0.019258)
(175.714286	-0.188104	0.013644)
(177.142857	-0.125403	0.009624)
(178.571429	-0.062701	0.007208)
(180.000000	0.000000	0.006402)
