// Re = 0.19
(-180.000000	0.000000	0.001000)
(-178.500000	0.066046	0.001000)
(-177.000000	0.132092	0.001000)
(-175.500000	0.198139	0.001000)
(-174.000000	0.264185	0.001000)
(-172.500000	0.330231	0.003057)
(-171.000000	0.396277	0.012795)
(-169.500000	0.462324	0.024239)
(-168.000000	0.528370	0.037360)
(-166.500000	0.594416	0.052122)
(-165.000000	0.660462	0.068484)
(-163.500000	0.726509	0.086401)
(-162.000000	0.792555	0.105826)
(-160.500000	0.858601	0.126704)
(-159.000000	0.924647	0.148979)
(-154.071429	0.829550	0.231227)
(-149.142857	0.767066	0.325455)
(-144.214286	0.718642	0.428900)
(-139.285714	0.674523	0.538527)
(-134.357143	0.629212	0.651122)
(-129.428571	0.579593	0.763387)
(-124.500000	0.524048	0.872033)
(-119.571429	0.462003	0.973882)
(-114.642857	0.393654	1.065958)
(-109.714286	0.319802	1.145575)
(-104.785714	0.241724	1.210418)
(-99.857143	0.161071	1.258605)
(-94.928571	0.079782	1.288750)
(-90.000000	0.000000	1.300000)
(-85.071429	-0.079782	1.288750)
(-80.142857	-0.161071	1.258605)
(-75.214286	-0.241724	1.210418)
(-70.285714	-0.319802	1.145575)
(-65.357143	-0.393654	1.065958)
(-60.428571	-0.462003	0.973882)
(-55.500000	-0.524048	0.872033)
(-50.571429	-0.579593	0.763387)
(-45.642857	-0.629212	0.651122)
(-40.714286	-0.674523	0.538527)
(-35.785714	-0.718642	0.428900)
(-30.857143	-0.767066	0.325455)
(-25.928571	-0.829550	0.231227)
(-21.000000	-0.924647	0.148979)
(-19.857143	-0.875896	0.139430)
(-18.714286	-0.827145	0.129881)
(-17.571429	-0.778393	0.120332)
(-16.428571	-0.729642	0.110783)
(-15.285714	-0.680890	0.101234)
(-14.142857	-0.632139	0.091685)
(-13.000000	-0.583387	0.082137)
(-11.857143	-0.534636	0.072588)
(-10.714286	-0.485884	0.063039)
(-9.571429	-0.437133	0.053490)
(-8.428571	-0.388381	0.043941)
(-7.285714	-0.339630	0.034392)
(-5.000000	-0.242127	0.015294)
(-4.750000	-0.214712	0.015438)
(-4.500000	-0.187296	0.015572)
(-4.250000	-0.159881	0.015735)
(-4.000000	-0.131884	0.015870)
(-3.750000	-0.104275	0.015975)
(-3.500000	-0.076860	0.016110)
(-3.250000	-0.049057	0.016187)
(-3.000000	-0.020768	0.016216)
(-2.750000	0.006647	0.016292)
(-2.500000	0.034353	0.016321)
(-2.250000	0.063126	0.016283)
(-2.000000	0.091027	0.016273)
(-1.750000	0.118539	0.016331)
(-1.500000	0.147312	0.016302)
(-1.250000	0.175503	0.016283)
(-1.000000	0.203113	0.016331)
(-0.750000	0.231983	0.016312)
(-0.500000	0.259980	0.016321)
(-0.250000	0.287589	0.016369)
(0.000000	0.316751	0.016350)
(0.250000	0.344457	0.016398)
(0.500000	0.372163	0.016456)
(0.750000	0.400937	0.016465)
(1.000000	0.428546	0.016532)
(1.250000	0.456640	0.016590)
(1.500000	0.484734	0.016638)
(1.750000	0.512247	0.016725)
(2.000000	0.541505	0.016753)
(2.250000	0.568047	0.016859)
(2.500000	0.595462	0.016955)
(2.750000	0.625109	0.016965)
(3.000000	0.651263	0.017099)
(3.250000	0.677999	0.017205)
(3.500000	0.707257	0.017224)
(3.750000	0.733508	0.017358)
(4.000000	0.760535	0.017464)
(4.250000	0.788726	0.017493)
(4.500000	0.814880	0.017589)
(4.750000	0.840840	0.017695)
(5.000000	0.867382	0.017771)
(5.250000	0.894506	0.017781)
(5.500000	0.921630	0.017762)
(5.750000	0.948269	0.017733)
(6.000000	0.974229	0.017723)
(6.250000	0.999024	0.017723)
(6.500000	1.022365	0.017704)
(6.750000	1.045705	0.017589)
(7.000000	1.069725	0.017435)
(7.250000	1.090348	0.017416)
(7.500000	1.113010	0.017358)
(7.750000	1.131305	0.017378)
(8.000000	1.150765	0.017358)
(8.250000	1.166634	0.017387)
(8.500000	1.181243	0.017416)
(8.750000	1.194008	0.017454)
(9.000000	1.205803	0.017502)
(9.250000	1.227106	0.017829)
(9.500000	1.241424	0.018453)
(9.750000	1.250017	0.019414)
(10.000000	1.252887	0.020758)
(10.250000	1.251584	0.022458)
(10.500000	1.247856	0.024475)
(10.750000	1.242576	0.026770)
(11.000000	1.236908	0.029258)
(11.250000	1.231530	0.031879)
(11.500000	1.226638	0.034578)
(11.750000	1.223880	0.037200)
(12.000000	1.221996	0.039822)
(12.250000	1.221566	0.042386)
(12.500000	1.222495	0.044883)
(12.750000	1.225268	0.047284)
(13.000000	1.229010	0.049637)
(13.250000	1.233820	0.051894)
(13.500000	1.239891	0.054074)
(13.750000	1.246932	0.056139)
(14.000000	1.255525	0.058060)
(14.250000	1.264216	0.060038)
(14.500000	1.274167	0.061863)
(14.750000	1.286448	0.063371)
(15.000000	1.296205	0.065310)
(15.250000	1.308485	0.066914)
(15.500000	1.322124	0.068345)
(15.750000	1.332561	0.070266)
(16.000000	1.349983	0.071265)
(16.250000	1.356636	0.073695)
(16.500000	1.373379	0.074847)
(16.750000	1.379450	0.077373)
(17.000000	1.389984	0.079332)
(17.250000	1.403234	0.080994)
(17.500000	1.403678	0.084269)
(17.750000	1.417413	0.085815)
(18.000000	1.422320	0.088571)
(18.250000	1.416943	0.092653)
(18.500000	1.420297	0.095591)
(18.750000	1.439272	0.096437)
(19.000000	1.424387	0.101892)
(19.250000	1.411636	0.107212)
(19.500000	1.400534	0.112417)
(19.750000	1.392247	0.117287)
(20.000000	1.420341	0.116384)
(20.250000	1.397597	0.123568)
(20.500000	1.373883	0.131270)
(20.750000	1.348423	0.139683)
(21.000000	1.320925	0.148979)
(25.928571	1.185071	0.231227)
(30.857143	1.095808	0.325455)
(35.785714	1.026632	0.428900)
(40.714286	0.963604	0.538527)
(45.642857	0.898874	0.651122)
(50.571429	0.827989	0.763387)
(55.500000	0.748641	0.872033)
(60.428571	0.660004	0.973882)
(65.357143	0.562363	1.065958)
(70.285714	0.456860	1.145575)
(75.214286	0.345319	1.210418)
(80.142857	0.230101	1.258605)
(85.071429	0.113974	1.288750)
(90.000000	0.000000	1.300000)
(94.928571	-0.079782	1.288750)
(99.857143	-0.161071	1.258605)
(104.785714	-0.241724	1.210418)
(109.714286	-0.319802	1.145575)
(114.642857	-0.393654	1.065958)
(119.571429	-0.462003	0.973882)
(124.500000	-0.524048	0.872033)
(129.428571	-0.579593	0.763387)
(134.357143	-0.629212	0.651122)
(139.285714	-0.674523	0.538527)
(144.214286	-0.718642	0.428900)
(149.142857	-0.767066	0.325455)
(154.071429	-0.829550	0.231227)
(159.000000	-0.924648	0.148979)
(160.500000	-0.858601	0.126704)
(162.000000	-0.792555	0.105826)
(163.500000	-0.726509	0.086401)
(165.000000	-0.660462	0.068484)
(166.500000	-0.594416	0.052122)
(168.000000	-0.528370	0.037360)
(169.500000	-0.462324	0.024239)
(171.000000	-0.396277	0.012795)
(172.500000	-0.330231	0.003057)
(174.000000	-0.264185	0.001000)
(175.500000	-0.198139	0.001000)
(177.000000	-0.132092	0.001000)
(178.500000	-0.066046	0.001000)
(180.000000	0.000000	0.001000)
