// Re = 0.17
(-180.000000	0.000000	0.003436)
(-178.535714	0.067945	0.004284)
(-177.071429	0.135890	0.006825)
(-175.607143	0.203835	0.011052)
(-174.142857	0.271780	0.016956)
(-172.678571	0.339725	0.024520)
(-171.214286	0.407670	0.033724)
(-169.750000	0.475615	0.044544)
(-168.285714	0.543560	0.056953)
(-166.821429	0.611505	0.070917)
(-165.357143	0.679450	0.086400)
(-163.892857	0.747396	0.103362)
(-162.428571	0.815341	0.121758)
(-160.964286	0.883286	0.141540)
(-159.500000	0.951231	0.162657)
(-154.535714	0.847211	0.243414)
(-149.571429	0.779881	0.336420)
(-144.607143	0.728601	0.438885)
(-139.642857	0.682675	0.547736)
(-134.678571	0.636123	0.659709)
(-129.714286	0.585559	0.771445)
(-124.750000	0.529210	0.879593)
(-119.785714	0.466409	0.980908)
(-114.821429	0.397308	1.072350)
(-109.857143	0.322688	1.151173)
(-104.892857	0.243833	1.215011)
(-99.928571	0.162416	1.261945)
(-94.964286	0.080410	1.290563)
(-90.000000	0.000000	1.300000)
(-85.035714	-0.080410	1.290563)
(-80.071429	-0.162416	1.261945)
(-75.107143	-0.243833	1.215011)
(-70.142857	-0.322688	1.151173)
(-65.178571	-0.397308	1.072350)
(-60.214286	-0.466409	0.980908)
(-55.250000	-0.529210	0.879593)
(-50.285714	-0.585559	0.771445)
(-45.321429	-0.636123	0.659709)
(-40.357143	-0.682675	0.547736)
(-35.392857	-0.728601	0.438885)
(-30.428571	-0.779881	0.336420)
(-25.464286	-0.847211	0.243414)
(-20.500000	-0.951231	0.162657)
(-19.392857	-0.900543	0.152224)
(-18.285714	-0.849855	0.141792)
(-17.178571	-0.799168	0.131359)
(-16.071429	-0.748480	0.120927)
(-14.964286	-0.697793	0.110494)
(-13.857143	-0.647105	0.100062)
(-12.750000	-0.596417	0.089629)
(-11.642857	-0.545730	0.079196)
(-10.535714	-0.495042	0.068764)
(-9.428571	-0.444354	0.058331)
(-8.321429	-0.393667	0.047899)
(-7.214286	-0.342979	0.037466)
(-5.000000	-0.241604	0.016601)
(-4.750000	-0.214733	0.016795)
(-4.500000	-0.187593	0.017009)
(-4.250000	-0.160185	0.017224)
(-4.000000	-0.132955	0.017387)
(-3.750000	-0.106084	0.017571)
(-3.500000	-0.078944	0.017735)
(-3.250000	-0.050998	0.017786)
(-3.000000	-0.023769	0.017827)
(-2.750000	0.003192	0.017949)
(-2.500000	0.030780	0.017970)
(-2.250000	0.058726	0.017939)
(-1.750000	0.113543	0.017970)
(-1.500000	0.141758	0.017939)
(-1.250000	0.169077	0.017939)
(-1.000000	0.196843	0.017939)
(-0.750000	0.225058	0.017939)
(-0.500000	0.252287	0.017970)
(-0.250000	0.280412	0.017960)
(0.000000	0.308269	0.017980)
(0.250000	0.335409	0.018041)
(0.500000	0.363981	0.018041)
(0.750000	0.391211	0.018103)
(1.000000	0.418172	0.018195)
(1.250000	0.447461	0.018174)
(1.500000	0.473884	0.018286)
(1.750000	0.500756	0.018399)
(2.000000	0.530134	0.018378)
(2.250000	0.556737	0.018521)
(2.500000	0.582981	0.018644)
(2.750000	0.611644	0.018654)
(3.000000	0.637709	0.018818)
(3.250000	0.665118	0.018910)
(3.500000	0.693422	0.018930)
(3.750000	0.718502	0.019104)
(4.000000	0.744925	0.019216)
(4.250000	0.774215	0.019185)
(4.500000	0.799384	0.019349)
(4.750000	0.825091	0.019472)
(5.000000	0.851784	0.019533)
(5.250000	0.880177	0.019472)
(5.500000	0.906332	0.019461)
(5.750000	0.931770	0.019451)
(6.000000	0.957119	0.019410)
(6.250000	0.982110	0.019369)
(6.500000	1.007101	0.019267)
(6.750000	1.030032	0.019165)
(7.000000	1.052246	0.018991)
(7.250000	1.076789	0.018726)
(7.500000	1.095332	0.018664)
(7.750000	1.116740	0.018521)
(8.000000	1.133940	0.018470)
(8.250000	1.152483	0.018348)
(8.500000	1.167533	0.018256)
(8.750000	1.186972	0.018174)
(9.000000	1.213037	0.018368)
(9.250000	1.234177	0.018777)
(9.500000	1.249585	0.019339)
(9.750000	1.260247	0.020197)
(10.000000	1.265537	0.021453)
(10.250000	1.266706	0.023129)
(10.500000	1.264831	0.025213)
(10.750000	1.261344	0.027634)
(11.000000	1.256961	0.030321)
(11.250000	1.252489	0.033202)
(11.500000	1.249092	0.036144)
(11.750000	1.247306	0.039045)
(12.000000	1.246953	0.041895)
(12.250000	1.248392	0.044643)
(12.500000	1.251173	0.047310)
(12.750000	1.255567	0.049874)
(13.000000	1.261931	0.052275)
(13.250000	1.269279	0.054573)
(13.500000	1.277971	0.056759)
(13.750000	1.288007	0.058782)
(14.000000	1.299654	0.060601)
(14.250000	1.310674	0.062613)
(14.500000	1.323128	0.064432)
(14.750000	1.337641	0.065974)
(15.000000	1.351975	0.067588)
(15.250000	1.364876	0.069458)
(15.500000	1.383687	0.070530)
(15.750000	1.393812	0.072829)
(16.000000	1.411728	0.074116)
(16.250000	1.421316	0.076537)
(16.500000	1.440217	0.077753)
(16.750000	1.444610	0.080910)
(17.000000	1.466467	0.081758)
(17.250000	1.466114	0.085568)
(17.500000	1.469791	0.088878)
(17.750000	1.495050	0.089307)
(18.000000	1.485116	0.094456)
(18.250000	1.479569	0.099176)
(18.500000	1.479216	0.103170)
(18.750000	1.504117	0.103415)
(19.000000	1.488719	0.109698)
(19.250000	1.473232	0.116287)
(19.500000	1.456850	0.123316)
(19.750000	1.438318	0.131100)
(20.000000	1.415935	0.140060)
(20.250000	1.388717	0.150643)
(20.500000	1.358901	0.162657)
(25.464286	1.210301	0.243414)
(30.428571	1.114115	0.336420)
(35.392857	1.040859	0.438885)
(40.357143	0.975250	0.547736)
(45.321429	0.908747	0.659709)
(50.285714	0.836513	0.771445)
(55.250000	0.756014	0.879593)
(60.214286	0.666299	0.980908)
(65.178571	0.567583	1.072350)
(70.142857	0.460983	1.151173)
(75.107143	0.348333	1.215011)
(80.071429	0.232023	1.261945)
(85.035714	0.114871	1.290563)
(90.000000	0.000000	1.300000)
(94.964286	-0.080410	1.290563)
(99.928571	-0.162416	1.261945)
(104.892857	-0.243833	1.215011)
(109.857143	-0.322688	1.151173)
(114.821429	-0.397308	1.072350)
(119.785714	-0.466409	0.980908)
(124.750000	-0.529210	0.879593)
(129.714286	-0.585559	0.771445)
(134.678571	-0.636123	0.659709)
(139.642857	-0.682675	0.547736)
(144.607143	-0.728601	0.438885)
(149.571429	-0.779881	0.336420)
(154.535714	-0.847211	0.243414)
(159.500000	-0.951231	0.162657)
(160.964286	-0.883286	0.141540)
(162.428571	-0.815341	0.121758)
(163.892857	-0.747396	0.103362)
(165.357143	-0.679450	0.086400)
(166.821429	-0.611505	0.070917)
(168.285714	-0.543560	0.056953)
(169.750000	-0.475615	0.044544)
(171.214286	-0.407670	0.033724)
(172.678571	-0.339725	0.024520)
(174.142857	-0.271780	0.016956)
(175.607143	-0.203835	0.011052)
(177.071429	-0.135890	0.006825)
(178.535714	-0.067945	0.004284)
(180.000000	0.000000	0.003436)
