// Re = 0.19
(-180.000000	0.000000	0.001000)
(-178.500000	0.067210	0.001000)
(-177.000000	0.134421	0.001000)
(-175.500000	0.201631	0.001000)
(-174.000000	0.268842	0.001000)
(-172.500000	0.336052	0.005011)
(-171.000000	0.403263	0.014741)
(-169.500000	0.470473	0.026177)
(-168.000000	0.537684	0.039288)
(-166.500000	0.604894	0.054038)
(-165.000000	0.672104	0.070388)
(-163.500000	0.739315	0.088291)
(-162.000000	0.806525	0.107700)
(-160.500000	0.873736	0.128562)
(-159.000000	0.940946	0.150819)
(-154.071429	0.841946	0.232999)
(-149.142857	0.776695	0.327147)
(-144.214286	0.726184	0.430499)
(-139.285714	0.680426	0.540021)
(-134.357143	0.633793	0.652500)
(-129.428571	0.583092	0.764638)
(-124.500000	0.526657	0.873149)
(-119.571429	0.463880	0.974854)
(-114.642857	0.394936	1.066780)
(-109.714286	0.320612	1.146240)
(-104.785714	0.242175	1.210921)
(-99.857143	0.161270	1.258942)
(-94.928571	0.079831	1.288919)
(-90.000000	0.000000	1.300000)
(-85.071429	-0.079831	1.288919)
(-80.142857	-0.161270	1.258942)
(-75.214286	-0.242175	1.210921)
(-70.285714	-0.320612	1.146240)
(-65.357143	-0.394936	1.066780)
(-60.428571	-0.463880	0.974854)
(-55.500000	-0.526657	0.873149)
(-50.571429	-0.583092	0.764638)
(-45.642857	-0.633793	0.652500)
(-40.714286	-0.680426	0.540021)
(-35.785714	-0.726184	0.430499)
(-30.857143	-0.776695	0.327147)
(-25.928571	-0.841946	0.232999)
(-21.000000	-0.940946	0.150819)
(-19.857143	-0.891032	0.141138)
(-18.714286	-0.841117	0.131456)
(-17.571429	-0.791203	0.121775)
(-16.428571	-0.741288	0.112093)
(-15.285714	-0.691373	0.102412)
(-14.142857	-0.641459	0.092730)
(-13.000000	-0.591544	0.083049)
(-11.857143	-0.541630	0.073368)
(-10.714286	-0.491715	0.063686)
(-9.571429	-0.441800	0.054005)
(-8.428571	-0.391886	0.044323)
(-7.285714	-0.341971	0.034642)
(-5.000000	-0.242142	0.015279)
(-4.750000	-0.214718	0.015425)
(-4.500000	-0.187294	0.015561)
(-4.250000	-0.159871	0.015727)
(-4.000000	-0.131875	0.015863)
(-3.750000	-0.104261	0.015970)
(-3.500000	-0.076837	0.016107)
(-3.250000	-0.049032	0.016184)
(-3.000000	-0.020750	0.016214)
(-2.750000	0.006673	0.016292)
(-2.500000	0.034383	0.016321)
(-2.250000	0.063141	0.016282)
(-2.000000	0.091042	0.016272)
(-1.750000	0.118561	0.016331)
(-1.500000	0.147319	0.016301)
(-1.250000	0.175505	0.016282)
(-1.000000	0.203120	0.016331)
(-0.750000	0.231973	0.016311)
(-0.500000	0.259969	0.016321)
(-0.250000	0.287583	0.016369)
(0.000000	0.316723	0.016350)
(0.250000	0.344433	0.016399)
(0.500000	0.372143	0.016457)
(0.750000	0.400901	0.016467)
(1.000000	0.428515	0.016535)
(1.250000	0.456606	0.016593)
(1.500000	0.484697	0.016642)
(1.750000	0.512216	0.016730)
(2.000000	0.541451	0.016759)
(2.250000	0.568017	0.016866)
(2.500000	0.595441	0.016963)
(2.750000	0.625057	0.016973)
(3.000000	0.651241	0.017109)
(3.250000	0.677998	0.017217)
(3.500000	0.707233	0.017236)
(3.750000	0.733512	0.017372)
(4.000000	0.760555	0.017479)
(4.250000	0.788741	0.017509)
(4.500000	0.814925	0.017606)
(4.750000	0.840919	0.017713)
(5.000000	0.867485	0.017791)
(5.250000	0.894623	0.017801)
(5.500000	0.921760	0.017781)
(5.750000	0.948421	0.017752)
(6.000000	0.974415	0.017742)
(6.250000	0.999265	0.017742)
(6.500000	1.022685	0.017723)
(6.750000	1.046104	0.017606)
(7.000000	1.070191	0.017450)
(7.250000	1.090942	0.017431)
(7.500000	1.113694	0.017372)
(7.750000	1.132157	0.017392)
(8.000000	1.151763	0.017372)
(8.250000	1.167843	0.017402)
(8.500000	1.182683	0.017431)
(8.750000	1.195711	0.017470)
(9.000000	1.207787	0.017518)
(9.250000	1.229205	0.017850)
(9.500000	1.243759	0.018482)
(9.750000	1.252688	0.019456)
(10.000000	1.255993	0.020819)
(10.250000	1.255199	0.022543)
(10.500000	1.252021	0.024588)
(10.750000	1.247318	0.026915)
(11.000000	1.242234	0.029437)
(11.250000	1.237435	0.032095)
(11.500000	1.233114	0.034831)
(11.750000	1.230890	0.037489)
(12.000000	1.229523	0.040147)
(12.250000	1.229587	0.042747)
(12.500000	1.230985	0.045279)
(12.750000	1.234195	0.047713)
(13.000000	1.238357	0.050099)
(13.250000	1.243569	0.052387)
(13.500000	1.250020	0.054597)
(13.750000	1.257424	0.056691)
(14.000000	1.266353	0.058638)
(14.250000	1.275378	0.060644)
(14.500000	1.285642	0.062494)
(14.750000	1.298194	0.064023)
(15.000000	1.308268	0.065989)
(15.250000	1.320820	0.067616)
(15.500000	1.334706	0.069066)
(15.750000	1.345447	0.071014)
(16.000000	1.363052	0.072026)
(16.250000	1.370074	0.074490)
(16.500000	1.387012	0.075658)
(16.750000	1.393463	0.078219)
(17.000000	1.404299	0.080206)
(17.250000	1.417804	0.081890)
(17.500000	1.418725	0.085210)
(17.750000	1.432707	0.086778)
(18.000000	1.438014	0.089573)
(18.250000	1.433216	0.093711)
(18.500000	1.436998	0.096690)
(18.750000	1.456127	0.097547)
(19.000000	1.441987	0.103078)
(19.250000	1.429943	0.108472)
(19.500000	1.419521	0.113750)
(19.750000	1.411862	0.118686)
(20.000000	1.439953	0.117771)
(20.250000	1.418091	0.125054)
(20.500000	1.395275	0.132864)
(20.750000	1.370743	0.141393)
(21.000000	1.344209	0.150819)
(25.928571	1.202781	0.232999)
(30.857143	1.109564	0.327147)
(35.785714	1.037406	0.430499)
(40.714286	0.972037	0.540021)
(45.642857	0.905419	0.652500)
(50.571429	0.832989	0.764638)
(55.500000	0.752367	0.873149)
(60.428571	0.662685	0.974854)
(65.357143	0.564194	1.066780)
(70.285714	0.458017	1.146240)
(75.214286	0.345964	1.210921)
(80.142857	0.230386	1.258942)
(85.071429	0.114045	1.288919)
(90.000000	0.000000	1.300000)
(94.928571	-0.079831	1.288919)
(99.857143	-0.161270	1.258942)
(104.785714	-0.242175	1.210921)
(109.714286	-0.320612	1.146240)
(114.642857	-0.394936	1.066780)
(119.571429	-0.463880	0.974854)
(124.500000	-0.526657	0.873149)
(129.428571	-0.583092	0.764638)
(134.357143	-0.633793	0.652500)
(139.285714	-0.680426	0.540021)
(144.214286	-0.726184	0.430499)
(149.142857	-0.776695	0.327147)
(154.071429	-0.841946	0.232999)
(159.000000	-0.940946	0.150819)
(160.500000	-0.873736	0.128562)
(162.000000	-0.806525	0.107700)
(163.500000	-0.739315	0.088291)
(165.000000	-0.672104	0.070388)
(166.500000	-0.604894	0.054038)
(168.000000	-0.537684	0.039288)
(169.500000	-0.470473	0.026177)
(171.000000	-0.403263	0.014741)
(172.500000	-0.336052	0.005011)
(174.000000	-0.268842	0.001000)
(175.500000	-0.201631	0.001000)
(177.000000	-0.134421	0.001000)
(178.500000	-0.067210	0.001000)
(180.000000	0.000000	0.001000)
