// Re = 0.02
(-180.000000	-0.000000	4.010453)
(-177.928571	-0.940434	4.013823)
(-175.857143	-1.880868	4.023906)
(-173.785714	-2.821302	4.040617)
(-171.714286	-3.761736	4.063818)
(-169.642857	-4.702170	4.093316)
(-167.571429	-5.642604	4.128866)
(-165.500000	-6.583038	4.170168)
(-163.428571	-7.523472	4.216875)
(-161.357143	-8.463906	4.268591)
(-159.285714	-9.404340	4.324874)
(-157.214286	-10.344773	4.385237)
(-155.142857	-11.285207	4.449155)
(-153.071429	-12.225641	4.516065)
(-151.000000	-13.166075	4.585368)
(-146.642857	-10.207518	4.736117)
(-142.285714	-7.865347	4.888428)
(-137.928571	-5.974802	5.035719)
(-133.571429	-4.434206	5.171203)
(-129.214286	-3.177470	5.288071)
(-124.857143	-2.159647	5.379665)
(-120.500000	-1.348850	5.439658)
(-116.142857	-0.721518	5.462223)
(-111.785714	-0.259538	5.442194)
(-107.428571	0.051548	5.375211)
(-103.071429	0.223661	5.257849)
(-98.714286	0.266881	5.087726)
(-94.357143	0.189855	4.863589)
(-90.000000	0.000000	4.585368)
(-85.642857	-0.189855	4.863589)
(-81.285714	-0.266881	5.087726)
(-76.928571	-0.223661	5.257849)
(-72.571429	-0.051548	5.375211)
(-68.214286	0.259538	5.442194)
(-63.857143	0.721518	5.462223)
(-59.500000	1.348850	5.439658)
(-55.142857	2.159647	5.379665)
(-50.785714	3.177470	5.288071)
(-46.428571	4.434206	5.171203)
(-42.071429	5.974802	5.035719)
(-37.714286	7.865347	4.888428)
(-33.357143	10.207518	4.736117)
(-29.000000	13.166075	4.585368)
(-27.285714	12.186289	4.268342)
(-25.571429	11.206503	3.951317)
(-23.857143	10.226717	3.634291)
(-22.142857	9.246931	3.317265)
(-20.428571	8.267145	3.000240)
(-18.714286	7.287359	2.683214)
(-17.000000	6.307573	2.366189)
(-15.285714	5.327787	2.049163)
(-13.571429	4.348000	1.732137)
(-11.857143	3.368214	1.415112)
(-10.142857	2.388428	1.098086)
(-8.428571	1.408642	0.781060)
(-5.000000	-0.550930	0.147009)
(-4.750000	-0.484483	0.141915)
(-4.500000	-0.422364	0.136822)
(-4.250000	-0.364572	0.131892)
(-4.000000	-0.312548	0.127127)
(-3.750000	-0.264852	0.122362)
(-3.500000	-0.221483	0.117762)
(-3.250000	-0.182441	0.113325)
(-3.000000	-0.147725	0.108889)
(-2.750000	-0.115895	0.104617)
(-2.500000	-0.086949	0.100509)
(-2.250000	-0.059445	0.096401)
(-2.000000	-0.036268	0.092294)
(-1.750000	-0.013092	0.088350)
(-1.500000	0.008643	0.084407)
(-1.250000	0.030377	0.080463)
(-1.000000	0.050669	0.076520)
(-0.750000	0.072404	0.072576)
(-0.500000	0.094138	0.068468)
(-0.250000	0.115873	0.064196)
(0.000000	0.140492	0.059760)
(0.250000	0.167995	0.055159)
(0.500000	0.196942	0.050066)
(0.750000	0.228772	0.044643)
(1.000000	0.262045	0.038893)
(1.250000	0.299645	0.032484)
(1.500000	0.338687	0.025748)
(1.750000	0.380614	0.018189)
(2.000000	0.422541	0.010302)
(2.250000	0.460141	0.002087)
(2.500000	0.490529	0.001000)
(2.750000	0.489187	0.001000)
(3.000000	0.424382	0.001000)
(3.250000	0.288904	0.001000)
(3.500000	0.098617	0.001000)
(3.750000	-0.130612	0.009974)
(4.000000	-0.387245	0.025912)
(4.250000	-0.658302	0.044643)
(4.500000	-0.936569	0.065511)
(4.750000	-1.219164	0.088350)
(5.000000	-1.501759	0.112997)
(5.250000	-1.781470	0.138958)
(5.500000	-2.056853	0.166398)
(5.750000	-2.327909	0.194988)
(6.000000	-2.593196	0.224728)
(6.250000	-2.852714	0.255783)
(6.500000	-3.106463	0.287823)
(6.750000	-3.353000	0.321014)
(7.000000	-3.595210	0.355355)
(7.250000	-3.830208	0.390682)
(7.500000	-4.060880	0.427323)
(7.750000	-4.284340	0.464950)
(8.000000	-4.503472	0.503727)
(8.250000	-4.718278	0.543491)
(8.500000	-4.927315	0.584568)
(8.750000	-5.132025	0.626632)
(9.000000	-5.330965	0.669681)
(9.250000	-5.527021	0.713881)
(9.500000	-5.718750	0.759230)
(9.750000	-6.040287	0.827255)
(10.000000	-6.560865	0.929128)
(10.250000	-6.938653	1.003560)
(10.500000	-7.312114	1.081772)
(10.750000	-7.642305	1.154069)
(11.000000	-7.927785	1.217986)
(11.250000	-8.175764	1.275166)
(11.500000	-8.410763	1.331689)
(11.750000	-8.673165	1.398070)
(12.000000	-8.935568	1.465109)
(12.250000	-9.115758	1.513088)
(12.500000	-9.389699	1.588506)
(12.750000	-9.541043	1.630241)
(13.000000	-9.806330	1.706974)
(13.250000	-9.943251	1.747230)
(13.500000	-10.149403	1.808025)
(13.750000	-10.375747	1.877857)
(14.000000	-10.527091	1.924850)
(14.250000	-10.692858	1.977101)
(14.500000	-10.868721	2.032802)
(14.750000	-11.054681	2.092611)
(15.000000	-11.259391	2.158500)
(15.250000	-11.364580	2.191526)
(15.750000	-11.722076	2.308680)
(16.000000	-11.848901	2.350251)
(16.250000	-12.027649	2.407924)
(16.500000	-12.186204	2.460996)
(16.750000	-12.315913	2.501252)
(17.000000	-12.506200	2.564183)
(17.250000	-12.663313	2.617091)
(17.750000	-12.935712	2.700561)
(18.000000	-13.107248	2.757412)
(18.500000	-13.425801	2.862571)
(18.750000	-13.554068	2.901020)
(19.000000	-13.690989	2.942426)
(19.250000	-13.833679	2.987119)
(19.500000	-13.980696	3.033454)
(19.750000	-14.129155	3.079461)
(20.000000	-14.277614	3.127933)
(20.250000	-14.426074	3.174104)
(20.500000	-14.571648	3.220440)
(20.750000	-14.717223	3.265132)
(21.000000	-14.857028	3.310153)
(21.250000	-14.996833	3.353367)
(21.500000	-15.133754	3.395759)
(21.750000	-15.267790	3.437494)
(22.000000	-15.401826	3.478900)
(22.250000	-15.535862	3.520142)
(22.500000	-15.671341	3.562863)
(22.750000	-15.809704	3.608541)
(23.000000	-15.953836	3.656520)
(23.250000	-16.105180	3.710085)
(23.500000	-16.249312	3.759543)
(23.750000	-16.348732	3.778932)
(24.000000	-16.459691	3.809822)
(24.250000	-16.586516	3.851064)
(24.500000	-16.730648	3.903315)
(24.750000	-16.886319	3.963945)
(25.000000	-16.969874	3.972490)
(25.250000	-17.080833	4.005845)
(25.500000	-17.222080	4.059903)
(25.750000	-17.359001	4.107224)
(26.000000	-17.442556	4.119712)
(26.250000	-17.567938	4.166212)
(26.500000	-17.720724	4.231936)
(26.750000	-17.791298	4.231443)
(27.000000	-17.915238	4.277943)
(27.250000	-18.047832	4.327565)
(27.500000	-18.127060	4.338409)
(27.750000	-18.266865	4.400847)
(28.000000	-18.353305	4.414485)
(28.250000	-18.462821	4.454906)
(28.500000	-18.583876	4.498284)
(28.750000	-18.665989	4.516194)
(29.000000	-18.808679	4.585368)
(33.357143	-14.582169	4.736117)
(37.714286	-11.236210	4.888428)
(42.071429	-8.535431	5.035719)
(46.428571	-6.334579	5.171203)
(50.785714	-4.539243	5.288071)
(55.142857	-3.085210	5.379665)
(59.500000	-1.926929	5.439658)
(63.857143	-1.030740	5.462223)
(68.214286	-0.370768	5.442194)
(72.571429	0.073640	5.375211)
(76.928571	0.319516	5.257849)
(81.285714	0.381259	5.087726)
(85.642857	0.271222	4.863589)
(90.000000	0.000000	4.585368)
(94.357143	-0.189855	4.863589)
(98.714286	-0.266881	5.087726)
(103.071429	-0.223661	5.257849)
(107.428571	-0.051548	5.375211)
(111.785714	0.259538	5.442194)
(116.142857	0.721518	5.462223)
(120.500000	1.348850	5.439658)
(124.857143	2.159647	5.379665)
(129.214286	3.177470	5.288071)
(133.571429	4.434206	5.171203)
(137.928571	5.974802	5.035719)
(142.285714	7.865347	4.888428)
(146.642857	10.207518	4.736117)
(151.000000	13.166075	4.585368)
(153.071429	12.225641	4.516065)
(155.142857	11.285207	4.449155)
(157.214286	10.344773	4.385237)
(159.285714	9.404340	4.324874)
(161.357143	8.463906	4.268591)
(163.428571	7.523472	4.216875)
(165.500000	6.583038	4.170168)
(167.571429	5.642604	4.128866)
(169.642857	4.702170	4.093316)
(171.714286	3.761736	4.063818)
(173.785714	2.821302	4.040617)
(175.857143	1.880868	4.023906)
(177.928571	0.940434	4.013823)
(180.000000	-0.000000	4.010453)
