// Re = 0.18
(-180.000000	0.000000	0.001000)
(-178.517857	0.066902	0.001000)
(-177.035714	0.133804	0.001000)
(-175.553571	0.200706	0.001000)
(-174.071429	0.267607	0.006292)
(-172.589286	0.334509	0.014073)
(-171.107143	0.401411	0.023540)
(-169.625000	0.468313	0.034669)
(-168.142857	0.535215	0.047429)
(-166.660714	0.602117	0.061787)
(-165.178571	0.669018	0.077704)
(-163.696429	0.735920	0.095138)
(-162.214286	0.802822	0.114042)
(-160.732143	0.869724	0.134366)
(-159.250000	0.936626	0.156055)
(-154.303571	0.837431	0.237550)
(-149.357143	0.772758	0.331158)
(-144.410714	0.723073	0.434102)
(-139.464286	0.678175	0.543328)
(-134.517857	0.632341	0.655598)
(-129.571429	0.582328	0.767582)
(-124.625000	0.526445	0.875961)
(-119.678571	0.464074	0.977523)
(-114.732143	0.395391	1.069262)
(-109.785714	0.321188	1.148461)
(-104.839286	0.242746	1.212780)
(-99.892857	0.161729	1.260319)
(-94.946429	0.080092	1.289678)
(-90.000000	0.000000	1.300000)
(-85.053571	-0.080092	1.289678)
(-80.107143	-0.161729	1.260319)
(-75.160714	-0.242746	1.212780)
(-70.214286	-0.321188	1.148461)
(-65.267857	-0.395391	1.069262)
(-60.321429	-0.464074	0.977523)
(-55.375000	-0.526445	0.875961)
(-50.428571	-0.582328	0.767582)
(-45.482143	-0.632341	0.655598)
(-40.535714	-0.678175	0.543328)
(-35.589286	-0.723073	0.434102)
(-30.642857	-0.772758	0.331158)
(-25.696429	-0.837431	0.237550)
(-20.750000	-0.936626	0.156055)
(-19.625000	-0.887021	0.146045)
(-18.500000	-0.837415	0.136036)
(-17.375000	-0.787810	0.126027)
(-16.250000	-0.738205	0.116017)
(-15.125000	-0.688600	0.106008)
(-14.000000	-0.638995	0.095998)
(-12.875000	-0.589389	0.085988)
(-11.750000	-0.539784	0.075979)
(-10.625000	-0.490179	0.065970)
(-9.500000	-0.440574	0.055960)
(-8.375000	-0.390969	0.045951)
(-7.250000	-0.341363	0.035941)
(-5.000000	-0.242153	0.015922)
(-4.750000	-0.214731	0.016071)
(-4.500000	-0.186937	0.016239)
(-4.250000	-0.159888	0.016388)
(-4.000000	-0.132747	0.016595)
(-3.750000	-0.105232	0.016774)
(-3.500000	-0.077343	0.016882)
(-3.250000	-0.050202	0.016981)
(-3.000000	-0.022780	0.017031)
(-2.750000	0.005481	0.017031)
(-2.500000	0.033276	0.017021)
(-2.250000	0.060605	0.017080)
(-2.000000	0.088586	0.017090)
(-1.750000	0.116847	0.017051)
(-1.500000	0.144642	0.017041)
(-1.250000	0.172344	0.017090)
(-1.000000	0.200792	0.017051)
(-0.750000	0.228587	0.017061)
(-0.500000	0.256382	0.017100)
(-0.250000	0.284643	0.017090)
(0.000000	0.312531	0.017120)
(0.250000	0.340699	0.017150)
(0.500000	0.368401	0.017189)
(0.750000	0.396289	0.017239)
(1.000000	0.425017	0.017249)
(1.250000	0.451786	0.017358)
(1.500000	0.479767	0.017417)
(1.750000	0.508309	0.017447)
(2.000000	0.534704	0.017575)
(2.250000	0.562872	0.017635)
(2.500000	0.591413	0.017684)
(2.750000	0.617342	0.017823)
(3.000000	0.645417	0.017882)
(3.250000	0.673025	0.017951)
(3.500000	0.699607	0.018090)
(3.750000	0.727402	0.018149)
(4.000000	0.754543	0.018219)
(4.250000	0.780285	0.018357)
(4.500000	0.807054	0.018446)
(4.750000	0.836248	0.018417)
(5.000000	0.861617	0.018535)
(5.250000	0.887359	0.018605)
(5.500000	0.913381	0.018615)
(5.750000	0.939309	0.018595)
(6.000000	0.964865	0.018575)
(6.250000	0.990047	0.018545)
(6.500000	1.014949	0.018466)
(6.750000	1.039945	0.018288)
(7.000000	1.061487	0.018179)
(7.250000	1.084150	0.018031)
(7.500000	1.105226	0.017981)
(7.750000	1.124437	0.017932)
(8.000000	1.143273	0.017902)
(8.250000	1.160897	0.017852)
(8.500000	1.175068	0.017833)
(8.750000	1.188586	0.017793)
(9.000000	1.210409	0.017862)
(9.250000	1.231392	0.018278)
(9.500000	1.246216	0.018882)
(9.750000	1.255909	0.019783)
(10.000000	1.260002	0.021089)
(10.250000	1.259616	0.022791)
(10.500000	1.256991	0.024840)
(10.750000	1.252500	0.027196)
(11.000000	1.247448	0.029789)
(11.250000	1.242490	0.032531)
(11.500000	1.238372	0.035342)
(11.750000	1.236027	0.038103)
(12.000000	1.234988	0.040825)
(12.250000	1.234975	0.043517)
(12.500000	1.237576	0.046051)
(12.750000	1.240829	0.048555)
(13.000000	1.245482	0.050961)
(13.250000	1.251629	0.053237)
(13.500000	1.259175	0.055405)
(13.750000	1.267654	0.057483)
(14.000000	1.277066	0.059473)
(14.250000	1.287878	0.061294)
(14.500000	1.300556	0.062877)
(14.750000	1.310901	0.064877)
(15.000000	1.324233	0.066470)
(15.250000	1.339057	0.067876)
(15.500000	1.350055	0.069865)
(15.750000	1.368706	0.070835)
(16.000000	1.376625	0.073270)
(16.250000	1.395928	0.074220)
(16.500000	1.401141	0.077031)
(16.750000	1.423617	0.077635)
(17.000000	1.423325	0.081188)
(17.250000	1.433204	0.083415)
(17.500000	1.448215	0.085029)
(17.750000	1.444096	0.089146)
(18.000000	1.449590	0.091987)
(18.250000	1.468706	0.093036)
(18.500000	1.456843	0.098282)
(18.750000	1.448339	0.103211)
(19.000000	1.443941	0.107596)
(19.250000	1.473882	0.106843)
(19.500000	1.455300	0.113366)
(19.750000	1.435972	0.120314)
(20.000000	1.415524	0.127787)
(20.250000	1.392837	0.136062)
(20.500000	1.366883	0.145445)
(20.750000	1.338037	0.156055)
(25.696429	1.196330	0.237550)
(30.642857	1.103940	0.331158)
(35.589286	1.032961	0.434102)
(40.535714	0.968821	0.543328)
(45.482143	0.903344	0.655598)
(50.428571	0.831897	0.767582)
(55.375000	0.752064	0.875961)
(60.321429	0.662963	0.977523)
(65.267857	0.564844	1.069262)
(70.214286	0.458840	1.148461)
(75.160714	0.346781	1.212780)
(80.107143	0.231042	1.260319)
(85.053571	0.114417	1.289678)
(90.000000	0.000000	1.300000)
(94.946429	-0.080092	1.289678)
(99.892857	-0.161729	1.260319)
(104.839286	-0.242746	1.212780)
(109.785714	-0.321188	1.148461)
(114.732143	-0.395391	1.069262)
(119.678571	-0.464074	0.977523)
(124.625000	-0.526445	0.875961)
(129.571429	-0.582328	0.767582)
(134.517857	-0.632341	0.655598)
(139.464286	-0.678175	0.543328)
(144.410714	-0.723073	0.434102)
(149.357143	-0.772758	0.331158)
(154.303571	-0.837431	0.237550)
(159.250000	-0.936626	0.156055)
(160.732143	-0.869724	0.134366)
(162.214286	-0.802822	0.114042)
(163.696429	-0.735920	0.095138)
(165.178571	-0.669018	0.077704)
(166.660714	-0.602117	0.061787)
(168.142857	-0.535215	0.047429)
(169.625000	-0.468313	0.034669)
(171.107143	-0.401411	0.023540)
(172.589286	-0.334509	0.014073)
(174.071429	-0.267607	0.006292)
(175.553571	-0.200706	0.001000)
(177.035714	-0.133804	0.001000)
(178.517857	-0.066902	0.001000)
(180.000000	0.000000	0.001000)
