// Re = 0.07
(-180.000000	0.000000	0.133777)
(-177.857143	0.053085	0.135501)
(-175.714286	0.106170	0.140663)
(-173.571429	0.159255	0.149232)
(-171.428571	0.212340	0.161160)
(-169.285714	0.265425	0.176377)
(-167.142857	0.318511	0.194793)
(-165.000000	0.371596	0.216302)
(-162.857143	0.424681	0.240778)
(-160.714286	0.477766	0.268079)
(-158.571429	0.530851	0.298045)
(-156.428571	0.583936	0.330502)
(-154.285714	0.637021	0.365260)
(-152.142857	0.690106	0.402116)
(-150.000000	0.743191	0.440854)
(-145.714286	0.705630	0.523060)
(-141.428571	0.671793	0.609952)
(-137.142857	0.637623	0.699491)
(-132.857143	0.600629	0.789566)
(-128.571429	0.559328	0.878047)
(-124.285714	0.512945	0.962831)
(-120.000000	0.461235	1.041888)
(-115.714286	0.404369	1.113312)
(-111.428571	0.342854	1.175358)
(-107.142857	0.277474	1.226487)
(-102.857143	0.209239	1.265398)
(-98.571429	0.139343	1.291061)
(-94.285714	0.069118	1.302737)
(-90.000000	0.000000	1.300000)
(-85.714286	-0.069118	1.302737)
(-81.428571	-0.139343	1.291061)
(-77.142857	-0.209239	1.265398)
(-72.857143	-0.277474	1.226487)
(-68.571429	-0.342854	1.175358)
(-64.285714	-0.404369	1.113312)
(-60.000000	-0.461235	1.041888)
(-55.714286	-0.512945	0.962831)
(-51.428571	-0.559328	0.878047)
(-47.142857	-0.600629	0.789566)
(-42.857143	-0.637623	0.699491)
(-38.571429	-0.671793	0.609952)
(-34.285714	-0.705630	0.523060)
(-30.000000	-0.743191	0.440854)
(-28.214286	-0.721056	0.412004)
(-26.428571	-0.698920	0.383155)
(-24.642857	-0.676785	0.354305)
(-22.857143	-0.654650	0.325455)
(-21.071429	-0.632514	0.296606)
(-19.285714	-0.610379	0.267756)
(-17.500000	-0.588243	0.238906)
(-15.714286	-0.566108	0.210057)
(-13.928571	-0.543972	0.181207)
(-12.142857	-0.521837	0.152358)
(-10.357143	-0.499701	0.123508)
(-8.571429	-0.477566	0.094658)
(-5.000000	-0.433295	0.036959)
(-4.750000	-0.408435	0.038755)
(-4.500000	-0.382245	0.040383)
(-4.250000	-0.357619	0.041636)
(-4.000000	-0.339800	0.042311)
(-3.750000	-0.321042	0.043143)
(-3.500000	-0.304240	0.043553)
(-3.250000	-0.289550	0.043553)
(-3.000000	-0.270088	0.043939)
(-2.750000	-0.248122	0.044023)
(-2.500000	-0.233980	0.043842)
(-2.250000	-0.222342	0.043927)
(-2.000000	-0.208904	0.043951)
(-1.750000	-0.191397	0.043903)
(-1.500000	-0.171309	0.043794)
(-1.250000	-0.161470	0.043782)
(-1.000000	-0.146546	0.043903)
(-0.750000	-0.123407	0.043999)
(-0.500000	-0.112159	0.044204)
(-0.250000	-0.097704	0.044445)
(0.000000	-0.074409	0.044650)
(0.250000	-0.063083	0.045036)
(0.500000	-0.047220	0.045421)
(0.750000	-0.022907	0.045759)
(1.000000	-0.014085	0.046338)
(1.250000	0.004595	0.046844)
(1.500000	0.022962	0.047398)
(1.750000	0.035617	0.048110)
(2.000000	0.057114	0.048700)
(2.250000	0.068909	0.049460)
(2.500000	0.083990	0.050219)
(2.750000	0.106503	0.050906)
(3.000000	0.115482	0.051846)
(3.250000	0.132362	0.052690)
(3.500000	0.153076	0.053474)
(3.750000	0.176293	0.054269)
(4.000000	0.193095	0.055511)
(4.250000	0.229143	0.056608)
(4.500000	0.259636	0.058344)
(4.750000	0.291068	0.059995)
(5.000000	0.307714	0.061165)
(5.250000	0.334061	0.062370)
(5.500000	0.360877	0.063696)
(5.750000	0.381043	0.065468)
(6.000000	0.414118	0.066577)
(6.250000	0.433893	0.068445)
(6.500000	0.464699	0.069615)
(6.750000	0.485257	0.071411)
(7.000000	0.518253	0.072230)
(7.250000	0.535681	0.074171)
(7.500000	0.568287	0.074726)
(7.750000	0.587906	0.076329)
(8.000000	0.607994	0.077812)
(8.250000	0.643024	0.077522)
(8.500000	0.659826	0.079126)
(8.750000	0.679914	0.080223)
(9.000000	0.719405	0.078475)
(9.500000	0.763336	0.078872)
(9.750000	0.791873	0.077571)
(10.000000	0.846541	0.070796)
(10.250000	0.934928	0.055969)
(10.500000	1.036928	0.040684)
(10.750000	1.064448	0.038249)
(11.000000	1.073349	0.038647)
(11.250000	1.080528	0.039599)
(11.500000	1.083482	0.041612)
(11.750000	1.084090	0.044445)
(12.000000	1.087592	0.047266)
(12.250000	1.095241	0.049833)
(12.500000	1.105628	0.052292)
(12.750000	1.122117	0.054245)
(13.000000	1.139623	0.056307)
(13.250000	1.162997	0.057994)
(13.500000	1.176904	0.060706)
(13.750000	1.195115	0.063166)
(14.000000	1.213090	0.065793)
(14.250000	1.226919	0.068879)
(14.500000	1.242391	0.071965)
(14.750000	1.263575	0.074762)
(15.000000	1.253621	0.079873)
(15.250000	1.251099	0.084647)
(15.500000	1.261329	0.088468)
(15.750000	1.245038	0.094869)
(16.000000	1.226869	0.101981)
(16.250000	1.206040	0.110021)
(16.500000	1.182942	0.119194)
(16.750000	1.159062	0.129537)
(17.750000	0.758661	0.242113)
(18.000000	0.764979	0.245621)
(18.250000	0.776853	0.249683)
(18.500000	0.778947	0.252480)
(18.750000	0.782684	0.255903)
(19.000000	0.791506	0.259689)
(19.250000	0.798841	0.263160)
(19.500000	0.801639	0.266547)
(19.750000	0.810305	0.270405)
(20.000000	0.817015	0.273877)
(20.250000	0.820674	0.277505)
(20.500000	0.831999	0.281736)
(20.750000	0.834328	0.284870)
(21.000000	0.841116	0.288800)
(21.250000	0.848843	0.292501)
(21.500000	0.853049	0.296346)
(21.750000	0.863436	0.300396)
(22.000000	0.865843	0.304025)
(22.250000	0.877090	0.308449)
(22.500000	0.878871	0.311860)
(22.750000	0.888867	0.316200)
(23.000000	0.891743	0.319828)
(23.250000	0.901426	0.324228)
(23.500000	0.904537	0.327880)
(23.750000	0.914533	0.332316)
(24.000000	0.917174	0.336101)
(24.250000	0.926544	0.340381)
(24.500000	0.929890	0.344419)
(24.750000	0.937851	0.348590)
(25.000000	0.942762	0.352917)
(25.250000	0.949393	0.356980)
(25.500000	0.956025	0.361367)
(25.750000	0.961170	0.365562)
(26.250000	0.973416	0.374242)
(26.500000	0.980439	0.378473)
(26.750000	0.986132	0.383017)
(27.000000	0.991668	0.387284)
(27.500000	1.003523	0.396181)
(27.750000	1.009920	0.400496)
(28.000000	1.016238	0.405041)
(28.250000	1.021070	0.409513)
(28.500000	1.027702	0.413852)
(28.750000	1.033160	0.418529)
(29.000000	1.038383	0.422965)
(29.250000	1.045015	0.427341)
(29.500000	1.050004	0.432054)
(29.750000	1.055305	0.436527)
(30.000000	1.061702	0.440854)
(34.285714	1.008043	0.523060)
(38.571429	0.959705	0.609952)
(42.857143	0.910890	0.699491)
(47.142857	0.858041	0.789566)
(51.428571	0.799039	0.878047)
(55.714286	0.732779	0.962831)
(60.000000	0.658908	1.041888)
(64.285714	0.577670	1.113312)
(68.571429	0.489791	1.175358)
(72.857143	0.396391	1.226487)
(77.142857	0.298913	1.265398)
(81.428571	0.199061	1.291061)
(85.714286	0.098740	1.302737)
(90.000000	0.000000	1.300000)
(94.285714	-0.069118	1.302737)
(98.571429	-0.139343	1.291061)
(102.857143	-0.209239	1.265398)
(107.142857	-0.277474	1.226487)
(111.428571	-0.342854	1.175358)
(115.714286	-0.404369	1.113312)
(120.000000	-0.461235	1.041888)
(124.285714	-0.512945	0.962831)
(128.571429	-0.559328	0.878047)
(132.857143	-0.600629	0.789566)
(137.142857	-0.637623	0.699491)
(141.428571	-0.671793	0.609952)
(145.714286	-0.705630	0.523060)
(150.000000	-0.743191	0.440854)
(152.142857	-0.690106	0.402116)
(154.285714	-0.637021	0.365260)
(156.428571	-0.583936	0.330502)
(158.571429	-0.530851	0.298045)
(160.714286	-0.477766	0.268079)
(162.857143	-0.424681	0.240778)
(165.000000	-0.371596	0.216302)
(167.142857	-0.318511	0.194793)
(169.285714	-0.265425	0.176377)
(171.428571	-0.212340	0.161160)
(173.571429	-0.159255	0.149232)
(175.714286	-0.106170	0.140663)
(177.857143	-0.053085	0.135501)
(180.000000	0.000000	0.133777)
