// Re = 0.17
(-180.000000	0.000000	0.005449)
(-178.535714	0.068942	0.006296)
(-177.071429	0.137883	0.008836)
(-175.607143	0.206825	0.013060)
(-174.142857	0.275766	0.018959)
(-172.678571	0.344708	0.026517)
(-171.214286	0.413650	0.035714)
(-169.750000	0.482591	0.046525)
(-168.285714	0.551533	0.058924)
(-166.821429	0.620474	0.072877)
(-165.357143	0.689416	0.088348)
(-163.892857	0.758358	0.105296)
(-162.428571	0.827299	0.123677)
(-160.964286	0.896241	0.143444)
(-159.500000	0.965182	0.164543)
(-154.535714	0.857769	0.245232)
(-149.571429	0.788056	0.338156)
(-144.607143	0.734991	0.440526)
(-139.642857	0.687669	0.549270)
(-134.678571	0.639995	0.661124)
(-129.714286	0.588515	0.772732)
(-124.750000	0.531412	0.880741)
(-119.785714	0.467993	0.981908)
(-114.821429	0.398389	1.073195)
(-109.857143	0.323372	1.151857)
(-104.892857	0.244214	1.215529)
(-99.928571	0.162584	1.262292)
(-94.964286	0.080451	1.290737)
(-90.000000	0.000000	1.300000)
(-85.035714	-0.080451	1.290737)
(-80.071429	-0.162584	1.262292)
(-75.107143	-0.244214	1.215529)
(-70.142857	-0.323372	1.151857)
(-65.178571	-0.398389	1.073195)
(-60.214286	-0.467993	0.981908)
(-55.250000	-0.531412	0.880741)
(-50.285714	-0.588515	0.772732)
(-45.321429	-0.639995	0.661124)
(-40.357143	-0.687669	0.549270)
(-35.392857	-0.734991	0.440526)
(-30.428571	-0.788056	0.338156)
(-25.464286	-0.857769	0.245232)
(-20.500000	-0.965182	0.164543)
(-19.392857	-0.913499	0.153974)
(-18.285714	-0.861816	0.143406)
(-17.178571	-0.810133	0.132837)
(-16.071429	-0.758450	0.122269)
(-14.964286	-0.706767	0.111700)
(-13.857143	-0.655084	0.101132)
(-12.750000	-0.603401	0.090563)
(-11.642857	-0.551718	0.079994)
(-10.535714	-0.500035	0.069426)
(-9.428571	-0.448351	0.058857)
(-8.321429	-0.396668	0.048289)
(-7.214286	-0.344985	0.037720)
(-5.000000	-0.241619	0.016583)
(-4.750000	-0.214738	0.016780)
(-4.500000	-0.187592	0.016997)
(-4.250000	-0.160182	0.017214)
(-4.000000	-0.132949	0.017380)
(-3.750000	-0.106067	0.017566)
(-3.500000	-0.078922	0.017732)
(-3.250000	-0.050983	0.017783)
(-3.000000	-0.023750	0.017825)
(-2.750000	0.003220	0.017949)
(-2.500000	0.030806	0.017970)
(-2.250000	0.058744	0.017939)
(-1.750000	0.113563	0.017970)
(-1.500000	0.141766	0.017939)
(-1.250000	0.169087	0.017939)
(-1.000000	0.196850	0.017939)
(-0.750000	0.225052	0.017939)
(-0.500000	0.252286	0.017970)
(-0.250000	0.280400	0.017959)
(0.000000	0.308250	0.017980)
(0.250000	0.335396	0.018042)
(0.500000	0.363950	0.018042)
(0.750000	0.391184	0.018104)
(1.000000	0.418153	0.018197)
(1.250000	0.447413	0.018177)
(1.500000	0.473854	0.018290)
(1.750000	0.500735	0.018404)
(2.000000	0.530082	0.018384)
(2.250000	0.556700	0.018528)
(2.500000	0.582965	0.018653)
(2.750000	0.611607	0.018663)
(3.000000	0.637696	0.018829)
(3.250000	0.665106	0.018922)
(3.500000	0.693396	0.018942)
(3.750000	0.718516	0.019118)
(4.000000	0.744957	0.019232)
(4.250000	0.774217	0.019201)
(4.500000	0.799425	0.019367)
(4.750000	0.825161	0.019491)
(5.000000	0.851866	0.019553)
(5.250000	0.880245	0.019491)
(5.500000	0.906422	0.019481)
(5.750000	0.931894	0.019470)
(6.000000	0.957278	0.019429)
(6.250000	0.982310	0.019387)
(6.500000	1.007342	0.019284)
(6.750000	1.030349	0.019180)
(7.000000	1.052651	0.019005)
(7.250000	1.077242	0.018735)
(7.500000	1.095933	0.018673)
(7.750000	1.117443	0.018528)
(8.000000	1.134813	0.018477)
(8.250000	1.153504	0.018353)
(8.500000	1.168760	0.018259)
(8.750000	1.188332	0.018177)
(9.000000	1.214421	0.018373)
(9.250000	1.235666	0.018787)
(9.500000	1.251275	0.019356)
(9.750000	1.262216	0.020226)
(10.000000	1.267873	0.021499)
(10.250000	1.269479	0.023196)
(10.500000	1.268091	0.025307)
(10.750000	1.265117	0.027760)
(11.000000	1.261263	0.030482)
(11.250000	1.257321	0.033400)
(11.500000	1.254436	0.036381)
(11.750000	1.253136	0.039320)
(12.000000	1.253244	0.042207)
(12.250000	1.255115	0.044991)
(12.500000	1.258306	0.047692)
(12.750000	1.263082	0.050290)
(13.000000	1.269796	0.052722)
(13.250000	1.277479	0.055050)
(13.500000	1.286483	0.057265)
(13.750000	1.296807	0.059314)
(14.000000	1.308717	0.061156)
(14.250000	1.320011	0.063195)
(14.500000	1.332713	0.065037)
(14.750000	1.347441	0.066600)
(15.000000	1.361993	0.068235)
(15.250000	1.375136	0.070129)
(15.500000	1.394092	0.071215)
(15.750000	1.404504	0.073544)
(16.000000	1.422579	0.074848)
(16.250000	1.432463	0.077300)
(16.500000	1.451507	0.078532)
(16.750000	1.456283	0.081730)
(17.000000	1.478233	0.082589)
(17.250000	1.478342	0.086449)
(17.500000	1.482414	0.089802)
(17.750000	1.507710	0.090237)
(18.000000	1.498395	0.095453)
(18.250000	1.493396	0.100234)
(18.500000	1.493505	0.104280)
(18.750000	1.518449	0.104529)
(19.000000	1.503763	0.110893)
(19.250000	1.488988	0.117568)
(19.500000	1.473333	0.124689)
(19.750000	1.455564	0.132575)
(20.000000	1.434009	0.141651)
(20.250000	1.407697	0.152372)
(20.500000	1.378832	0.164543)
(25.464286	1.225385	0.245232)
(30.428571	1.125795	0.338156)
(35.392857	1.049987	0.440526)
(40.357143	0.982384	0.549270)
(45.321429	0.914278	0.661124)
(50.285714	0.840735	0.772732)
(55.250000	0.759160	0.880741)
(60.214286	0.668561	0.981908)
(65.178571	0.569127	1.073195)
(70.142857	0.461959	1.151857)
(75.107143	0.348877	1.215529)
(80.071429	0.232263	1.262292)
(85.035714	0.114931	1.290737)
(90.000000	0.000000	1.300000)
(94.964286	-0.080451	1.290737)
(99.928571	-0.162584	1.262292)
(104.892857	-0.244214	1.215529)
(109.857143	-0.323372	1.151857)
(114.821429	-0.398389	1.073195)
(119.785714	-0.467993	0.981908)
(124.750000	-0.531412	0.880741)
(129.714286	-0.588515	0.772732)
(134.678571	-0.639995	0.661124)
(139.642857	-0.687669	0.549270)
(144.607143	-0.734991	0.440526)
(149.571429	-0.788056	0.338156)
(154.535714	-0.857769	0.245232)
(159.500000	-0.965182	0.164543)
(160.964286	-0.896241	0.143444)
(162.428571	-0.827299	0.123677)
(163.892857	-0.758358	0.105296)
(165.357143	-0.689416	0.088348)
(166.821429	-0.620474	0.072877)
(168.285714	-0.551533	0.058924)
(169.750000	-0.482591	0.046525)
(171.214286	-0.413650	0.035714)
(172.678571	-0.344708	0.026517)
(174.142857	-0.275766	0.018959)
(175.607143	-0.206825	0.013060)
(177.071429	-0.137883	0.008836)
(178.535714	-0.068942	0.006296)
(180.000000	0.000000	0.005449)
