// Re = 0.1
(-180.000000	0.000000	0.004967)
(-178.696429	0.060638	0.005638)
(-177.392857	0.121276	0.007652)
(-176.089286	0.181914	0.011002)
(-174.785714	0.242552	0.015683)
(-173.482143	0.303190	0.021685)
(-172.178571	0.363828	0.028996)
(-170.875000	0.424466	0.037600)
(-169.571429	0.485104	0.047479)
(-168.267857	0.545742	0.058613)
(-166.964286	0.606380	0.070978)
(-165.660714	0.667017	0.084550)
(-164.357143	0.727655	0.099300)
(-163.053571	0.788293	0.115198)
(-161.750000	0.848931	0.132210)
(-156.625000	0.757837	0.209190)
(-151.500000	0.706590	0.300350)
(-146.375000	0.671011	0.402774)
(-141.250000	0.639326	0.513188)
(-136.125000	0.605188	0.628061)
(-131.000000	0.565083	0.743721)
(-125.875000	0.517212	0.856467)
(-120.750000	0.460940	0.962693)
(-115.625000	0.396500	1.058998)
(-110.500000	0.324798	1.142301)
(-105.375000	0.247277	1.209931)
(-100.250000	0.165805	1.259721)
(-95.125000	0.082573	1.290070)
(-90.000000	0.000000	1.300000)
(-84.875000	-0.082573	1.290070)
(-79.750000	-0.165805	1.259721)
(-74.625000	-0.247277	1.209931)
(-69.500000	-0.324798	1.142301)
(-64.375000	-0.396500	1.058998)
(-59.250000	-0.460940	0.962693)
(-54.125000	-0.517212	0.856467)
(-49.000000	-0.565083	0.743721)
(-43.875000	-0.605188	0.628061)
(-38.750000	-0.639326	0.513188)
(-33.625000	-0.671011	0.402774)
(-28.500000	-0.706590	0.300350)
(-23.375000	-0.757837	0.209190)
(-18.250000	-0.848931	0.132210)
(-17.303571	-0.806794	0.124770)
(-16.357143	-0.764657	0.117330)
(-15.410714	-0.722519	0.109890)
(-14.464286	-0.680382	0.102449)
(-13.517857	-0.638244	0.095009)
(-12.571429	-0.596107	0.087569)
(-11.625000	-0.553970	0.080129)
(-10.678571	-0.511832	0.072689)
(-9.732143	-0.469695	0.065249)
(-8.785714	-0.427558	0.057809)
(-7.839286	-0.385420	0.050368)
(-6.892857	-0.343283	0.042928)
(-5.000000	-0.259008	0.028048)
(-4.750000	-0.233732	0.028949)
(-4.500000	-0.211018	0.029410)
(-4.250000	-0.186840	0.030154)
(-4.000000	-0.163210	0.030712)
(-3.750000	-0.139764	0.031055)
(-3.250000	-0.092232	0.031065)
(-3.000000	-0.072538	0.031202)
(-2.750000	-0.052753	0.031300)
(-2.500000	-0.032511	0.031339)
(-2.250000	-0.008699	0.031369)
(-2.000000	0.015663	0.031369)
(-1.750000	0.033800	0.031476)
(-1.500000	0.052486	0.031565)
(-1.000000	0.101301	0.031359)
(-0.750000	0.118889	0.031525)
(-0.500000	0.137026	0.031711)
(-0.250000	0.155072	0.031995)
(0.000000	0.185200	0.031780)
(0.250000	0.201506	0.032142)
(0.500000	0.217996	0.032534)
(1.000000	0.268733	0.032632)
(1.250000	0.282934	0.033210)
(1.500000	0.296678	0.033847)
(2.000000	0.346133	0.034082)
(2.250000	0.359145	0.034836)
(2.500000	0.371973	0.035620)
(2.750000	0.384161	0.036452)
(3.500000	0.444248	0.037647)
(3.750000	0.456619	0.038431)
(4.000000	0.446748	0.040645)
(4.250000	0.477974	0.040243)
(4.500000	0.489796	0.041095)
(4.750000	0.503265	0.041898)
(5.000000	0.516460	0.042633)
(5.250000	0.530478	0.043289)
(5.750000	0.562085	0.044347)
(6.250000	0.622157	0.044906)
(8.000000	0.976845	0.033063)
(8.250000	1.040106	0.029968)
(8.500000	1.074353	0.028988)
(8.750000	1.108599	0.028038)
(9.000000	1.139002	0.027333)
(9.250000	1.166200	0.026775)
(9.500000	1.183789	0.026706)
(9.750000	1.198631	0.026667)
(10.000000	1.204869	0.027117)
(10.250000	1.206348	0.028038)
(10.500000	1.206912	0.029214)
(10.750000	1.204546	0.030840)
(11.000000	1.198794	0.033014)
(11.250000	1.191395	0.035600)
(11.500000	1.183812	0.038451)
(11.750000	1.177969	0.041330)
(12.000000	1.175604	0.044044)
(12.250000	1.176899	0.046522)
(12.500000	1.182314	0.048677)
(12.750000	1.190749	0.050636)
(13.000000	1.201930	0.052418)
(13.250000	1.216589	0.053927)
(13.500000	1.232622	0.055426)
(13.750000	1.248562	0.057012)
(14.000000	1.266516	0.058521)
(14.250000	1.285935	0.060010)
(14.500000	1.307093	0.061479)
(14.750000	1.332736	0.062752)
(15.000000	1.335405	0.065671)
(15.250000	1.355006	0.067513)
(15.500000	1.358682	0.070471)
(15.750000	1.375629	0.072616)
(16.000000	1.367681	0.076554)
(16.250000	1.373278	0.079492)
(16.500000	1.380341	0.082499)
(16.750000	1.362781	0.087485)
(17.000000	1.344948	0.092814)
(17.250000	1.325375	0.098681)
(17.500000	1.302140	0.105381)
(17.750000	1.274238	0.113247)
(18.000000	1.243316	0.122307)
(18.250000	1.212759	0.132210)
(23.375000	1.082624	0.209190)
(28.500000	1.009415	0.300350)
(33.625000	0.958587	0.402774)
(38.750000	0.913323	0.513188)
(43.875000	0.864555	0.628061)
(49.000000	0.807262	0.743721)
(54.125000	0.738874	0.856467)
(59.250000	0.658485	0.962693)
(64.375000	0.566428	1.058998)
(69.500000	0.463997	1.142301)
(74.625000	0.353253	1.209931)
(79.750000	0.236865	1.259721)
(84.875000	0.117961	1.290070)
(90.000000	0.000000	1.300000)
(95.125000	-0.082573	1.290070)
(100.250000	-0.165805	1.259721)
(105.375000	-0.247277	1.209931)
(110.500000	-0.324798	1.142301)
(115.625000	-0.396500	1.058998)
(120.750000	-0.460940	0.962693)
(125.875000	-0.517212	0.856467)
(131.000000	-0.565083	0.743721)
(136.125000	-0.605188	0.628061)
(141.250000	-0.639326	0.513188)
(146.375000	-0.671011	0.402774)
(151.500000	-0.706590	0.300350)
(156.625000	-0.757837	0.209190)
(161.750000	-0.848931	0.132210)
(163.053571	-0.788293	0.115198)
(164.357143	-0.727655	0.099300)
(165.660714	-0.667017	0.084550)
(166.964286	-0.606380	0.070978)
(168.267857	-0.545742	0.058613)
(169.571429	-0.485104	0.047479)
(170.875000	-0.424466	0.037600)
(172.178571	-0.363828	0.028996)
(173.482143	-0.303190	0.021685)
(174.785714	-0.242552	0.015683)
(176.089286	-0.181914	0.011002)
(177.392857	-0.121276	0.007652)
(178.696429	-0.060638	0.005638)
(180.000000	0.000000	0.004967)
