// Re = 0.09
(-180.000000	0.000000	0.028228)
(-178.732143	0.060610	0.028857)
(-177.464286	0.121220	0.030745)
(-176.196429	0.181831	0.033886)
(-174.928571	0.242441	0.038276)
(-173.660714	0.303051	0.043904)
(-172.392857	0.363661	0.050761)
(-171.125000	0.424272	0.058833)
(-169.857143	0.484882	0.068103)
(-168.589286	0.545492	0.078553)
(-167.321429	0.606102	0.090163)
(-166.053571	0.666713	0.102910)
(-164.785714	0.727323	0.116769)
(-163.517857	0.787933	0.131711)
(-162.250000	0.848543	0.147709)
(-157.089286	0.754339	0.223018)
(-151.928571	0.702777	0.312777)
(-146.767857	0.667879	0.414053)
(-141.607143	0.637210	0.523538)
(-136.446429	0.604126	0.637653)
(-131.285714	0.564965	0.752664)
(-126.125000	0.517848	0.864803)
(-120.964286	0.462103	0.970395)
(-115.803571	0.397948	1.065970)
(-110.642857	0.326299	1.148380)
(-105.482143	0.248620	1.214902)
(-100.321429	0.166815	1.263325)
(-95.160714	0.083118	1.292021)
(-90.000000	0.000000	1.300000)
(-84.839286	-0.083118	1.292021)
(-79.678571	-0.166815	1.263325)
(-74.517857	-0.248620	1.214902)
(-69.357143	-0.326299	1.148380)
(-64.196429	-0.397948	1.065970)
(-59.035714	-0.462103	0.970395)
(-53.875000	-0.517848	0.864803)
(-48.714286	-0.564965	0.752664)
(-43.553571	-0.604126	0.637653)
(-38.392857	-0.637210	0.523538)
(-33.232143	-0.667879	0.414053)
(-28.071429	-0.702777	0.312777)
(-22.910714	-0.754339	0.223018)
(-17.750000	-0.848543	0.147709)
(-16.839286	-0.808264	0.139339)
(-15.928571	-0.767985	0.130968)
(-15.017857	-0.727706	0.122598)
(-14.107143	-0.687427	0.114228)
(-13.196429	-0.647148	0.105857)
(-12.285714	-0.606868	0.097487)
(-11.375000	-0.566589	0.089117)
(-10.464286	-0.526310	0.080746)
(-9.553571	-0.486031	0.072376)
(-8.642857	-0.445752	0.064005)
(-7.732143	-0.405473	0.055635)
(-6.821429	-0.365193	0.047265)
(-5.000000	-0.284635	0.030524)
(-4.750000	-0.261910	0.031421)
(-4.500000	-0.237322	0.032683)
(-4.250000	-0.215632	0.033190)
(-4.000000	-0.184973	0.034051)
(-3.750000	-0.165283	0.034558)
(-3.500000	-0.148699	0.034452)
(-3.250000	-0.130252	0.034771)
(-3.000000	-0.112218	0.034983)
(-2.750000	-0.094116	0.035113)
(-2.500000	-0.073668	0.035124)
(-2.250000	-0.050391	0.035007)
(-2.000000	-0.035255	0.035101)
(-1.750000	-0.020050	0.035207)
(-1.500000	-0.004501	0.035337)
(-1.250000	0.012498	0.035443)
(-1.000000	0.039707	0.035172)
(-0.750000	0.053808	0.035502)
(-0.500000	0.067219	0.035938)
(-0.250000	0.081457	0.036363)
(0.250000	0.125045	0.036587)
(0.500000	0.137558	0.037224)
(0.750000	0.149175	0.037896)
(1.000000	0.162310	0.038580)
(1.250000	0.194763	0.038356)
(1.500000	0.205828	0.039217)
(1.750000	0.217514	0.040149)
(2.000000	0.230925	0.041081)
(2.250000	0.246475	0.041930)
(2.500000	0.268717	0.042296)
(2.750000	0.287716	0.042874)
(3.000000	0.300506	0.043947)
(3.250000	0.314261	0.044950)
(3.500000	0.329052	0.045882)
(3.750000	0.345913	0.046707)
(4.000000	0.372708	0.046566)
(4.250000	0.386188	0.047580)
(4.500000	0.400289	0.048536)
(4.750000	0.415079	0.049420)
(5.000000	0.430491	0.050210)
(5.250000	0.448110	0.050930)
(5.500000	0.471663	0.051614)
(5.750000	0.504737	0.052286)
(6.000000	0.534431	0.052864)
(6.250000	0.550877	0.054811)
(6.500000	0.577190	0.055683)
(7.000000	0.636646	0.056344)
(7.250000	0.668202	0.056179)
(7.500000	0.700518	0.055683)
(7.750000	0.733730	0.054811)
(8.500000	0.916988	0.036976)
(8.750000	0.951511	0.034735)
(9.000000	0.996659	0.031326)
(9.250000	1.027525	0.029675)
(9.500000	1.053562	0.028519)
(9.750000	1.070216	0.028154)
(10.000000	1.083695	0.028106)
(10.250000	1.090483	0.028885)
(10.500000	1.096304	0.029982)
(10.750000	1.099779	0.031633)
(11.000000	1.101185	0.033874)
(11.250000	1.100797	0.036717)
(11.500000	1.099926	0.039949)
(11.750000	1.100090	0.043310)
(12.000000	1.103220	0.046424)
(12.250000	1.109180	0.049290)
(12.500000	1.118106	0.051862)
(12.750000	1.130068	0.054091)
(13.000000	1.144858	0.056002)
(13.250000	1.160615	0.057925)
(13.500000	1.179476	0.059564)
(13.750000	1.196337	0.061581)
(14.000000	1.214646	0.063551)
(14.250000	1.233645	0.065580)
(14.500000	1.253749	0.067620)
(14.750000	1.277302	0.069472)
(15.000000	1.279811	0.073435)
(15.250000	1.300259	0.075759)
(15.500000	1.299664	0.080229)
(15.750000	1.322803	0.082388)
(16.000000	1.315033	0.087766)
(16.250000	1.308159	0.093357)
(16.500000	1.301837	0.099125)
(16.750000	1.295723	0.105129)
(17.000000	1.289608	0.111392)
(17.250000	1.264727	0.121807)
(17.500000	1.236258	0.134499)
(17.750000	1.212205	0.147709)
(22.910714	1.077627	0.223018)
(28.071429	1.003967	0.312777)
(33.232143	0.954113	0.414053)
(38.392857	0.910299	0.523538)
(43.553571	0.863037	0.637653)
(48.714286	0.807093	0.752664)
(53.875000	0.739783	0.864803)
(59.035714	0.660147	0.970395)
(64.196429	0.568498	1.065970)
(69.357143	0.466141	1.148380)
(74.517857	0.355172	1.214902)
(79.678571	0.238307	1.263325)
(84.839286	0.118740	1.292021)
(90.000000	0.000000	1.300000)
(95.160714	-0.083118	1.292021)
(100.321429	-0.166815	1.263325)
(105.482143	-0.248620	1.214902)
(110.642857	-0.326299	1.148380)
(115.803571	-0.397948	1.065970)
(120.964286	-0.462103	0.970395)
(126.125000	-0.517848	0.864803)
(131.285714	-0.564965	0.752664)
(136.446429	-0.604126	0.637653)
(141.607143	-0.637210	0.523538)
(146.767857	-0.667879	0.414053)
(151.928571	-0.702777	0.312777)
(157.089286	-0.754339	0.223018)
(162.250000	-0.848543	0.147709)
(163.517857	-0.787933	0.131711)
(164.785714	-0.727323	0.116769)
(166.053571	-0.666713	0.102910)
(167.321429	-0.606102	0.090163)
(168.589286	-0.545492	0.078553)
(169.857143	-0.484882	0.068103)
(171.125000	-0.424272	0.058833)
(172.392857	-0.363661	0.050761)
(173.660714	-0.303051	0.043904)
(174.928571	-0.242441	0.038276)
(176.196429	-0.181831	0.033886)
(177.464286	-0.121220	0.030745)
(178.732143	-0.060610	0.028857)
(180.000000	0.000000	0.028228)
