// Re = 0.05
(-180.000000	0.000000	0.091617)
(-177.892857	0.066735	0.093313)
(-175.785714	0.133471	0.098390)
(-173.678571	0.200206	0.106821)
(-171.571429	0.266942	0.118558)
(-169.464286	0.333677	0.133536)
(-167.357143	0.400413	0.151673)
(-165.250000	0.467148	0.172867)
(-163.142857	0.533884	0.197000)
(-161.035714	0.600619	0.223939)
(-158.928571	0.667354	0.253533)
(-156.821429	0.734090	0.285618)
(-154.714286	0.800825	0.320014)
(-152.607143	0.867561	0.356531)
(-150.500000	0.934296	0.394965)
(-146.178571	0.859523	0.478867)
(-141.857143	0.796364	0.567952)
(-137.535714	0.738414	0.660128)
(-133.214286	0.681732	0.753223)
(-128.892857	0.623904	0.845043)
(-124.571429	0.563535	0.933412)
(-120.250000	0.499959	1.016230)
(-115.928571	0.433061	1.091516)
(-111.607143	0.363155	1.157456)
(-107.285714	0.290898	1.212446)
(-102.964286	0.217222	1.255125)
(-98.642857	0.143279	1.284410)
(-94.321429	0.070390	1.299522)
(-90.000000	0.000000	1.300000)
(-85.678571	-0.070390	1.299522)
(-81.357143	-0.143279	1.284410)
(-77.035714	-0.217222	1.255125)
(-72.714286	-0.290898	1.212446)
(-68.392857	-0.363155	1.157456)
(-64.071429	-0.433061	1.091516)
(-59.750000	-0.499959	1.016230)
(-55.428571	-0.563535	0.933412)
(-51.107143	-0.623904	0.845043)
(-46.785714	-0.681732	0.753223)
(-42.464286	-0.738414	0.660128)
(-38.142857	-0.796364	0.567952)
(-33.821429	-0.859523	0.478867)
(-29.500000	-0.934296	0.394965)
(-27.750000	-0.912932	0.369825)
(-26.000000	-0.891568	0.344686)
(-24.250000	-0.870204	0.319546)
(-22.500000	-0.848840	0.294406)
(-20.750000	-0.827476	0.269267)
(-19.000000	-0.806112	0.244127)
(-17.250000	-0.784748	0.218988)
(-15.500000	-0.763384	0.193848)
(-13.750000	-0.742019	0.168708)
(-12.000000	-0.720655	0.143569)
(-10.250000	-0.699291	0.118429)
(-8.500000	-0.677927	0.093289)
(-5.000000	-0.635199	0.043010)
(-4.750000	-0.611019	0.046138)
(-4.500000	-0.587304	0.048671)
(-4.250000	-0.564445	0.050586)
(-4.000000	-0.538632	0.052683)
(-3.750000	-0.517482	0.053556)
(-3.500000	-0.495011	0.054283)
(-3.250000	-0.475883	0.054392)
(-3.000000	-0.453335	0.054647)
(-2.750000	-0.440736	0.054259)
(-2.500000	-0.425338	0.053895)
(-2.250000	-0.408386	0.053641)
(-2.000000	-0.394855	0.053216)
(-1.750000	-0.386064	0.052574)
(-1.500000	-0.367636	0.052392)
(-1.250000	-0.359934	0.051798)
(-1.000000	-0.350366	0.051313)
(-0.750000	-0.338467	0.051010)
(-0.500000	-0.336361	0.050344)
(-0.250000	-0.423491	0.044222)
(0.000000	-0.407394	0.043980)
(0.250000	-0.390364	0.043847)
(0.500000	-0.373490	0.043750)
(0.750000	-0.355605	0.043762)
(1.000000	-0.336710	0.043883)
(1.250000	-0.316571	0.044138)
(1.500000	-0.293867	0.044610)
(1.750000	-0.267355	0.045410)
(2.000000	-0.236023	0.046598)
(2.250000	-0.200649	0.048174)
(2.500000	-0.147708	0.051580)
(2.750000	-0.096010	0.054792)
(3.000000	-0.047422	0.057932)
(3.250000	-0.026972	0.059132)
(3.500000	-0.013596	0.059629)
(3.750000	0.002345	0.060489)
(4.000000	0.024505	0.062017)
(4.250000	0.046199	0.063495)
(4.500000	0.070224	0.065386)
(4.750000	0.101168	0.068211)
(5.000000	0.123638	0.070077)
(5.250000	0.148052	0.072417)
(5.500000	0.178141	0.075459)
(5.750000	0.198901	0.077580)
(6.000000	0.222460	0.080247)
(6.250000	0.250061	0.083374)
(6.750000	0.289795	0.088453)
(7.000000	0.316152	0.091823)
(7.250000	0.335125	0.094465)
(7.500000	0.352543	0.097144)
(7.750000	0.370739	0.100029)
(8.000000	0.389556	0.103059)
(8.250000	0.408296	0.106150)
(8.500000	0.426414	0.109253)
(8.750000	0.443599	0.112332)
(9.000000	0.460551	0.115423)
(9.250000	0.479057	0.118599)
(9.500000	0.500362	0.122005)
(9.750000	0.511795	0.124841)
(10.000000	0.531001	0.127653)
(10.250000	0.621642	0.116647)
(10.500000	0.648154	0.117096)
(10.750000	0.673190	0.117338)
(11.250000	0.711291	0.118878)
(11.500000	0.741146	0.116987)
(12.000000	1.026197	0.055241)
(12.250000	1.040895	0.056659)
(12.500000	1.053494	0.058962)
(12.750000	1.071301	0.061095)
(13.000000	1.085299	0.063944)
(13.250000	1.102484	0.066732)
(13.500000	1.120291	0.069665)
(13.750000	1.133434	0.073180)
(14.000000	1.122792	0.078768)
(14.500000	1.122961	0.088732)
(14.750000	1.095373	0.097447)
(15.000000	1.078901	0.105496)
(15.500000	0.824580	0.199327)
(16.750000	0.829510	0.233848)
(17.000000	0.840710	0.237800)
(17.250000	0.852687	0.241824)
(17.500000	0.865442	0.246006)
(17.750000	0.875786	0.249545)
(18.000000	0.883644	0.252588)
(18.250000	0.892356	0.255873)
(18.500000	0.902313	0.259400)
(18.750000	0.913823	0.263291)
(19.000000	0.927588	0.267558)
(19.250000	0.936767	0.270576)
(19.500000	0.944547	0.273412)
(19.750000	0.954581	0.276915)
(20.000000	0.968112	0.281194)
(20.250000	0.977758	0.284212)
(20.500000	0.985537	0.286952)
(20.750000	0.997048	0.290794)
(21.000000	1.009725	0.294673)
(21.250000	1.016494	0.296915)
(21.500000	1.028083	0.300806)
(21.750000	1.039205	0.304128)
(22.000000	1.046829	0.306673)
(22.250000	1.060905	0.311364)
(22.500000	1.067674	0.313170)
(22.750000	1.078330	0.316770)
(23.000000	1.088830	0.319849)
(23.250000	1.097465	0.322734)
(23.500000	1.109830	0.326588)
(23.750000	1.117144	0.328782)
(24.000000	1.130365	0.333170)
(24.250000	1.136901	0.334879)
(24.500000	1.149888	0.339255)
(24.750000	1.156502	0.340928)
(25.000000	1.168790	0.344916)
(25.250000	1.176103	0.346952)
(25.500000	1.187148	0.350334)
(25.750000	1.195705	0.353098)
(26.000000	1.205428	0.355789)
(26.250000	1.215850	0.359377)
(26.500000	1.223941	0.361377)
(26.750000	1.236540	0.366237)
(27.000000	1.242687	0.367110)
(27.250000	1.253032	0.370237)
(27.500000	1.262055	0.373146)
(27.750000	1.270612	0.375377)
(28.000000	1.282201	0.379680)
(28.250000	1.288892	0.380989)
(28.500000	1.298304	0.383656)
(28.750000	1.308571	0.387401)
(29.000000	1.315885	0.388904)
(29.250000	1.325452	0.391740)
(29.500000	1.334709	0.394965)
(33.821429	1.227889	0.478867)
(38.142857	1.137663	0.567952)
(42.464286	1.054877	0.660128)
(46.785714	0.973903	0.753223)
(51.107143	0.891291	0.845043)
(55.428571	0.805049	0.933412)
(59.750000	0.714227	1.016230)
(64.071429	0.618659	1.091516)
(68.392857	0.518793	1.157456)
(72.714286	0.415568	1.212446)
(77.035714	0.310317	1.255125)
(81.357143	0.204684	1.284410)
(85.678571	0.100557	1.299522)
(90.000000	0.000000	1.300000)
(94.321429	-0.070390	1.299522)
(98.642857	-0.143279	1.284410)
(102.964286	-0.217222	1.255125)
(107.285714	-0.290898	1.212446)
(111.607143	-0.363155	1.157456)
(115.928571	-0.433061	1.091516)
(120.250000	-0.499959	1.016230)
(124.571429	-0.563535	0.933412)
(128.892857	-0.623904	0.845043)
(133.214286	-0.681732	0.753223)
(137.535714	-0.738414	0.660128)
(141.857143	-0.796364	0.567952)
(146.178571	-0.859523	0.478867)
(150.500000	-0.934296	0.394965)
(152.607143	-0.867561	0.356531)
(154.714286	-0.800825	0.320014)
(156.821429	-0.734090	0.285618)
(158.928571	-0.667354	0.253533)
(161.035714	-0.600619	0.223939)
(163.142857	-0.533884	0.197000)
(165.250000	-0.467148	0.172867)
(167.357143	-0.400413	0.151673)
(169.464286	-0.333677	0.133536)
(171.571429	-0.266942	0.118558)
(173.678571	-0.200206	0.106821)
(175.785714	-0.133471	0.098390)
(177.892857	-0.066735	0.093313)
(180.000000	0.000000	0.091617)
