// Re = 0.09
(-180.000000	0.000000	0.016739)
(-178.732143	0.059594	0.017371)
(-177.464286	0.119188	0.019267)
(-176.196429	0.178783	0.022423)
(-174.928571	0.238377	0.026832)
(-173.660714	0.297971	0.032486)
(-172.392857	0.357565	0.039373)
(-171.125000	0.417159	0.047481)
(-169.857143	0.476754	0.056793)
(-168.589286	0.536348	0.067291)
(-167.321429	0.595942	0.078954)
(-166.053571	0.655536	0.091760)
(-164.785714	0.715130	0.105682)
(-163.517857	0.774725	0.120695)
(-162.250000	0.834319	0.136767)
(-157.089286	0.743919	0.212435)
(-151.928571	0.694867	0.302639)
(-146.767857	0.661775	0.404443)
(-141.607143	0.632481	0.514534)
(-136.446429	0.600481	0.629327)
(-131.285714	0.562195	0.745083)
(-126.125000	0.515791	0.858030)
(-120.964286	0.460627	0.964484)
(-115.803571	0.396942	1.060969)
(-110.642857	0.325664	1.144330)
(-105.482143	0.248267	1.211836)
(-100.321429	0.166659	1.261267)
(-95.160714	0.083079	1.290987)
(-90.000000	0.000000	1.300000)
(-84.839286	-0.083079	1.290987)
(-79.678571	-0.166659	1.261267)
(-74.517857	-0.248267	1.211836)
(-69.357143	-0.325664	1.144330)
(-64.196429	-0.396942	1.060969)
(-59.035714	-0.460627	0.964484)
(-53.875000	-0.515791	0.858030)
(-48.714286	-0.562195	0.745083)
(-43.553571	-0.600481	0.629327)
(-38.392857	-0.632481	0.514534)
(-33.232143	-0.661775	0.404443)
(-28.071429	-0.694867	0.302639)
(-22.910714	-0.743919	0.212435)
(-17.750000	-0.834319	0.136767)
(-16.839286	-0.795416	0.129220)
(-15.928571	-0.756512	0.121673)
(-15.017857	-0.717609	0.114126)
(-14.107143	-0.678706	0.106579)
(-13.196429	-0.639802	0.099032)
(-12.285714	-0.600899	0.091485)
(-11.375000	-0.561996	0.083939)
(-10.464286	-0.523093	0.076392)
(-9.553571	-0.484189	0.068845)
(-8.642857	-0.445286	0.061298)
(-7.732143	-0.406383	0.053751)
(-6.821429	-0.367480	0.046204)
(-5.000000	-0.289673	0.031110)
(-4.750000	-0.266053	0.031918)
(-4.500000	-0.240254	0.033056)
(-4.250000	-0.217844	0.033513)
(-4.000000	-0.184945	0.034290)
(-3.750000	-0.164875	0.034747)
(-3.500000	-0.148435	0.034651)
(-3.250000	-0.129817	0.034938)
(-3.000000	-0.111684	0.035130)
(-2.750000	-0.093469	0.035247)
(-2.500000	-0.072511	0.035257)
(-2.250000	-0.048245	0.035151)
(-2.000000	-0.033500	0.035236)
(-1.750000	-0.018674	0.035332)
(-1.500000	-0.003445	0.035449)
(-1.250000	0.013479	0.035544)
(-1.000000	0.042343	0.035300)
(-0.750000	0.055878	0.035598)
(-0.500000	0.068607	0.035991)
(-0.250000	0.082303	0.036374)
(0.250000	0.127365	0.036576)
(0.500000	0.139044	0.037150)
(0.750000	0.149675	0.037757)
(1.000000	0.162080	0.038373)
(1.250000	0.197077	0.038171)
(1.500000	0.207062	0.038948)
(1.750000	0.217773	0.039788)
(2.000000	0.230501	0.040628)
(2.250000	0.245730	0.041394)
(2.500000	0.268786	0.041723)
(2.750000	0.288049	0.042244)
(3.000000	0.300051	0.043212)
(3.250000	0.313183	0.044116)
(3.500000	0.327525	0.044956)
(3.750000	0.344287	0.045701)
(4.000000	0.372667	0.045573)
(4.250000	0.385476	0.046488)
(4.500000	0.399011	0.047349)
(4.750000	0.413353	0.048147)
(5.000000	0.428421	0.048859)
(5.250000	0.446071	0.049508)
(5.500000	0.470659	0.050125)
(5.750000	0.506382	0.050731)
(6.000000	0.538151	0.051252)
(6.250000	0.554430	0.053007)
(6.500000	0.582245	0.053794)
(7.000000	0.645865	0.054389)
(7.250000	0.679812	0.054241)
(7.500000	0.714648	0.053794)
(7.750000	0.750532	0.053007)
(8.500000	0.955972	0.036927)
(8.750000	0.993389	0.034906)
(9.000000	1.043231	0.031833)
(9.250000	1.076372	0.030344)
(9.500000	1.103865	0.029302)
(9.750000	1.120385	0.028972)
(10.000000	1.133194	0.028930)
(10.250000	1.138177	0.029631)
(10.500000	1.142030	0.030620)
(10.750000	1.143140	0.032109)
(11.000000	1.141829	0.034130)
(11.250000	1.138421	0.036693)
(11.500000	1.134447	0.039607)
(11.750000	1.131684	0.042638)
(12.000000	1.132391	0.045446)
(12.250000	1.136405	0.048030)
(12.500000	1.143889	0.050348)
(12.750000	1.154923	0.052358)
(13.000000	1.169264	0.054081)
(13.250000	1.184736	0.055815)
(13.500000	1.203838	0.057293)
(13.750000	1.220600	0.059111)
(14.000000	1.239057	0.060887)
(14.250000	1.258320	0.062717)
(14.500000	1.278875	0.064556)
(14.750000	1.303463	0.066226)
(15.000000	1.303443	0.069799)
(15.250000	1.324401	0.071894)
(15.500000	1.320751	0.075925)
(15.750000	1.344855	0.077871)
(16.000000	1.332814	0.082721)
(16.250000	1.321821	0.087762)
(16.500000	1.311474	0.092962)
(16.750000	1.301369	0.098375)
(17.000000	1.291264	0.104022)
(17.250000	1.259213	0.113413)
(17.500000	1.222966	0.124856)
(17.750000	1.191884	0.136767)
(22.910714	1.062742	0.212435)
(28.071429	0.992667	0.302639)
(33.232143	0.945393	0.404443)
(38.392857	0.903544	0.514534)
(43.553571	0.857831	0.629327)
(48.714286	0.803136	0.745083)
(53.875000	0.736844	0.858030)
(59.035714	0.658038	0.964484)
(64.196429	0.567060	1.060969)
(69.357143	0.465234	1.144330)
(74.517857	0.354667	1.211836)
(79.678571	0.238084	1.261267)
(84.839286	0.118684	1.290987)
(90.000000	0.000000	1.300000)
(95.160714	-0.083079	1.290987)
(100.321429	-0.166659	1.261267)
(105.482143	-0.248267	1.211836)
(110.642857	-0.325664	1.144330)
(115.803571	-0.396942	1.060969)
(120.964286	-0.460627	0.964484)
(126.125000	-0.515791	0.858030)
(131.285714	-0.562195	0.745083)
(136.446429	-0.600481	0.629327)
(141.607143	-0.632481	0.514534)
(146.767857	-0.661775	0.404443)
(151.928571	-0.694867	0.302639)
(157.089286	-0.743919	0.212435)
(162.250000	-0.834319	0.136767)
(163.517857	-0.774725	0.120695)
(164.785714	-0.715130	0.105682)
(166.053571	-0.655536	0.091760)
(167.321429	-0.595942	0.078954)
(168.589286	-0.536348	0.067291)
(169.857143	-0.476754	0.056793)
(171.125000	-0.417159	0.047481)
(172.392857	-0.357565	0.039373)
(173.660714	-0.297971	0.032486)
(174.928571	-0.238377	0.026832)
(176.196429	-0.178783	0.022423)
(177.464286	-0.119188	0.019267)
(178.732143	-0.059594	0.017371)
(180.000000	0.000000	0.016739)
