// Re = 0.05
(-180.000000	0.000000	0.042741)
(-177.892857	0.065500	0.044469)
(-175.785714	0.131000	0.049646)
(-173.678571	0.196500	0.058241)
(-171.571429	0.262001	0.070209)
(-169.464286	0.327501	0.085484)
(-167.357143	0.393001	0.103982)
(-165.250000	0.458501	0.125601)
(-163.142857	0.524001	0.150224)
(-161.035714	0.589501	0.177715)
(-158.928571	0.655001	0.207925)
(-156.821429	0.720502	0.240686)
(-154.714286	0.786002	0.275821)
(-152.607143	0.851502	0.313135)
(-150.500000	0.917002	0.352425)
(-146.178571	0.845582	0.438262)
(-141.857143	0.785105	0.529512)
(-137.535714	0.729352	0.624071)
(-133.214286	0.674500	0.719756)
(-128.892857	0.618210	0.814355)
(-124.571429	0.559139	0.905678)
(-120.250000	0.496656	0.991607)
(-115.928571	0.430671	1.070144)
(-111.607143	0.361515	1.139458)
(-107.285714	0.289858	1.197923)
(-102.964286	0.216641	1.244160)
(-98.642857	0.143022	1.277066)
(-94.321429	0.070326	1.295839)
(-90.000000	0.000000	1.300000)
(-85.678571	-0.070326	1.295839)
(-81.357143	-0.143022	1.277066)
(-77.035714	-0.216641	1.244160)
(-72.714286	-0.289858	1.197923)
(-68.392857	-0.361515	1.139458)
(-64.071429	-0.430671	1.070144)
(-59.750000	-0.496656	0.991607)
(-55.428571	-0.559139	0.905678)
(-51.107143	-0.618210	0.814355)
(-46.785714	-0.674500	0.719756)
(-42.464286	-0.729352	0.624071)
(-38.142857	-0.785105	0.529512)
(-33.821429	-0.845582	0.438262)
(-29.500000	-0.917002	0.352425)
(-27.750000	-0.896877	0.330332)
(-26.000000	-0.876752	0.308240)
(-24.250000	-0.856626	0.286147)
(-22.500000	-0.836501	0.264054)
(-20.750000	-0.816376	0.241962)
(-19.000000	-0.796251	0.219869)
(-17.250000	-0.776126	0.197776)
(-15.500000	-0.756000	0.175684)
(-13.750000	-0.735875	0.153591)
(-12.000000	-0.715750	0.131499)
(-10.250000	-0.695625	0.109406)
(-8.500000	-0.675499	0.087313)
(-5.000000	-0.635249	0.043128)
(-4.750000	-0.610542	0.045876)
(-4.500000	-0.586334	0.048102)
(-4.250000	-0.563042	0.049785)
(-4.000000	-0.536586	0.051628)
(-3.750000	-0.515126	0.052395)
(-3.500000	-0.492250	0.053034)
(-3.250000	-0.472955	0.053130)
(-3.000000	-0.449996	0.053354)
(-2.750000	-0.437695	0.053013)
(-2.500000	-0.422396	0.052693)
(-2.250000	-0.405432	0.052470)
(-2.000000	-0.392132	0.052097)
(-1.750000	-0.383911	0.051532)
(-1.500000	-0.365365	0.051373)
(-1.250000	-0.358310	0.050851)
(-1.000000	-0.349256	0.050425)
(-0.750000	-0.337705	0.050158)
(-0.500000	-0.336644	0.049572)
(-0.250000	-0.431173	0.044193)
(0.000000	-0.415125	0.043980)
(0.250000	-0.398078	0.043863)
(0.500000	-0.381197	0.043778)
(0.750000	-0.363234	0.043788)
(1.000000	-0.344188	0.043895)
(1.250000	-0.323811	0.044118)
(1.500000	-0.300685	0.044534)
(1.750000	-0.273480	0.045237)
(2.000000	-0.241112	0.046281)
(2.250000	-0.204414	0.047666)
(2.500000	-0.148899	0.050659)
(2.750000	-0.094715	0.053482)
(3.000000	-0.043862	0.056241)
(3.250000	-0.023152	0.057295)
(3.500000	-0.010018	0.057732)
(3.750000	0.005863	0.058488)
(4.000000	0.028406	0.059830)
(4.250000	0.050449	0.061130)
(4.500000	0.074990	0.062792)
(4.750000	0.106942	0.065274)
(5.000000	0.129817	0.066914)
(5.250000	0.154775	0.068970)
(5.500000	0.185810	0.071644)
(5.750000	0.206854	0.073508)
(6.000000	0.230895	0.075851)
(6.250000	0.259267	0.078600)
(6.750000	0.299439	0.083063)
(7.000000	0.326478	0.086024)
(7.250000	0.345607	0.088346)
(7.500000	0.363070	0.090701)
(7.750000	0.381366	0.093236)
(8.000000	0.400329	0.095899)
(8.250000	0.419208	0.098615)
(8.500000	0.437420	0.101342)
(8.750000	0.454634	0.104048)
(9.000000	0.471598	0.106764)
(9.250000	0.490227	0.109555)
(9.500000	0.511854	0.112548)
(9.750000	0.522906	0.115041)
(10.000000	0.542284	0.117512)
(10.250000	0.638183	0.107840)
(10.500000	0.665389	0.108234)
(10.750000	0.691012	0.108447)
(11.250000	0.729436	0.109800)
(11.500000	0.760222	0.108138)
(12.000000	1.063180	0.053876)
(12.250000	1.077729	0.055122)
(12.500000	1.090030	0.057146)
(12.750000	1.107910	0.059021)
(13.000000	1.121709	0.061524)
(13.250000	1.138923	0.063974)
(13.500000	1.156803	0.066552)
(13.750000	1.169687	0.069641)
(14.000000	1.157091	0.074552)
(14.500000	1.154882	0.083308)
(14.750000	1.124135	0.090967)
(15.000000	1.105295	0.098040)
(15.500000	0.830475	0.180499)
(16.750000	0.829781	0.210836)
(17.000000	0.840583	0.214309)
(17.250000	0.852218	0.217845)
(17.500000	0.864686	0.221520)
(17.750000	0.874572	0.224631)
(18.000000	0.881794	0.227304)
(18.250000	0.889932	0.230191)
(18.500000	0.899402	0.233291)
(18.750000	0.910537	0.236710)
(19.000000	0.924087	0.240460)
(19.250000	0.932724	0.243112)
(19.500000	0.939863	0.245605)
(19.750000	0.949416	0.248683)
(20.000000	0.962716	0.252444)
(20.250000	0.971853	0.255096)
(20.500000	0.978992	0.257503)
(20.750000	0.990127	0.260880)
(21.000000	1.002511	0.264289)
(21.250000	1.008567	0.266259)
(21.500000	1.019786	0.269679)
(21.750000	1.030505	0.272598)
(22.000000	1.037477	0.274834)
(22.250000	1.051360	0.278957)
(22.500000	1.057416	0.280544)
(22.750000	1.067635	0.283708)
(23.000000	1.077688	0.286413)
(23.250000	1.085743	0.288949)
(23.500000	1.097794	0.292336)
(23.750000	1.104433	0.294264)
(24.000000	1.117400	0.298120)
(24.250000	1.123206	0.299622)
(24.500000	1.135924	0.303468)
(24.750000	1.141813	0.304938)
(25.000000	1.153781	0.308442)
(25.250000	1.160420	0.310232)
(25.500000	1.171056	0.313204)
(25.750000	1.179027	0.315632)
(26.000000	1.188247	0.317997)
(26.250000	1.198217	0.321150)
(26.500000	1.205688	0.322908)
(26.750000	1.217989	0.327179)
(27.000000	1.223379	0.327946)
(27.250000	1.233266	0.330695)
(27.500000	1.241737	0.333251)
(27.750000	1.249708	0.335211)
(28.000000	1.260926	0.338993)
(28.250000	1.266899	0.340143)
(28.500000	1.275786	0.342487)
(28.750000	1.285589	0.345778)
(29.000000	1.292228	0.347099)
(29.250000	1.301282	0.349592)
(29.500000	1.310003	0.352425)
(33.821429	1.207975	0.438262)
(38.142857	1.121579	0.529512)
(42.464286	1.041931	0.624071)
(46.785714	0.963571	0.719756)
(51.107143	0.883157	0.814355)
(55.428571	0.798770	0.905678)
(59.750000	0.709509	0.991607)
(64.071429	0.615244	1.070144)
(68.392857	0.516450	1.139458)
(72.714286	0.414083	1.197923)
(77.035714	0.309488	1.244160)
(81.357143	0.204317	1.277066)
(85.678571	0.100465	1.295839)
(90.000000	0.000000	1.300000)
(94.321429	-0.070326	1.295839)
(98.642857	-0.143022	1.277066)
(102.964286	-0.216641	1.244160)
(107.285714	-0.289858	1.197923)
(111.607143	-0.361515	1.139458)
(115.928571	-0.430671	1.070144)
(120.250000	-0.496656	0.991607)
(124.571429	-0.559139	0.905678)
(128.892857	-0.618210	0.814355)
(133.214286	-0.674500	0.719756)
(137.535714	-0.729352	0.624071)
(141.857143	-0.785105	0.529512)
(146.178571	-0.845582	0.438262)
(150.500000	-0.917002	0.352425)
(152.607143	-0.851502	0.313135)
(154.714286	-0.786002	0.275821)
(156.821429	-0.720502	0.240686)
(158.928571	-0.655001	0.207925)
(161.035714	-0.589501	0.177715)
(163.142857	-0.524001	0.150224)
(165.250000	-0.458501	0.125601)
(167.357143	-0.393001	0.103982)
(169.464286	-0.327501	0.085484)
(171.571429	-0.262001	0.070209)
(173.678571	-0.196500	0.058241)
(175.785714	-0.131000	0.049646)
(177.892857	-0.065500	0.044469)
(180.000000	0.000000	0.042741)
