/*--------------------------------*- C++ -*----------------------------------*\
| =========                 |                                                 |
| \\      /  F ield         | OpenFOAM: The Open Source CFD Toolbox           |
|  \\    /   O peration     | Version:  v1906                                 |
|   \\  /    A nd           | Web:      www.OpenFOAM.com                      |
|    \\/     M anipulation  |                                                 |
\*---------------------------------------------------------------------------*/
FoamFile
{
    version     2.0;
    format      ascii;
    class       regIOobject;
    location    "constant/polyMesh";
    object      cellZones;
}
// * * * * * * * * * * * * * * * * * * * * * * * * * * * * * * * * * * * * * //

1
(
turbine
{
    type cellZone;
cellLabels      List<label> 
2364
(
7218
7228
7230
7232
7240
7250
7252
7273
7276
7278
7280
7303
7305
7307
7308
7318
7321
7322
7324
7325
7326
7327
7329
7330
7338
7339
7340
7341
7342
7343
7344
7352
7353
7354
7355
7356
7357
7358
7366
7367
7368
7369
7370
7371
7372
7382
7383
7385
7387
7388
7389
7390
7391
7392
7393
7399
7400
7401
7402
7403
7409
7410
7412
7413
7416
7417
7418
7419
7420
7421
7423
7424
7426
7427
7433
7434
7436
7438
7440
7441
7447
7450
7451
7467
7468
7469
7470
7471
7472
7473
7475
7476
7481
7482
7483
7484
7485
7486
7487
7495
7496
7497
7498
7499
7500
7501
7503
7504
7633
7634
7636
7666
7672
7680
7681
7682
7683
7684
7685
7686
7694
7695
7696
7697
7698
7699
7700
7708
7709
7710
7711
7712
7713
7714
7737
7738
7739
7740
7741
7776
7777
7778
7779
7780
7781
7782
7788
7789
7790
7791
7792
7800
7806
7808
7812
7866
7867
7870
7885
7886
7887
7888
7889
7890
7891
7899
7900
7901
7902
7903
7904
7905
7913
7914
7915
7916
7917
7918
7919
8061
8062
8063
8064
8066
8068
8070
8072
8075
8076
8077
8079
8080
8082
8084
8087
8131
8132
8133
8134
8135
8145
8146
8147
8149
8150
8152
8154
8157
8165
8166
8167
8168
8169
8170
8171
8172
8173
8174
8175
8176
8177
8178
8179
8180
8181
8182
8183
8184
8185
8186
8187
8188
8189
8190
8191
8192
8193
8197
8200
8201
8202
8203
8204
8205
8206
8207
8208
8209
8210
8211
8212
8213
8263
8264
8265
8266
8267
8268
8269
8270
8271
8272
8273
8274
8275
8276
8277
8278
8279
8280
8281
8282
8283
8284
8285
8286
8287
8288
8289
8290
8291
8292
8293
8294
8295
8296
8297
8298
8299
8300
8301
8302
8303
8304
8305
8306
8307
8308
8309
8310
8311
8361
8362
8363
8364
8365
8366
8367
8368
8369
8370
8371
8372
8373
8374
8375
8376
8377
8378
8379
8380
8381
8382
8383
8384
8385
8386
8387
8388
8389
8390
8391
8392
8393
8394
8395
8396
8397
8398
8399
8400
8401
8402
8403
8404
8405
8406
8407
8408
8409
8459
8460
8461
8462
8463
8464
8465
8466
8467
8468
8469
8470
8471
8472
8473
8474
8475
8476
8477
8478
8479
8480
8481
8482
8483
8484
8485
8486
8487
8488
8489
8490
8491
8492
8493
8494
8495
8496
8497
8498
8499
8500
8501
8502
8503
8504
8505
8506
8507
8551
8552
8553
8554
8556
8558
8559
8562
8573
8574
8577
8578
8579
8580
8581
8582
8583
8584
8585
8586
8587
8588
8589
8590
8591
8592
8593
8594
8595
8596
8597
8598
8599
8600
8601
8602
8603
8604
8605
8606
8607
8608
8609
8610
8611
8612
8613
8614
8615
8616
8617
8618
8619
8620
8621
8622
8623
8624
8625
8626
8668
8669
8670
8671
8672
8673
8674
8675
8676
8677
8678
8679
8680
8681
8682
8683
8684
8685
8686
8687
8688
8689
8690
8691
8692
8693
8694
8695
8696
8697
8698
8699
8700
8701
8702
8703
8704
8705
8706
8707
8708
8744
8745
8746
8747
8748
8749
8750
8751
8752
8753
8754
8755
8756
8757
8758
8763
8765
8766
8767
8768
8769
8770
8771
8772
8773
8774
8775
8776
8777
8778
8789
8790
8791
8792
8793
8794
8795
8796
8797
8798
8799
8800
8801
8802
8803
8804
8805
8806
8807
8808
8809
8810
8811
8812
8813
8814
8815
8816
8817
8818
8819
8820
8821
8822
8823
8824
8825
8826
8827
8833
8834
8835
8836
8837
8838
8839
8840
8841
8842
8843
8844
8845
8846
8847
8856
8857
8858
8860
8861
8863
8864
8865
8867
8868
8870
8872
8875
8877
8878
8882
8891
8892
8893
8895
8896
8898
8899
8900
8902
8903
8919
8920
8921
8923
8924
8933
8934
8935
8937
8938
8940
8942
8945
9037
9038
9039
9040
9041
9042
9043
9044
9045
9046
9047
9048
9049
9050
9051
9052
9053
9054
9055
9056
9057
9058
9059
9060
9061
9062
9063
9064
9065
9066
9067
9068
9069
9070
9071
9072
9073
9074
9075
9076
9077
9078
9079
9080
9081
9082
9083
9084
9085
9094
9095
9096
9098
9099
9101
9102
9103
9105
9106
9135
9136
9137
9138
9139
9140
9141
9142
9143
9144
9145
9146
9147
9148
9149
9150
9151
9152
9153
9154
9155
9156
9157
9158
9159
9160
9161
9162
9163
9164
9165
9166
9167
9168
9169
9170
9171
9172
9173
9174
9175
9176
9177
9178
9179
9180
9181
9182
9183
9233
9234
9235
9236
9237
9238
9239
9240
9241
9242
9243
9244
9245
9246
9247
9248
9249
9250
9251
9252
9253
9254
9255
9256
9257
9258
9259
9260
9261
9262
9263
9264
9265
9266
9267
9268
9269
9270
9271
9272
9273
9274
9275
9276
9277
9278
9279
9280
9281
9290
9291
9292
9293
9294
9297
9298
9299
9301
9302
9331
9333
9335
9343
9361
9388
9392
9395
9407
9420
9421
9422
9423
9424
9425
9426
9430
9435
9443
9444
9446
9462
9463
9464
9465
9466
9467
9475
9476
9478
9479
9485
9486
9487
9515
9516
9517
9518
9519
9520
9521
9566
9567
9568
9569
9571
9607
9608
9609
9610
9611
9612
9620
9626
9651
9652
9653
9654
9655
9656
9657
9658
9659
9660
9661
9662
9663
9664
9665
9666
9667
9668
9669
9670
9671
9672
9673
9674
9675
9676
9677
9678
9679
9680
9681
9682
9683
9684
9685
9686
9687
9688
9689
9690
9691
9692
9693
9694
9695
9696
9697
9698
9699
9708
9709
9710
9711
9713
9715
9716
9718
9730
9731
9732
9819
9820
9821
9822
9823
9824
9825
9826
9827
9828
9829
9830
9831
9832
9833
9834
9835
9836
9837
9838
9839
9840
9841
9842
9843
9844
9845
9846
9847
9848
9849
9850
9851
9852
9853
9854
9855
9856
9857
9858
9859
9860
9861
9862
9863
9864
9865
9866
9916
9917
9918
9919
9920
9921
9922
9923
9924
9925
9926
9927
9928
9929
9930
9936
9937
9938
9939
9940
9941
9942
9943
9944
9945
9946
9947
9948
9949
9950
9986
9987
9988
9989
9990
9991
9992
9993
9994
9995
9996
9997
9998
10234
10236
10239
10240
10243
10244
10250
10251
10252
10253
10254
10256
10257
10258
10277
10278
10286
10287
10288
10289
10290
10291
10292
10300
10301
10302
10303
10304
10314
10315
10316
10317
10318
10319
10320
10321
10336
10337
10338
10339
10340
10341
10342
10343
10344
10345
10346
10347
10348
10349
10389
10390
10391
10392
10393
10394
10395
10396
10397
10398
10399
10400
10401
10402
10403
10404
10405
10406
10407
10408
10409
10410
10411
10412
10413
10414
10415
10416
10417
10418
10419
10420
10421
10422
10423
10424
10425
10426
10427
10429
10430
10432
10436
10437
10438
10439
10441
10448
10449
10450
10458
10461
10464
10465
10466
10469
10470
10471
10472
10477
10478
10479
10494
10495
10496
10497
10498
10499
10500
10501
10521
10522
10523
10524
10526
10537
10538
10539
10540
10541
10542
10543
10544
10545
10546
10547
10548
10549
10550
10551
10566
10567
10568
10569
10570
10571
10572
10573
10574
10575
10576
10577
10578
10579
10580
10581
10582
10583
10584
10585
10586
10587
10588
10589
10590
10591
10592
10593
10594
10595
10596
10597
10598
10599
10600
10601
10630
10631
10634
10637
10638
10639
10640
10642
10649
10650
10652
10812
10814
10834
10836
10837
10847
10854
10876
10906
10907
10908
10909
10911
10912
10917
10918
10919
10927
10928
10929
10930
10931
10932
10933
10941
10942
10945
10946
10948
10949
10950
10951
10952
10953
10954
10962
10963
10964
10965
10966
10967
10968
10975
10976
10977
10978
10979
10980
10981
10988
10989
10990
10992
10993
10994
10997
10998
11000
11003
11004
11006
11011
11012
11013
11014
11016
11017
11025
11026
11027
11028
11029
11030
11031
11039
11040
11043
11044
11122
11128
11129
11130
11131
11132
11133
11134
11135
11143
11144
11145
11146
11147
11148
11149
11207
11208
11209
11210
11211
11212
11213
11221
11222
11223
11224
11225
11226
11227
11228
11229
11230
11231
11232
11233
11234
11240
11246
11255
11256
11257
11258
11259
11290
11291
11292
11293
11294
11331
11335
11345
11346
11347
11348
11349
11350
11351
11520
11521
11522
11523
11524
11525
11526
11527
11528
11529
11530
11531
11532
11533
11534
11535
11536
11537
11538
11539
11540
11541
11542
11543
11544
11545
11546
11547
11548
11553
11555
11556
11557
11558
11559
11560
11561
11562
11563
11564
11565
11566
11567
11568
11597
11598
11599
11600
11601
11602
11603
11604
11605
11606
11607
11608
11609
11610
11611
11612
11613
11614
11615
11616
11617
11667
11668
11669
11670
11671
11672
11673
11674
11675
11676
11677
11678
11679
11680
11681
11682
11683
11684
11685
11686
11687
11688
11689
11690
11691
11692
11693
11694
11695
11696
11697
11698
11699
11700
11701
11702
11703
11704
11705
11706
11707
11708
11709
11710
11711
11712
11713
11714
11715
11753
11754
11755
11759
11760
11761
11762
11763
11773
11774
11775
11776
11778
11780
11782
11783
11793
11794
11795
11796
11797
11798
11799
11800
11801
11802
11803
11804
11805
11806
11807
11808
11809
11810
11811
11812
11813
11814
11815
11816
11817
11818
11819
11820
11821
11822
11823
11824
11825
11826
11827
11828
11829
11830
11831
11832
11833
11834
11835
11836
11837
11838
11839
11840
11841
11891
11892
11893
11894
11895
11896
11897
11898
11899
11900
11901
11902
11903
11904
11905
11906
11907
11908
11909
11910
11911
11912
11913
11914
11915
11916
11917
11918
11919
11920
11921
11922
11923
11924
11925
11926
11927
11928
11929
11930
11931
11932
11933
11934
11935
11936
11937
11938
11939
11982
11983
11984
11985
11986
11987
11988
11989
11990
11991
11992
11993
11994
11995
11996
11997
11998
11999
12000
12001
12002
12003
12004
12005
12006
12007
12008
12009
12010
12011
12012
12013
12014
12015
12016
12017
12018
12019
12020
12021
12022
12023
12024
12025
12026
12027
12028
12029
12030
12075
12076
12077
12078
12079
12080
12081
12082
12083
12084
12085
12086
12087
12088
12089
12090
12091
12092
12093
12094
12095
12096
12100
12103
12104
12105
12106
12107
12108
12109
12110
12111
12112
12113
12114
12115
12116
12117
12118
12119
12120
12121
12122
12123
12132
12133
12134
12136
12137
12139
12140
12142
12154
12155
12157
12160
12161
12162
12164
12165
12167
12168
12170
12182
12183
12185
12194
12195
12196
12197
12198
12199
12200
12201
12202
12203
12204
12205
12206
12207
12208
12209
12210
12211
12212
12213
12214
12215
12216
12217
12218
12219
12220
12221
12222
12228
12229
12230
12231
12232
12233
12234
12235
12236
12237
12238
12239
12240
12241
12242
12292
12293
12294
12295
12296
12297
12298
12299
12300
12301
12302
12303
12304
12305
12306
12307
12308
12309
12310
12311
12312
12313
12314
12315
12316
12317
12318
12319
12320
12321
12322
12323
12324
12325
12326
12327
12328
12329
12330
12331
12332
12333
12334
12335
12336
12337
12338
12339
12340
12392
12393
12396
12398
12399
12400
12402
12403
12412
12413
12414
12415
12417
12419
12421
12423
12469
12470
12471
12472
12480
12481
12482
12483
12484
12485
12486
12487
12488
12489
12490
12491
12492
12493
12494
12495
12496
12497
12498
12499
12500
12501
12502
12503
12504
12505
12506
12507
12542
12544
12547
12574
12576
12601
12602
12603
12604
12605
12606
12607
12609
12611
12613
12616
12617
12619
12635
12636
12637
12638
12639
12640
12641
12649
12650
12651
12652
12653
12654
12655
12663
12664
12665
12667
12668
12669
12695
12696
12697
12698
12699
12700
12701
12710
12711
12712
12713
12715
12725
12726
12727
12728
12730
12761
12762
12763
12764
12765
12766
12767
12775
12776
12777
12778
12779
12780
12781
12789
12795
12880
12881
12882
12883
12884
12885
12886
12887
12888
12889
12890
12891
12892
12893
12894
12895
12896
12897
12898
12899
12900
12901
12902
12903
12904
12905
12906
12907
12908
12909
12910
12911
12912
12913
12914
12915
12916
12917
12918
12919
12920
12921
12922
12923
12924
12925
12926
12927
12928
12930
12931
12932
12933
12935
12944
12945
12947
12959
12960
12961
12965
12966
12967
12968
12970
12972
12973
12975
12987
12988
12989
13048
13049
13050
13051
13052
13053
13054
13055
13056
13057
13058
13059
13060
13061
13062
13063
13064
13065
13066
13067
13068
13069
13070
13071
13072
13073
13074
13075
13076
13077
13078
13079
13080
13081
13082
13083
13084
13085
13086
13087
13088
13089
13090
13091
13092
13093
13094
13095
13096
13146
13147
13148
13149
13150
13151
13152
13153
13154
13155
13156
13157
13158
13159
13160
13161
13162
13163
13164
13165
13166
13167
13168
13169
13170
13171
13172
13173
13174
13175
13176
13177
13178
13179
13180
13181
13182
13183
13184
13185
13186
13187
13188
13189
13190
13191
13192
13193
13194
13244
13245
13246
13247
13248
13249
13250
13251
13252
13253
13254
13255
13256
13257
13258
13259
13260
13261
13262
13263
13264
13265
13269
13272
13273
13274
13275
13276
13277
13278
13279
13280
13281
13282
13283
13284
13285
13286
13287
13288
13289
13290
13291
13292
13699
13704
13706
13707
13708
13709
13710
13711
13712
13714
13715
13721
13722
13724
13725
13728
13729
13735
13736
13741
13742
13743
13745
13746
13754
13755
13756
13757
13758
13759
13760
13782
13783
13784
13785
13786
13787
13788
13796
13797
13798
13799
13800
13801
13802
13803
13804
13805
13806
13807
13808
13809
13810
13811
13812
13813
13814
13815
13816
13817
13818
13819
13820
13821
13822
13823
13824
13825
13826
13827
13828
13829
13830
13831
13832
13833
13834
13835
13836
13837
13838
13839
13840
13841
13842
13843
13844
13853
13854
13855
13856
13857
13860
13861
13862
13863
13864
13867
13868
13870
13874
13876
13877
13888
13889
13890
13891
13893
13895
13896
13897
13898
13900
13923
13924
13925
13926
13928
13930
13931
13932
13933
13935
13964
13965
13966
13967
13968
13969
13970
13971
13972
13973
13974
13975
13976
13977
13978
13979
13980
13981
13982
13983
13984
13993
13994
13995
13996
13997
14000
14001
14002
14003
14005
14018
14034
14035
14038
14039
14041
14042
14043
14044
14045
14046
14047
14051
14052
14053
14054
14100
14101
14102
14103
14104
14105
14106
14200
14201
14203
14206
14207
14208
14209
14210
14220
14221
14222
14224
14225
14227
14229
14232
14240
14241
14242
14243
14244
14245
14246
14247
14248
14249
14250
14251
14252
14253
14254
14255
14256
14257
14258
14259
14260
14261
14262
14263
14264
14265
14266
14267
14268
14269
14270
14271
14272
14273
14274
14275
14276
14277
14278
14279
14280
14281
14282
14283
14284
14285
14286
14287
14288
14310
14311
14312
14313
14314
14315
14316
14317
14318
14319
14320
14321
14322
14323
14324
14325
14326
14327
14328
14329
14330
14331
14332
14333
14334
14335
14336
14337
14338
14339
14341
14344
14345
14355
14360
14366
)
;
}
)

// ************************************************************************* //
