// Re = 0.12
(-180.000000	0.000000	0.033196)
(-178.642857	0.075152	0.033915)
(-177.285714	0.150303	0.036074)
(-175.928571	0.225455	0.039665)
(-174.571429	0.300606	0.044682)
(-173.214286	0.375757	0.051112)
(-171.857143	0.450909	0.058942)
(-170.500000	0.526060	0.068153)
(-169.142857	0.601212	0.078725)
(-167.785714	0.676363	0.090634)
(-166.428571	0.751515	0.103852)
(-165.071429	0.826666	0.118350)
(-163.714286	0.901818	0.134095)
(-162.357143	0.976969	0.151051)
(-161.000000	1.052121	0.169180)
(-155.928571	0.913490	0.246580)
(-150.857143	0.827444	0.337299)
(-145.785714	0.765036	0.438471)
(-140.714286	0.711967	0.546898)
(-135.642857	0.660458	0.659150)
(-130.571429	0.606137	0.771672)
(-125.500000	0.546661	0.880896)
(-120.428571	0.481033	0.983355)
(-115.357143	0.409228	1.075788)
(-110.285714	0.331958	1.155246)
(-105.214286	0.250506	1.219181)
(-100.142857	0.166606	1.265530)
(-95.071429	0.082332	1.292776)
(-90.000000	0.000000	1.300000)
(-84.928571	-0.082332	1.292776)
(-79.857143	-0.166606	1.265530)
(-74.785714	-0.250506	1.219181)
(-69.714286	-0.331958	1.155246)
(-64.642857	-0.409228	1.075788)
(-59.571429	-0.481033	0.983355)
(-54.500000	-0.546661	0.880896)
(-49.428571	-0.606137	0.771672)
(-44.357143	-0.660458	0.659150)
(-39.285714	-0.711967	0.546898)
(-34.214286	-0.765036	0.438471)
(-29.142857	-0.827444	0.337299)
(-24.071429	-0.913490	0.246580)
(-19.000000	-1.052121	0.169180)
(-18.000000	-0.994330	0.158691)
(-17.000000	-0.936540	0.148202)
(-16.000000	-0.878749	0.137713)
(-15.000000	-0.820959	0.127223)
(-14.000000	-0.763168	0.116734)
(-13.000000	-0.705378	0.106245)
(-12.000000	-0.647587	0.095756)
(-11.000000	-0.589796	0.085267)
(-10.000000	-0.532006	0.074778)
(-9.000000	-0.474215	0.064289)
(-8.000000	-0.416425	0.053799)
(-7.000000	-0.358634	0.043310)
(-5.000000	-0.243053	0.022332)
(-4.750000	-0.217687	0.022934)
(-4.500000	-0.191516	0.023612)
(-4.250000	-0.166283	0.023901)
(-4.000000	-0.141920	0.024503)
(-3.750000	-0.117625	0.024955)
(-3.500000	-0.093128	0.025231)
(-3.250000	-0.067359	0.025306)
(-3.000000	-0.042729	0.025369)
(-2.750000	-0.018969	0.025432)
(-2.500000	0.005193	0.025432)
(-2.250000	0.030895	0.025532)
(-2.000000	0.055592	0.025532)
(-1.750000	0.079219	0.025570)
(-1.500000	0.103782	0.025519)
(-1.250000	0.131091	0.025231)
(-1.000000	0.153914	0.025482)
(-0.750000	0.177674	0.025595)
(-0.500000	0.204714	0.025394)
(-0.250000	0.229345	0.025419)
(0.000000	0.252369	0.025670)
(0.250000	0.277267	0.025745)
(0.500000	0.303638	0.025670)
(0.750000	0.326997	0.025934)
(1.000000	0.351426	0.026109)
(1.250000	0.377798	0.026046)
(1.500000	0.400152	0.026448)
(1.750000	0.423778	0.026737)
(2.000000	0.452158	0.026548)
(2.250000	0.474378	0.027025)
(2.500000	0.496130	0.027464)
(2.750000	0.524978	0.027163)
(3.000000	0.545927	0.027715)
(3.250000	0.567277	0.028230)
(3.500000	0.596527	0.027891)
(3.750000	0.618479	0.028318)
(4.000000	0.639026	0.028883)
(4.250000	0.660175	0.029359)
(4.500000	0.691367	0.028694)
(4.750000	0.711512	0.029209)
(5.000000	0.732193	0.029648)
(5.250000	0.753543	0.029987)
(5.500000	0.784198	0.029134)
(5.750000	0.806218	0.029146)
(6.000000	0.827903	0.029196)
(6.250000	0.849588	0.029046)
(6.500000	0.872879	0.028694)
(6.750000	0.897108	0.028167)
(7.000000	0.922810	0.027502)
(7.250000	0.953131	0.026624)
(7.500000	0.992623	0.025281)
(7.750000	1.031848	0.024290)
(8.000000	1.065918	0.023148)
(8.250000	1.093695	0.022721)
(8.500000	1.120869	0.022445)
(8.750000	1.147508	0.022206)
(9.000000	1.173076	0.022031)
(9.250000	1.193623	0.022219)
(9.500000	1.212697	0.022457)
(9.750000	1.226616	0.022997)
(10.000000	1.237791	0.023926)
(10.250000	1.246287	0.025319)
(10.500000	1.252173	0.027276)
(10.750000	1.255447	0.029874)
(11.000000	1.256915	0.033049)
(11.250000	1.257779	0.036625)
(11.500000	1.259113	0.040390)
(11.750000	1.261852	0.044155)
(12.000000	1.266532	0.047731)
(12.250000	1.273556	0.051044)
(12.500000	1.282789	0.054068)
(12.750000	1.294231	0.056766)
(13.000000	1.306945	0.059364)
(13.250000	1.321467	0.061648)
(13.500000	1.338064	0.063631)
(13.750000	1.356402	0.065387)
(14.000000	1.375275	0.067157)
(14.250000	1.392541	0.069265)
(14.500000	1.410209	0.071411)
(14.750000	1.429150	0.073444)
(15.000000	1.451303	0.075063)
(15.250000	1.468436	0.077485)
(15.500000	1.484497	0.080245)
(15.750000	1.508726	0.081801)
(16.000000	1.514679	0.086118)
(16.250000	1.527326	0.089444)
(16.500000	1.543722	0.092368)
(16.750000	1.543649	0.097814)
(17.000000	1.547794	0.102708)
(17.250000	1.571555	0.104402)
(17.500000	1.564921	0.111279)
(17.750000	1.558154	0.118607)
(18.000000	1.550718	0.126538)
(18.250000	1.541540	0.135348)
(18.500000	1.530154	0.145387)
(18.750000	1.516759	0.156744)
(19.000000	1.503030	0.169180)
(24.071429	1.304986	0.246580)
(29.142857	1.182062	0.337299)
(34.214286	1.092909	0.438471)
(39.285714	1.017096	0.546898)
(44.357143	0.943512	0.659150)
(49.428571	0.865910	0.771672)
(54.500000	0.780944	0.880896)
(59.571429	0.687190	0.983355)
(64.642857	0.584612	1.075788)
(69.714286	0.474225	1.155246)
(74.785714	0.357866	1.219181)
(79.857143	0.238009	1.265530)
(84.928571	0.117618	1.292776)
(90.000000	0.000000	1.300000)
(95.071429	-0.082332	1.292776)
(100.142857	-0.166606	1.265530)
(105.214286	-0.250506	1.219181)
(110.285714	-0.331958	1.155246)
(115.357143	-0.409228	1.075788)
(120.428571	-0.481033	0.983355)
(125.500000	-0.546661	0.880896)
(130.571429	-0.606137	0.771672)
(135.642857	-0.660458	0.659150)
(140.714286	-0.711967	0.546898)
(145.785714	-0.765036	0.438471)
(150.857143	-0.827444	0.337299)
(155.928571	-0.913490	0.246580)
(161.000000	-1.052121	0.169180)
(162.357143	-0.976969	0.151051)
(163.714286	-0.901818	0.134095)
(165.071429	-0.826666	0.118350)
(166.428571	-0.751515	0.103852)
(167.785714	-0.676363	0.090634)
(169.142857	-0.601212	0.078725)
(170.500000	-0.526060	0.068153)
(171.857143	-0.450909	0.058942)
(173.214286	-0.375757	0.051112)
(174.571429	-0.300606	0.044682)
(175.928571	-0.225455	0.039665)
(177.285714	-0.150303	0.036074)
(178.642857	-0.075152	0.033915)
(180.000000	0.000000	0.033196)
