// Blade element data
// axialDistance, radius, azimuth, chord, chordMount, twist
(0.0	0.918	 0.0	0.670	  0.25	0)
(0.0	1.152	 0.0	0.670	  0.25	0)
(0.0	1.647	 0.0	0.953	  0.25	21.45)
(0.0	2.024	 0.0	1.023	  0.25	16.32)
(0.0	2.402	 0.0	1.022	  0.25	13.48)
(0.0	2.778	 0.0	1.008	  0.25	11.54)
(0.0	3.155	 0.0	0.985	  0.25	10.32)
(0.0	3.533	 0.0	0.959	  0.25	9.55)
(0.0	3.910	 0.0	0.935	  0.25	9.02)
(0.0	4.286	 0.0	0.914	  0.25	8.64)
(0.0	4.664	 0.0	0.893	  0.25	8.31)
(0.0	5.041	 0.0	0.872	  0.25	7.97)
(0.0	5.418	 0.0	0.851	  0.25	7.58)
(0.0	5.795	 0.0	0.830	  0.25	7.19)
(0.0	6.172	 0.0	0.812	  0.25	6.83)
(0.0	6.549	 0.0	0.798	  0.25	6.46)
(0.0	6.926	 0.0	0.787	  0.25	6.1)
(0.0	7.303	 0.0	0.780	  0.25	5.85)
(0.0	7.680	 0.0	0.773	  0.25	5.65)
(0.0	8.058	 0.0	0.762	  0.25	5.52)
(0.0	8.434	 0.0	0.739	  0.25	5.41)
(0.0	8.811	 0.0	0.697	  0.25	5.34)
(0.0	9.000	 0.0	0.667	  0.25	5.31)
