// Blade element data
// axialDistance, radius, azimuth, chord, chordMount, twist
(0.0	0.0587  0.0  	0.0198	0.25	29.57)
(0.0	0.0645  0.0  	0.0198	0.25	29.57)
(0.0	0.0662  0.0  	0.0198	0.25	29.57)
(0.0	0.0738  0.0  	0.0365	0.25	27.60) // artificially added
(0.0	0.0814  0.0  	0.0532	0.25	25.63)
(0.0	0.0966  0.0  	0.0866	0.25	22.15)
(0.0	0.1118  0.0  	0.0831	0.25	19.30)
(0.0	0.1269  0.0  	0.0791	0.25	16.97)
(0.0	0.1421  0.0  	0.0749	0.25	15.05)
(0.0	0.1572  0.0  	0.0710	0.25	13.46)
(0.0	0.1724  0.0  	0.0674	0.25	12.12)
(0.0	0.1876  0.0  	0.0640	0.25	10.98)
(0.0	0.2028  0.0  	0.0610	0.25	10.01)
(0.0	0.2179  0.0  	0.0583	0.25	9.18)
(0.0	0.2331  0.0  	0.0558	0.25	8.45)
(0.0	0.2482  0.0  	0.0535	0.25	7.82)
(0.0	0.2634  0.0  	0.0515	0.25	7.26)
(0.0	0.2786  0.0  	0.0496	0.25	6.77)
(0.0	0.2937  0.0  	0.0480	0.25	6.34)
(0.0	0.3089  0.0  	0.0464	0.25	5.95)
(0.0	0.3241  0.0  	0.0450	0.25	5.61)
(0.0	0.3393  0.0  	0.0436	0.25	5.29)
(0.0	0.3544  0.0  	0.0425	0.25	5.01)
(0.0	0.3620  0.0  	0.0229	0.25	4.87)
