// Re = 0.06
(-180.000000	0.000000	0.004578)
(-177.857143	0.036214	0.006393)
(-175.714286	0.072428	0.011826)
(-173.571429	0.108642	0.020846)
(-171.428571	0.144856	0.033405)
(-169.285714	0.181070	0.049431)
(-167.142857	0.217284	0.068834)
(-165.000000	0.253498	0.091506)
(-162.857143	0.289712	0.117320)
(-160.714286	0.325926	0.146131)
(-158.571429	0.362140	0.177778)
(-156.428571	0.398355	0.212084)
(-154.285714	0.434569	0.248857)
(-152.142857	0.470783	0.287890)
(-150.000000	0.506997	0.328965)
(-145.714286	0.514805	0.416311)
(-141.428571	0.517419	0.508941)
(-137.142857	0.513221	0.604782)
(-132.857143	0.501252	0.701689)
(-128.571429	0.481034	0.797493)
(-124.285714	0.452469	0.890051)
(-120.000000	0.415780	0.977289)
(-115.714286	0.371468	1.057255)
(-111.428571	0.320276	1.128156)
(-107.142857	0.263157	1.188405)
(-102.857143	0.201242	1.236649)
(-98.571429	0.135805	1.271805)
(-94.285714	0.068236	1.293082)
(-90.000000	0.000000	1.300000)
(-85.714286	-0.068236	1.293082)
(-81.428571	-0.135805	1.271805)
(-77.142857	-0.201242	1.236649)
(-72.857143	-0.263157	1.188405)
(-68.571429	-0.320276	1.128156)
(-64.285714	-0.371468	1.057255)
(-60.000000	-0.415780	0.977289)
(-55.714286	-0.452469	0.890051)
(-51.428571	-0.481034	0.797493)
(-47.142857	-0.501252	0.701689)
(-42.857143	-0.513221	0.604782)
(-38.571429	-0.517419	0.508941)
(-34.285714	-0.514805	0.416311)
(-30.000000	-0.506997	0.328965)
(-28.214286	-0.507866	0.308511)
(-26.428571	-0.508736	0.288056)
(-24.642857	-0.509605	0.267602)
(-22.857143	-0.510475	0.247148)
(-21.071429	-0.511345	0.226693)
(-19.285714	-0.512214	0.206239)
(-17.500000	-0.513084	0.185784)
(-15.714286	-0.513953	0.165330)
(-13.928571	-0.514823	0.144876)
(-12.142857	-0.515693	0.124421)
(-10.357143	-0.516562	0.103967)
(-8.571429	-0.517432	0.083513)
(-5.000000	-0.519171	0.042604)
(-4.750000	-0.493624	0.044136)
(-4.500000	-0.470335	0.045262)
(-4.250000	-0.445649	0.046456)
(-4.000000	-0.421392	0.047365)
(-3.750000	-0.397028	0.047997)
(-3.500000	-0.370836	0.048430)
(-3.250000	-0.359809	0.048413)
(-3.000000	-0.346954	0.048421)
(-2.750000	-0.330226	0.048473)
(-2.500000	-0.314252	0.048257)
(-2.250000	-0.298062	0.048274)
(-2.000000	-0.290800	0.048049)
(-1.750000	-0.274718	0.047919)
(-1.500000	-0.260249	0.047859)
(-1.250000	-0.251158	0.047729)
(-1.000000	-0.229806	0.047677)
(-0.750000	-0.225555	0.047573)
(-0.500000	-0.204525	0.047668)
(-0.250000	-0.197908	0.047668)
(0.000000	-0.174620	0.047850)
(0.250000	-0.168864	0.047919)
(0.500000	-0.157191	0.048092)
(0.750000	-0.140034	0.048369)
(1.000000	-0.123952	0.048707)
(1.250000	-0.124326	0.049027)
(3.750000	0.061556	0.056792)
(4.000000	0.101193	0.058298)
(4.250000	0.112650	0.058783)
(4.500000	0.140886	0.060151)
(4.750000	0.159119	0.061077)
(5.000000	0.194239	0.062851)
(5.250000	0.214516	0.064081)
(5.500000	0.250174	0.066011)
(5.750000	0.270128	0.067413)
(6.000000	0.306754	0.069543)
(6.250000	0.325309	0.070997)
(6.500000	0.349243	0.072815)
(6.750000	0.381674	0.074901)
(7.000000	0.405285	0.076667)
(7.250000	0.425347	0.078433)
(7.750000	0.567221	0.075481)
(8.000000	0.599759	0.076251)
(8.250000	0.623478	0.077316)
(8.500000	0.647304	0.078320)
(8.750000	0.670592	0.079290)
(9.000000	0.693020	0.080233)
(9.250000	0.714480	0.081151)
(9.500000	0.736048	0.081947)
(9.750000	0.760197	0.082423)
(10.000000	0.789186	0.082337)
(10.250000	0.824736	0.081376)
(10.500000	0.869321	0.079082)
(10.750000	0.926490	0.074763)
(11.250000	1.203349	0.046344)
(11.500000	1.217818	0.046015)
(11.750000	1.223790	0.046941)
(12.000000	1.226427	0.048577)
(12.250000	1.234442	0.050187)
(12.500000	1.245254	0.051867)
(12.750000	1.260475	0.053485)
(13.000000	1.284839	0.054862)
(13.500000	1.319585	0.058670)
(13.750000	1.331902	0.060930)
(14.000000	1.343682	0.063302)
(14.250000	1.355570	0.065760)
(14.500000	1.372189	0.068114)
(14.750000	1.347722	0.072122)
(15.000000	1.327234	0.076225)
(15.250000	1.334712	0.079082)
(15.500000	1.300887	0.084259)
(15.750000	1.264158	0.090119)
(16.000000	1.225170	0.096724)
(17.000000	0.611451	0.180811)
(17.250000	0.611399	0.183079)
(17.500000	0.613068	0.185434)
(17.750000	0.617642	0.187996)
(18.000000	0.625334	0.190844)
(18.250000	0.623884	0.192818)
(18.500000	0.622650	0.195042)
(18.750000	0.624749	0.197544)
(19.000000	0.632226	0.200444)
(19.250000	0.633250	0.202695)
(19.500000	0.632123	0.205032)
(19.750000	0.636589	0.207750)
(20.000000	0.642776	0.210529)
(20.250000	0.640142	0.212788)
(20.500000	0.644393	0.215523)
(20.750000	0.648966	0.218224)
(21.000000	0.647732	0.220691)
(21.250000	0.655101	0.223825)
(21.500000	0.654082	0.226119)
(21.750000	0.656827	0.228923)
(22.000000	0.661292	0.231693)
(22.250000	0.661133	0.234377)
(22.500000	0.668610	0.237467)
(22.750000	0.666085	0.239951)
(23.000000	0.674423	0.243284)
(23.250000	0.671252	0.245647)
(23.500000	0.678622	0.248928)
(23.750000	0.676311	0.251421)
(24.000000	0.683466	0.254728)
(24.250000	0.681048	0.257281)
(24.500000	0.687880	0.260519)
(24.750000	0.685785	0.263237)
(25.000000	0.690788	0.266336)
(25.250000	0.690629	0.269271)
(25.500000	0.693804	0.272214)
(25.750000	0.695904	0.275356)
(26.000000	0.697250	0.278316)
(26.250000	0.701931	0.281623)
(26.500000	0.701127	0.284497)
(26.750000	0.704947	0.287622)
(27.000000	0.705541	0.290790)
(27.250000	0.707318	0.293829)
(27.500000	0.711138	0.297101)
(27.750000	0.710549	0.300156)
(28.000000	0.713293	0.303264)
(28.250000	0.714963	0.306562)
(28.500000	0.715664	0.309661)
(28.750000	0.718839	0.312855)
(29.000000	0.719110	0.316110)
(29.250000	0.720241	0.319295)
(29.500000	0.723416	0.322455)
(29.750000	0.723150	0.325779)
(30.000000	0.724281	0.328965)
(34.285714	0.735436	0.416311)
(38.571429	0.739169	0.508941)
(42.857143	0.733172	0.604782)
(47.142857	0.716075	0.701689)
(51.428571	0.687192	0.797493)
(55.714286	0.646384	0.890051)
(60.000000	0.593971	0.977289)
(64.285714	0.530668	1.057255)
(68.571429	0.457537	1.128156)
(72.857143	0.375939	1.188405)
(77.142857	0.287488	1.236649)
(81.428571	0.194008	1.271805)
(85.714286	0.097480	1.293082)
(90.000000	0.000000	1.300000)
(94.285714	-0.068236	1.293082)
(98.571429	-0.135805	1.271805)
(102.857143	-0.201242	1.236649)
(107.142857	-0.263157	1.188405)
(111.428571	-0.320276	1.128156)
(115.714286	-0.371468	1.057255)
(120.000000	-0.415780	0.977289)
(124.285714	-0.452469	0.890051)
(128.571429	-0.481034	0.797493)
(132.857143	-0.501252	0.701689)
(137.142857	-0.513221	0.604782)
(141.428571	-0.517419	0.508941)
(145.714286	-0.514805	0.416311)
(150.000000	-0.506997	0.328965)
(152.142857	-0.470783	0.287890)
(154.285714	-0.434569	0.248857)
(156.428571	-0.398355	0.212084)
(158.571429	-0.362140	0.177778)
(160.714286	-0.325926	0.146131)
(162.857143	-0.289712	0.117320)
(165.000000	-0.253498	0.091506)
(167.142857	-0.217284	0.068834)
(169.285714	-0.181070	0.049431)
(171.428571	-0.144856	0.033405)
(173.571429	-0.108642	0.020846)
(175.714286	-0.072428	0.011826)
(177.857143	-0.036214	0.006393)
(180.000000	0.000000	0.004578)
