// Re = 0.21
(-180.000000	0.000000	0.001000)
(-178.464286	0.067149	0.001000)
(-176.928571	0.134297	0.001000)
(-175.392857	0.201446	0.002032)
(-173.857143	0.268594	0.008547)
(-172.321429	0.335743	0.016890)
(-170.785714	0.402892	0.027040)
(-169.250000	0.470040	0.038965)
(-167.714286	0.537189	0.052632)
(-166.178571	0.604337	0.068002)
(-164.642857	0.671486	0.085031)
(-163.107143	0.738635	0.103669)
(-161.571429	0.805783	0.123864)
(-160.035714	0.872932	0.145558)
(-158.500000	0.940080	0.168688)
(-153.607143	0.843633	0.251170)
(-148.714286	0.778818	0.345134)
(-143.821429	0.727884	0.447850)
(-138.928571	0.681379	0.556336)
(-134.035714	0.633940	0.667443)
(-129.142857	0.582514	0.777946)
(-124.250000	0.525511	0.884638)
(-119.357143	0.462362	0.984423)
(-114.464286	0.393257	1.074409)
(-109.571429	0.318975	1.151988)
(-104.678571	0.240762	1.214912)
(-99.785714	0.160233	1.261362)
(-94.892857	0.079280	1.289999)
(-90.000000	0.000000	1.300000)
(-85.107143	-0.079280	1.289999)
(-80.214286	-0.160233	1.261362)
(-75.321429	-0.240762	1.214912)
(-70.428571	-0.318975	1.151988)
(-65.535714	-0.393257	1.074409)
(-60.642857	-0.462362	0.984423)
(-55.750000	-0.525511	0.884638)
(-50.857143	-0.582514	0.777946)
(-45.964286	-0.633940	0.667443)
(-41.071429	-0.681379	0.556336)
(-36.178571	-0.727884	0.447850)
(-31.285714	-0.778818	0.345134)
(-26.392857	-0.843633	0.251170)
(-21.500000	-0.940080	0.168688)
(-20.321429	-0.890284	0.157655)
(-19.142857	-0.840488	0.146621)
(-17.964286	-0.790691	0.135588)
(-16.785714	-0.740895	0.124554)
(-15.607143	-0.691098	0.113521)
(-14.428571	-0.641302	0.102487)
(-13.250000	-0.591506	0.091454)
(-12.071429	-0.541709	0.080421)
(-10.892857	-0.491913	0.069387)
(-9.714286	-0.442117	0.058354)
(-8.535714	-0.392320	0.047320)
(-7.357143	-0.342524	0.036287)
(-5.000000	-0.242931	0.014220)
(-4.750000	-0.214918	0.014319)
(-4.500000	-0.187186	0.014418)
(-4.250000	-0.159453	0.014546)
(-4.000000	-0.131347	0.014665)
(-3.750000	-0.103147	0.014754)
(-3.500000	-0.075415	0.014863)
(-3.250000	-0.047402	0.014942)
(-3.000000	-0.018642	0.014962)
(-2.750000	0.009090	0.015021)
(-2.500000	0.037103	0.015051)
(-2.250000	0.065864	0.015041)
(-2.000000	0.094250	0.015031)
(-1.750000	0.122263	0.015061)
(-1.500000	0.151023	0.015051)
(-1.250000	0.179503	0.015041)
(-1.000000	0.207610	0.015081)
(-0.750000	0.236463	0.015071)
(-0.500000	0.264850	0.015081)
(-0.250000	0.292863	0.015130)
(0.000000	0.321997	0.015130)
(0.250000	0.350103	0.015170)
(0.500000	0.378116	0.015229)
(0.750000	0.407063	0.015239)
(1.000000	0.435169	0.015308)
(1.250000	0.463369	0.015367)
(1.500000	0.491662	0.015417)
(1.750000	0.519768	0.015496)
(2.000000	0.548716	0.015536)
(2.250000	0.575887	0.015635)
(2.500000	0.603807	0.015724)
(2.750000	0.633221	0.015753)
(3.000000	0.659645	0.015872)
(3.250000	0.687284	0.015971)
(3.500000	0.716325	0.016011)
(3.750000	0.743310	0.016129)
(4.000000	0.770107	0.016238)
(4.250000	0.798868	0.016268)
(4.500000	0.825292	0.016377)
(4.750000	0.852089	0.016476)
(5.000000	0.879261	0.016545)
(5.250000	0.906339	0.016565)
(5.500000	0.932857	0.016575)
(5.750000	0.959187	0.016585)
(6.000000	0.985237	0.016604)
(6.250000	1.010073	0.016604)
(6.500000	1.034254	0.016565)
(6.750000	1.058902	0.016466)
(7.000000	1.081307	0.016446)
(7.250000	1.104460	0.016446)
(7.500000	1.126398	0.016486)
(7.750000	1.146841	0.016525)
(8.000000	1.165788	0.016585)
(8.250000	1.183801	0.016674)
(8.500000	1.199664	0.016792)
(8.750000	1.213098	0.016941)
(9.000000	1.223260	0.017119)
(9.250000	1.231086	0.017327)
(9.500000	1.245734	0.017970)
(9.750000	1.254588	0.019108)
(10.000000	1.258022	0.020622)
(10.250000	1.258371	0.022453)
(10.500000	1.256478	0.024560)
(10.750000	1.253743	0.026896)
(11.000000	1.250541	0.029409)
(11.250000	1.247433	0.032041)
(11.500000	1.245726	0.034664)
(11.750000	1.244580	0.037326)
(12.000000	1.245023	0.039928)
(12.250000	1.245466	0.042570)
(12.500000	1.248432	0.045064)
(12.750000	1.251772	0.047567)
(13.000000	1.256140	0.050031)
(13.250000	1.261349	0.052436)
(13.500000	1.267399	0.054771)
(13.750000	1.274291	0.057027)
(14.000000	1.282304	0.059185)
(14.250000	1.290971	0.061312)
(14.500000	1.300572	0.063291)
(14.750000	1.310922	0.065201)
(15.000000	1.320991	0.067210)
(15.250000	1.334611	0.068674)
(15.500000	1.343839	0.070861)
(15.750000	1.357833	0.072326)
(16.000000	1.367809	0.074433)
(16.250000	1.382363	0.075858)
(16.500000	1.391124	0.078174)
(16.750000	1.408576	0.079213)
(17.000000	1.412664	0.082221)
(17.250000	1.427406	0.083676)
(17.500000	1.434858	0.086229)
(17.750000	1.439973	0.089108)
(18.000000	1.459575	0.089851)
(18.250000	1.457027	0.093888)
(18.500000	1.457003	0.097569)
(18.750000	1.469128	0.099370)
(19.000000	1.476300	0.101973)
(19.250000	1.466275	0.107257)
(19.500000	1.459896	0.112066)
(19.750000	1.459217	0.115975)
(20.000000	1.483772	0.115618)
(20.250000	1.466084	0.122407)
(20.500000	1.448303	0.129502)
(20.750000	1.428372	0.137260)
(21.000000	1.405263	0.146007)
(21.250000	1.377015	0.156368)
(21.500000	1.342972	0.168688)
(26.392857	1.205190	0.251170)
(31.285714	1.112598	0.345134)
(36.178571	1.039835	0.447850)
(41.071429	0.973399	0.556336)
(45.964286	0.905629	0.667443)
(50.857143	0.832162	0.777946)
(55.750000	0.750730	0.884638)
(60.642857	0.660518	0.984423)
(65.535714	0.561796	1.074409)
(70.428571	0.455678	1.151988)
(75.321429	0.343946	1.214912)
(80.214286	0.228904	1.261362)
(85.107143	0.113258	1.289999)
(90.000000	0.000000	1.300000)
(94.892857	-0.079280	1.289999)
(99.785714	-0.160233	1.261362)
(104.678571	-0.240762	1.214912)
(109.571429	-0.318975	1.151988)
(114.464286	-0.393257	1.074409)
(119.357143	-0.462362	0.984423)
(124.250000	-0.525511	0.884638)
(129.142857	-0.582514	0.777946)
(134.035714	-0.633940	0.667443)
(138.928571	-0.681379	0.556336)
(143.821429	-0.727884	0.447850)
(148.714286	-0.778818	0.345134)
(153.607143	-0.843633	0.251170)
(158.500000	-0.940080	0.168688)
(160.035714	-0.872932	0.145558)
(161.571429	-0.805783	0.123864)
(163.107143	-0.738635	0.103669)
(164.642857	-0.671486	0.085031)
(166.178571	-0.604337	0.068002)
(167.714286	-0.537189	0.052632)
(169.250000	-0.470040	0.038965)
(170.785714	-0.402892	0.027040)
(172.321429	-0.335743	0.016890)
(173.857143	-0.268594	0.008547)
(175.392857	-0.201446	0.002032)
(176.928571	-0.134297	0.001000)
(178.464286	-0.067149	0.001000)
(180.000000	0.000000	0.001000)
