// Re = 0.2
(-180.000000	0.000000	0.012309)
(-178.482143	0.067301	0.013217)
(-176.964286	0.134601	0.015938)
(-175.446429	0.201902	0.020464)
(-173.928571	0.269202	0.026783)
(-172.410714	0.336503	0.034877)
(-170.892857	0.403803	0.044723)
(-169.375000	0.471104	0.056293)
(-167.857143	0.538404	0.069555)
(-166.339286	0.605705	0.084471)
(-164.821429	0.673005	0.101000)
(-163.303571	0.740306	0.119095)
(-161.785714	0.807607	0.138704)
(-160.267857	0.874907	0.159773)
(-158.750000	0.942208	0.182242)
(-153.839286	0.844103	0.263748)
(-148.928571	0.778787	0.356819)
(-144.017857	0.727846	0.458714)
(-139.107143	0.681540	0.566436)
(-134.196429	0.634363	0.676811)
(-129.285714	0.583182	0.786589)
(-124.375000	0.526367	0.892535)
(-119.464286	0.463324	0.991524)
(-114.553571	0.394235	1.080635)
(-109.642857	0.319881	1.157237)
(-104.732143	0.241517	1.219061)
(-99.821429	0.160773	1.264274)
(-94.910714	0.079561	1.291527)
(-90.000000	0.000000	1.300000)
(-85.089286	-0.079561	1.291527)
(-80.178571	-0.160773	1.264274)
(-75.267857	-0.241517	1.219061)
(-70.357143	-0.319881	1.157237)
(-65.446429	-0.394235	1.080635)
(-60.535714	-0.463324	0.991524)
(-55.625000	-0.526367	0.892535)
(-50.714286	-0.583182	0.786589)
(-45.803571	-0.634363	0.676811)
(-40.892857	-0.681540	0.566436)
(-35.982143	-0.727846	0.458714)
(-31.071429	-0.778787	0.356819)
(-26.160714	-0.844103	0.263748)
(-21.250000	-0.942208	0.182242)
(-20.089286	-0.892247	0.170274)
(-18.928571	-0.842287	0.158306)
(-17.767857	-0.792327	0.146338)
(-16.607143	-0.742367	0.134370)
(-15.446429	-0.692406	0.122402)
(-14.285714	-0.642446	0.110434)
(-13.125000	-0.592486	0.098465)
(-11.964286	-0.542526	0.086497)
(-10.803571	-0.492565	0.074529)
(-9.642857	-0.442605	0.062561)
(-8.482143	-0.392645	0.050593)
(-7.321429	-0.342685	0.038625)
(-5.000000	-0.242764	0.014689)
(-4.750000	-0.215116	0.014801)
(-4.500000	-0.187198	0.014944)
(-4.250000	-0.159281	0.015036)
(-4.000000	-0.131723	0.015199)
(-3.750000	-0.103985	0.015353)
(-3.500000	-0.075888	0.015455)
(-3.250000	-0.048060	0.015536)
(-3.000000	-0.020233	0.015587)
(-2.750000	0.008044	0.015608)
(-2.500000	0.036590	0.015587)
(-2.250000	0.064238	0.015638)
(-2.000000	0.092425	0.015649)
(-1.750000	0.121240	0.015618)
(-1.500000	0.149337	0.015618)
(-1.250000	0.177255	0.015659)
(-1.000000	0.206160	0.015628)
(-0.750000	0.234257	0.015649)
(-0.500000	0.262175	0.015689)
(-0.250000	0.291080	0.015679)
(0.000000	0.319087	0.015720)
(0.250000	0.347274	0.015761)
(0.500000	0.375820	0.015781)
(0.750000	0.403827	0.015842)
(1.000000	0.432553	0.015863)
(1.250000	0.460201	0.015945)
(1.500000	0.488478	0.016016)
(1.750000	0.516934	0.016057)
(2.000000	0.544133	0.016159)
(2.250000	0.572679	0.016230)
(2.500000	0.600686	0.016292)
(2.750000	0.627616	0.016414)
(3.000000	0.656072	0.016475)
(3.250000	0.684349	0.016547)
(3.500000	0.710739	0.016679)
(3.750000	0.738567	0.016751)
(4.000000	0.766574	0.016812)
(4.250000	0.793234	0.016945)
(4.500000	0.820613	0.017037)
(4.750000	0.848800	0.017057)
(5.000000	0.875011	0.017139)
(5.250000	0.901132	0.017200)
(5.500000	0.927344	0.017210)
(5.750000	0.953555	0.017220)
(6.000000	0.979407	0.017241)
(6.250000	1.005079	0.017220)
(6.500000	1.030662	0.017129)
(6.750000	1.053909	0.017057)
(7.000000	1.077247	0.016975)
(7.250000	1.100225	0.016945)
(7.500000	1.122036	0.016965)
(7.750000	1.142859	0.016975)
(8.000000	1.161886	0.017006)
(8.250000	1.179655	0.017067)
(8.500000	1.195809	0.017149)
(8.750000	1.209537	0.017241)
(9.000000	1.220661	0.017363)
(9.250000	1.236366	0.017567)
(9.500000	1.251621	0.018302)
(9.750000	1.261488	0.019394)
(10.000000	1.265787	0.020905)
(10.250000	1.267123	0.022752)
(10.500000	1.265944	0.024926)
(10.750000	1.263867	0.027345)
(11.000000	1.261252	0.029969)
(11.250000	1.258905	0.032714)
(11.500000	1.257457	0.035501)
(11.750000	1.256907	0.038287)
(12.000000	1.257704	0.041033)
(12.250000	1.260207	0.043676)
(12.500000	1.263159	0.046340)
(12.750000	1.267010	0.048973)
(13.000000	1.272297	0.051494)
(13.250000	1.278841	0.053913)
(13.500000	1.286463	0.056251)
(13.750000	1.294803	0.058517)
(14.000000	1.303862	0.060701)
(14.250000	1.314088	0.062722)
(14.500000	1.324764	0.064763)
(14.750000	1.335798	0.066774)
(15.000000	1.349257	0.068376)
(15.250000	1.360292	0.070458)
(15.500000	1.373841	0.072132)
(15.750000	1.386941	0.073919)
(16.000000	1.399771	0.075766)
(16.250000	1.413230	0.077522)
(16.500000	1.425702	0.079471)
(16.750000	1.436736	0.081635)
(17.000000	1.452530	0.083105)
(17.250000	1.457548	0.086218)
(17.500000	1.474419	0.087514)
(17.750000	1.479168	0.090698)
(18.000000	1.482389	0.094118)
(18.250000	1.498273	0.095536)
(18.500000	1.501315	0.099017)
(18.750000	1.496185	0.103804)
(19.000000	1.496982	0.107682)
(19.250000	1.519601	0.107917)
(19.500000	1.510968	0.113388)
(19.750000	1.497846	0.119767)
(20.000000	1.485083	0.126310)
(20.250000	1.471691	0.133189)
(20.500000	1.455694	0.140844)
(20.750000	1.431795	0.150601)
(21.000000	1.392540	0.164676)
(21.250000	1.346011	0.182242)
(26.160714	1.205861	0.263748)
(31.071429	1.112553	0.356819)
(35.982143	1.039780	0.458714)
(40.892857	0.973629	0.566436)
(45.803571	0.906233	0.676811)
(50.714286	0.833118	0.786589)
(55.625000	0.751953	0.892535)
(60.535714	0.661892	0.991524)
(65.446429	0.563193	1.080635)
(70.357143	0.456973	1.157237)
(75.267857	0.345025	1.219061)
(80.178571	0.229675	1.264274)
(85.089286	0.113659	1.291527)
(90.000000	0.000000	1.300000)
(94.910714	-0.079561	1.291527)
(99.821429	-0.160773	1.264274)
(104.732143	-0.241517	1.219061)
(109.642857	-0.319881	1.157237)
(114.553571	-0.394235	1.080635)
(119.464286	-0.463324	0.991524)
(124.375000	-0.526367	0.892535)
(129.285714	-0.583182	0.786589)
(134.196429	-0.634363	0.676811)
(139.107143	-0.681540	0.566436)
(144.017857	-0.727846	0.458714)
(148.928571	-0.778787	0.356819)
(153.839286	-0.844103	0.263748)
(158.750000	-0.942208	0.182242)
(160.267857	-0.874907	0.159773)
(161.785714	-0.807607	0.138704)
(163.303571	-0.740306	0.119095)
(164.821429	-0.673005	0.101000)
(166.339286	-0.605705	0.084471)
(167.857143	-0.538404	0.069555)
(169.375000	-0.471104	0.056293)
(170.892857	-0.403803	0.044723)
(172.410714	-0.336503	0.034877)
(173.928571	-0.269202	0.026783)
(175.446429	-0.201902	0.020464)
(176.964286	-0.134601	0.015938)
(178.482143	-0.067301	0.013217)
(180.000000	0.000000	0.012309)
