// Re = 0.2
(-180.000000	0.000000	0.014587)
(-178.482143	0.068401	0.015494)
(-176.964286	0.136801	0.018213)
(-175.446429	0.205202	0.022735)
(-173.928571	0.273602	0.029048)
(-172.410714	0.342003	0.037135)
(-170.892857	0.410403	0.046972)
(-169.375000	0.478804	0.058532)
(-167.857143	0.547204	0.071782)
(-166.339286	0.615605	0.086685)
(-164.821429	0.684005	0.103198)
(-163.303571	0.752406	0.121276)
(-161.785714	0.820807	0.140868)
(-160.267857	0.889207	0.161917)
(-158.750000	0.957608	0.184365)
(-153.839286	0.855844	0.265793)
(-148.928571	0.787921	0.358770)
(-144.017857	0.735007	0.460558)
(-139.107143	0.687149	0.568158)
(-134.196429	0.638718	0.678399)
(-129.285714	0.586511	0.788031)
(-124.375000	0.528849	0.893821)
(-119.464286	0.465110	0.992644)
(-114.553571	0.395455	1.081582)
(-109.642857	0.320652	1.158002)
(-104.732143	0.241947	1.219640)
(-99.821429	0.160962	1.264662)
(-94.910714	0.079608	1.291722)
(-90.000000	0.000000	1.300000)
(-85.089286	-0.079608	1.291722)
(-80.178571	-0.160962	1.264662)
(-75.267857	-0.241947	1.219640)
(-70.357143	-0.320652	1.158002)
(-65.446429	-0.395455	1.081582)
(-60.535714	-0.465110	0.992644)
(-55.625000	-0.528849	0.893821)
(-50.714286	-0.586511	0.788031)
(-45.803571	-0.638718	0.678399)
(-40.892857	-0.687149	0.568158)
(-35.982143	-0.735007	0.460558)
(-31.071429	-0.787921	0.358770)
(-26.160714	-0.855844	0.265793)
(-21.250000	-0.957608	0.184365)
(-20.089286	-0.906548	0.172244)
(-18.928571	-0.855488	0.160124)
(-17.767857	-0.804429	0.148003)
(-16.607143	-0.753369	0.135882)
(-15.446429	-0.702310	0.123762)
(-14.285714	-0.651250	0.111641)
(-13.125000	-0.600190	0.099520)
(-11.964286	-0.549131	0.087400)
(-10.803571	-0.498071	0.075279)
(-9.642857	-0.447011	0.063159)
(-8.482143	-0.395952	0.051038)
(-7.321429	-0.344892	0.038917)
(-5.000000	-0.242773	0.014676)
(-4.750000	-0.215118	0.014790)
(-4.500000	-0.187198	0.014934)
(-4.250000	-0.159278	0.015027)
(-4.000000	-0.131712	0.015193)
(-3.750000	-0.103968	0.015348)
(-3.500000	-0.075872	0.015451)
(-3.250000	-0.048040	0.015534)
(-3.000000	-0.020209	0.015586)
(-2.750000	0.008065	0.015606)
(-2.500000	0.036603	0.015586)
(-2.250000	0.064258	0.015637)
(-2.000000	0.092443	0.015648)
(-1.750000	0.121246	0.015617)
(-1.500000	0.149343	0.015617)
(-1.250000	0.177263	0.015658)
(-1.000000	0.206154	0.015627)
(-0.750000	0.234251	0.015648)
(-0.500000	0.262171	0.015689)
(-0.250000	0.291063	0.015679)
(0.000000	0.319071	0.015720)
(0.250000	0.347256	0.015761)
(0.500000	0.375794	0.015782)
(0.750000	0.403803	0.015844)
(1.000000	0.432518	0.015865)
(1.250000	0.460172	0.015947)
(1.500000	0.488446	0.016020)
(1.750000	0.516896	0.016061)
(2.000000	0.544109	0.016164)
(2.250000	0.572647	0.016237)
(2.500000	0.600656	0.016299)
(2.750000	0.627604	0.016423)
(3.000000	0.656054	0.016485)
(3.250000	0.684327	0.016557)
(3.500000	0.710745	0.016692)
(3.750000	0.738576	0.016764)
(4.000000	0.766585	0.016826)
(4.250000	0.793268	0.016960)
(4.500000	0.820658	0.017053)
(4.750000	0.848843	0.017074)
(5.000000	0.875084	0.017157)
(5.250000	0.901237	0.017219)
(5.500000	0.927478	0.017229)
(5.750000	0.953719	0.017240)
(6.000000	0.979607	0.017260)
(6.250000	1.005319	0.017240)
(6.500000	1.030941	0.017146)
(6.750000	1.054267	0.017074)
(7.000000	1.077681	0.016991)
(7.250000	1.100742	0.016960)
(7.500000	1.122654	0.016981)
(7.750000	1.143595	0.016991)
(8.000000	1.162768	0.017022)
(8.250000	1.180705	0.017084)
(8.500000	1.197051	0.017167)
(8.750000	1.211012	0.017260)
(9.000000	1.222411	0.017384)
(9.250000	1.238315	0.017591)
(9.500000	1.253778	0.018335)
(9.750000	1.263940	0.019441)
(10.000000	1.268624	0.020971)
(10.250000	1.270393	0.022842)
(10.500000	1.269688	0.025044)
(10.750000	1.268100	0.027494)
(11.000000	1.265981	0.030150)
(11.250000	1.264128	0.032931)
(11.500000	1.263158	0.035753)
(11.750000	1.263071	0.038575)
(12.000000	1.264310	0.041355)
(12.250000	1.267227	0.044033)
(12.500000	1.270587	0.046730)
(12.750000	1.274829	0.049397)
(13.000000	1.280485	0.051951)
(13.250000	1.287378	0.054400)
(13.500000	1.295331	0.056768)
(13.750000	1.303991	0.059062)
(14.000000	1.313358	0.061274)
(14.250000	1.323874	0.063321)
(14.500000	1.334831	0.065388)
(14.750000	1.346141	0.067425)
(15.000000	1.359837	0.069048)
(15.250000	1.371147	0.071156)
(15.500000	1.384932	0.072852)
(15.750000	1.398274	0.074661)
(16.000000	1.411351	0.076532)
(16.250000	1.425047	0.078309)
(16.500000	1.437771	0.080284)
(16.750000	1.449082	0.082475)
(17.000000	1.465075	0.083964)
(17.250000	1.470466	0.087116)
(17.500000	1.487519	0.088429)
(17.750000	1.492645	0.091654)
(18.000000	1.496269	0.095117)
(18.250000	1.512350	0.096554)
(18.500000	1.515798	0.100079)
(18.750000	1.511205	0.104927)
(19.000000	1.512444	0.108855)
(19.250000	1.535151	0.109092)
(19.500000	1.527114	0.114633)
(19.750000	1.514658	0.121094)
(20.000000	1.502557	0.127719)
(20.250000	1.489836	0.134686)
(20.500000	1.474554	0.142439)
(20.750000	1.451497	0.152321)
(21.000000	1.413332	0.166576)
(21.250000	1.368011	0.184365)
(26.160714	1.222634	0.265793)
(31.071429	1.125601	0.358770)
(35.982143	1.050011	0.460558)
(40.892857	0.981642	0.568158)
(45.803571	0.912455	0.678399)
(50.714286	0.837873	0.788031)
(55.625000	0.755498	0.893821)
(60.535714	0.664443	0.992644)
(65.446429	0.564936	1.081582)
(70.357143	0.458074	1.158002)
(75.267857	0.345638	1.219640)
(80.178571	0.229946	1.264662)
(85.089286	0.113726	1.291722)
(90.000000	0.000000	1.300000)
(94.910714	-0.079608	1.291722)
(99.821429	-0.160962	1.264662)
(104.732143	-0.241947	1.219640)
(109.642857	-0.320652	1.158002)
(114.553571	-0.395455	1.081582)
(119.464286	-0.465110	0.992644)
(124.375000	-0.528849	0.893821)
(129.285714	-0.586511	0.788031)
(134.196429	-0.638718	0.678399)
(139.107143	-0.687149	0.568158)
(144.017857	-0.735007	0.460558)
(148.928571	-0.787921	0.358770)
(153.839286	-0.855844	0.265793)
(158.750000	-0.957608	0.184365)
(160.267857	-0.889207	0.161917)
(161.785714	-0.820807	0.140868)
(163.303571	-0.752406	0.121276)
(164.821429	-0.684005	0.103198)
(166.339286	-0.615605	0.086685)
(167.857143	-0.547204	0.071782)
(169.375000	-0.478804	0.058532)
(170.892857	-0.410403	0.046972)
(172.410714	-0.342003	0.037135)
(173.928571	-0.273602	0.029048)
(175.446429	-0.205202	0.022735)
(176.964286	-0.136801	0.018213)
(178.482143	-0.068401	0.015494)
(180.000000	0.000000	0.014587)
