// Re = 0.1
(-180.000000	0.000000	0.003767)
(-178.696429	0.060359	0.004439)
(-177.392857	0.120718	0.006453)
(-176.089286	0.181076	0.009806)
(-174.785714	0.241435	0.014489)
(-173.482143	0.301794	0.020494)
(-172.178571	0.362153	0.027808)
(-170.875000	0.422512	0.036415)
(-169.571429	0.482870	0.046299)
(-168.267857	0.543229	0.057438)
(-166.964286	0.603588	0.069810)
(-165.660714	0.663947	0.083388)
(-164.357143	0.724306	0.098146)
(-163.053571	0.784664	0.114051)
(-161.750000	0.845023	0.131071)
(-156.625000	0.754955	0.208089)
(-151.500000	0.704394	0.299296)
(-146.375000	0.669312	0.401775)
(-141.250000	0.638007	0.512252)
(-136.125000	0.604171	0.627197)
(-131.000000	0.564310	0.742934)
(-125.875000	0.516636	0.855764)
(-120.750000	0.460527	0.962079)
(-115.625000	0.396218	1.058480)
(-110.500000	0.324620	1.141881)
(-105.375000	0.247178	1.209613)
(-100.250000	0.165762	1.259507)
(-95.125000	0.082562	1.289963)
(-90.000000	0.000000	1.300000)
(-84.875000	-0.082562	1.289963)
(-79.750000	-0.165762	1.259507)
(-74.625000	-0.247178	1.209613)
(-69.500000	-0.324620	1.141881)
(-64.375000	-0.396218	1.058480)
(-59.250000	-0.460527	0.962079)
(-54.125000	-0.516636	0.855764)
(-49.000000	-0.564310	0.742934)
(-43.875000	-0.604171	0.627197)
(-38.750000	-0.638007	0.512252)
(-33.625000	-0.669312	0.401775)
(-28.500000	-0.704394	0.299296)
(-23.375000	-0.754955	0.208089)
(-18.250000	-0.845023	0.131071)
(-17.303571	-0.803196	0.123715)
(-16.357143	-0.761370	0.116359)
(-15.410714	-0.719543	0.109004)
(-14.464286	-0.677716	0.101648)
(-13.517857	-0.635889	0.094292)
(-12.571429	-0.594062	0.086936)
(-11.625000	-0.552236	0.079581)
(-10.678571	-0.510409	0.072225)
(-9.732143	-0.468582	0.064869)
(-8.785714	-0.426755	0.057513)
(-7.839286	-0.384928	0.050157)
(-6.892857	-0.343102	0.042802)
(-5.000000	-0.259448	0.028090)
(-4.750000	-0.234089	0.028981)
(-4.500000	-0.211330	0.029436)
(-4.250000	-0.187085	0.030172)
(-4.000000	-0.163398	0.030724)
(-3.750000	-0.139896	0.031063)
(-3.250000	-0.092242	0.031073)
(-3.000000	-0.072548	0.031209)
(-2.750000	-0.052761	0.031305)
(-2.500000	-0.032509	0.031344)
(-2.250000	-0.008636	0.031373)
(-2.000000	0.015795	0.031373)
(-1.750000	0.033910	0.031480)
(-1.500000	0.052583	0.031567)
(-1.000000	0.101537	0.031364)
(-0.750000	0.119095	0.031528)
(-0.500000	0.137211	0.031712)
(-0.250000	0.155234	0.031993)
(0.000000	0.185515	0.031780)
(0.250000	0.201773	0.032138)
(0.500000	0.218217	0.032526)
(1.000000	0.269121	0.032623)
(1.250000	0.283244	0.033194)
(1.500000	0.296902	0.033823)
(2.000000	0.346506	0.034056)
(2.250000	0.359421	0.034801)
(2.500000	0.372151	0.035576)
(2.750000	0.384230	0.036399)
(3.500000	0.444335	0.037581)
(3.750000	0.456600	0.038356)
(4.000000	0.446300	0.040544)
(4.250000	0.477695	0.040147)
(4.500000	0.489403	0.040990)
(4.750000	0.502782	0.041784)
(5.000000	0.515884	0.042510)
(5.250000	0.529820	0.043159)
(5.750000	0.561316	0.044205)
(6.250000	0.621692	0.044757)
(8.000000	0.979546	0.033049)
(8.250000	1.043443	0.029988)
(8.500000	1.077903	0.029020)
(8.750000	1.112363	0.028081)
(9.000000	1.142922	0.027383)
(9.250000	1.170231	0.026831)
(9.500000	1.187790	0.026764)
(9.750000	1.202562	0.026725)
(10.000000	1.208606	0.027170)
(10.250000	1.209820	0.028081)
(10.500000	1.210106	0.029243)
(10.750000	1.207421	0.030850)
(11.000000	1.201299	0.033000)
(11.250000	1.193506	0.035557)
(11.500000	1.185527	0.038375)
(11.750000	1.179312	0.041222)
(12.000000	1.176626	0.043905)
(12.250000	1.177655	0.046355)
(12.500000	1.182863	0.048485)
(12.750000	1.191135	0.050422)
(13.000000	1.202193	0.052184)
(13.250000	1.216780	0.053676)
(13.500000	1.232760	0.055158)
(13.750000	1.248647	0.056726)
(14.000000	1.266577	0.058218)
(14.250000	1.285993	0.059690)
(14.500000	1.307173	0.061142)
(14.750000	1.332903	0.062401)
(15.000000	1.335325	0.065287)
(15.250000	1.354927	0.067108)
(15.500000	1.358370	0.070032)
(15.750000	1.375278	0.072153)
(16.000000	1.366928	0.076046)
(16.250000	1.372321	0.078951)
(16.500000	1.379201	0.081924)
(16.750000	1.361100	0.086854)
(17.000000	1.342720	0.092122)
(17.250000	1.322576	0.097923)
(17.500000	1.298717	0.104547)
(17.750000	1.270123	0.112323)
(18.000000	1.238463	0.121281)
(18.250000	1.207176	0.131071)
(23.375000	1.078507	0.208089)
(28.500000	1.006277	0.299296)
(33.625000	0.956159	0.401775)
(38.750000	0.911439	0.512252)
(43.875000	0.863101	0.627197)
(49.000000	0.806156	0.742934)
(54.125000	0.738052	0.855764)
(59.250000	0.657896	0.962079)
(64.375000	0.566026	1.058480)
(69.500000	0.463743	1.141881)
(74.625000	0.353112	1.209613)
(79.750000	0.236802	1.259507)
(84.875000	0.117946	1.289963)
(90.000000	0.000000	1.300000)
(95.125000	-0.082562	1.289963)
(100.250000	-0.165762	1.259507)
(105.375000	-0.247178	1.209613)
(110.500000	-0.324620	1.141881)
(115.625000	-0.396218	1.058480)
(120.750000	-0.460527	0.962079)
(125.875000	-0.516636	0.855764)
(131.000000	-0.564310	0.742934)
(136.125000	-0.604171	0.627197)
(141.250000	-0.638007	0.512252)
(146.375000	-0.669312	0.401775)
(151.500000	-0.704394	0.299296)
(156.625000	-0.754955	0.208089)
(161.750000	-0.845023	0.131071)
(163.053571	-0.784664	0.114051)
(164.357143	-0.724306	0.098146)
(165.660714	-0.663947	0.083388)
(166.964286	-0.603588	0.069810)
(168.267857	-0.543229	0.057438)
(169.571429	-0.482870	0.046299)
(170.875000	-0.422512	0.036415)
(172.178571	-0.362153	0.027808)
(173.482143	-0.301794	0.020494)
(174.785714	-0.241435	0.014489)
(176.089286	-0.181076	0.009806)
(177.392857	-0.120718	0.006453)
(178.696429	-0.060359	0.004439)
(180.000000	0.000000	0.003767)
