// Re = 0.05
(-180.000000	0.000000	0.026422)
(-177.892857	0.064415	0.028162)
(-175.785714	0.128830	0.033371)
(-173.678571	0.193245	0.042022)
(-171.571429	0.257660	0.054067)
(-169.464286	0.322075	0.069440)
(-167.357143	0.386490	0.088059)
(-165.250000	0.450905	0.109820)
(-163.142857	0.515320	0.134607)
(-161.035714	0.579735	0.162283)
(-158.928571	0.644150	0.192697)
(-156.821429	0.708565	0.225685)
(-154.714286	0.772980	0.261065)
(-152.607143	0.837395	0.298646)
(-150.500000	0.901810	0.338222)
(-146.178571	0.833337	0.424705)
(-141.857143	0.775215	0.516678)
(-137.535714	0.721391	0.612033)
(-133.214286	0.668146	0.708582)
(-128.892857	0.613208	0.804109)
(-124.571429	0.555277	0.896418)
(-120.250000	0.493755	0.983386)
(-115.928571	0.428572	1.063009)
(-111.607143	0.360075	1.133448)
(-107.285714	0.288945	1.193074)
(-102.964286	0.216131	1.240499)
(-98.642857	0.142797	1.274613)
(-94.321429	0.070269	1.294610)
(-90.000000	0.000000	1.300000)
(-85.678571	-0.070269	1.294610)
(-81.357143	-0.142797	1.274613)
(-77.035714	-0.216131	1.240499)
(-72.714286	-0.288945	1.193074)
(-68.392857	-0.360075	1.133448)
(-64.071429	-0.428572	1.063009)
(-59.750000	-0.493755	0.983386)
(-55.428571	-0.555277	0.896418)
(-51.107143	-0.613208	0.804109)
(-46.785714	-0.668146	0.708582)
(-42.464286	-0.721391	0.612033)
(-38.142857	-0.775215	0.516678)
(-33.821429	-0.833337	0.424705)
(-29.500000	-0.901810	0.338222)
(-27.750000	-0.882773	0.317147)
(-26.000000	-0.863736	0.296071)
(-24.250000	-0.844699	0.274996)
(-22.500000	-0.825662	0.253921)
(-20.750000	-0.806625	0.232845)
(-19.000000	-0.787588	0.211770)
(-17.250000	-0.768551	0.190694)
(-15.500000	-0.749515	0.169619)
(-13.750000	-0.730478	0.148544)
(-12.000000	-0.711441	0.127468)
(-10.250000	-0.692404	0.106393)
(-8.500000	-0.673367	0.085318)
(-5.000000	-0.635293	0.043167)
(-4.750000	-0.610123	0.045789)
(-4.500000	-0.585481	0.047913)
(-4.250000	-0.561809	0.049518)
(-4.000000	-0.534789	0.051276)
(-3.750000	-0.513055	0.052008)
(-3.500000	-0.489824	0.052617)
(-3.250000	-0.470382	0.052709)
(-3.000000	-0.447063	0.052922)
(-2.750000	-0.435023	0.052597)
(-2.500000	-0.419812	0.052292)
(-2.250000	-0.402837	0.052079)
(-2.000000	-0.389740	0.051723)
(-1.750000	-0.382019	0.051185)
(-1.500000	-0.363371	0.051032)
(-1.250000	-0.356883	0.050534)
(-1.000000	-0.348281	0.050128)
(-0.750000	-0.337035	0.049874)
(-0.500000	-0.336893	0.049315)
(-0.250000	-0.437921	0.044183)
(0.000000	-0.421916	0.043980)
(0.250000	-0.404853	0.043868)
(0.500000	-0.387967	0.043787)
(0.750000	-0.369935	0.043797)
(1.000000	-0.350758	0.043899)
(1.250000	-0.330170	0.044112)
(1.500000	-0.306674	0.044508)
(1.750000	-0.278860	0.045179)
(2.000000	-0.245583	0.046175)
(2.250000	-0.207722	0.047496)
(2.500000	-0.149945	0.050351)
(2.750000	-0.093578	0.053044)
(3.000000	-0.040736	0.055676)
(3.250000	-0.019796	0.056682)
(3.500000	-0.006875	0.057099)
(3.750000	0.008954	0.057820)
(4.000000	0.031832	0.059101)
(4.250000	0.054182	0.060340)
(4.500000	0.079176	0.061926)
(4.750000	0.112014	0.064293)
(5.000000	0.135245	0.065858)
(5.250000	0.160680	0.067819)
(5.500000	0.192547	0.070370)
(5.750000	0.213840	0.072148)
(6.000000	0.238305	0.074384)
(6.250000	0.267353	0.077006)
(6.750000	0.307911	0.081263)
(7.000000	0.335549	0.084088)
(7.250000	0.354814	0.086303)
(7.500000	0.372318	0.088549)
(7.750000	0.390702	0.090968)
(8.000000	0.409791	0.093508)
(8.250000	0.428793	0.096099)
(8.500000	0.447089	0.098701)
(8.750000	0.464328	0.101282)
(9.000000	0.481302	0.103873)
(9.250000	0.500039	0.106535)
(9.500000	0.521948	0.109391)
(9.750000	0.532666	0.111769)
(10.000000	0.552196	0.114126)
(10.250000	0.652714	0.104899)
(10.500000	0.680528	0.105275)
(10.750000	0.706668	0.105479)
(11.250000	0.745375	0.106769)
(11.500000	0.776979	0.105184)
(12.000000	1.095666	0.053420)
(12.250000	1.110085	0.054609)
(12.500000	1.122124	0.056540)
(12.750000	1.140068	0.058328)
(13.000000	1.153693	0.060716)
(13.250000	1.170932	0.063053)
(13.500000	1.188876	0.065513)
(13.750000	1.201532	0.068460)
(14.000000	1.187221	0.073144)
(14.500000	1.182923	0.081497)
(14.750000	1.149400	0.088803)
(15.000000	1.128480	0.095551)
(15.500000	0.835654	0.174212)
(16.750000	0.830019	0.203153)
(17.000000	0.840472	0.206465)
(17.250000	0.851806	0.209839)
(17.500000	0.864022	0.213345)
(17.750000	0.873505	0.216312)
(18.000000	0.880169	0.218863)
(18.250000	0.887802	0.221617)
(18.500000	0.896845	0.224574)
(18.750000	0.907650	0.227835)
(19.000000	0.921011	0.231412)
(19.250000	0.929173	0.233943)
(19.500000	0.935748	0.236321)
(19.750000	0.944879	0.239257)
(20.000000	0.957976	0.242844)
(20.250000	0.966666	0.245375)
(20.500000	0.973242	0.247671)
(20.750000	0.984047	0.250892)
(21.000000	0.996175	0.254144)
(21.250000	1.001604	0.256024)
(21.500000	1.012498	0.259286)
(21.750000	1.022863	0.262070)
(22.000000	1.029262	0.264204)
(22.250000	1.042975	0.268137)
(22.500000	1.048405	0.269651)
(22.750000	1.058241	0.272669)
(23.000000	1.067901	0.275250)
(23.250000	1.075446	0.277668)
(23.500000	1.087221	0.280900)
(23.750000	1.093267	0.282739)
(24.000000	1.106012	0.286418)
(24.250000	1.111177	0.287850)
(24.500000	1.123657	0.291519)
(24.750000	1.128910	0.292921)
(25.000000	1.140597	0.296264)
(25.250000	1.146644	0.297971)
(25.500000	1.156920	0.300807)
(25.750000	1.164377	0.303123)
(26.000000	1.173155	0.305379)
(26.250000	1.182727	0.308387)
(26.500000	1.189655	0.310064)
(26.750000	1.201694	0.314139)
(27.000000	1.206419	0.314870)
(27.250000	1.215902	0.317492)
(27.500000	1.223888	0.319931)
(27.750000	1.231344	0.321801)
(28.000000	1.242238	0.325408)
(28.250000	1.247580	0.326506)
(28.500000	1.256006	0.328741)
(28.750000	1.265401	0.331881)
(29.000000	1.271448	0.333141)
(29.250000	1.280050	0.335519)
(29.500000	1.288300	0.338222)
(33.821429	1.190481	0.424705)
(38.142857	1.107450	0.516678)
(42.464286	1.030559	0.612033)
(46.785714	0.954495	0.708582)
(51.107143	0.876011	0.804109)
(55.428571	0.793253	0.896418)
(59.750000	0.705364	0.983386)
(64.071429	0.612245	1.063009)
(68.392857	0.514393	1.133448)
(72.714286	0.412779	1.193074)
(77.035714	0.308759	1.240499)
(81.357143	0.203995	1.274613)
(85.678571	0.100385	1.294610)
(90.000000	0.000000	1.300000)
(94.321429	-0.070269	1.294610)
(98.642857	-0.142797	1.274613)
(102.964286	-0.216131	1.240499)
(107.285714	-0.288945	1.193074)
(111.607143	-0.360075	1.133448)
(115.928571	-0.428572	1.063009)
(120.250000	-0.493755	0.983386)
(124.571429	-0.555277	0.896418)
(128.892857	-0.613208	0.804109)
(133.214286	-0.668146	0.708582)
(137.535714	-0.721391	0.612033)
(141.857143	-0.775215	0.516678)
(146.178571	-0.833337	0.424705)
(150.500000	-0.901810	0.338222)
(152.607143	-0.837395	0.298646)
(154.714286	-0.772980	0.261065)
(156.821429	-0.708565	0.225685)
(158.928571	-0.644150	0.192697)
(161.035714	-0.579735	0.162283)
(163.142857	-0.515320	0.134607)
(165.250000	-0.450905	0.109820)
(167.357143	-0.386490	0.088059)
(169.464286	-0.322075	0.069440)
(171.571429	-0.257660	0.054067)
(173.678571	-0.193245	0.042022)
(175.785714	-0.128830	0.033371)
(177.892857	-0.064415	0.028162)
(180.000000	0.000000	0.026422)
