// Re = 0.07
(-180.000000	0.000000	0.237837)
(-177.857143	0.070535	0.239488)
(-175.714286	0.141069	0.244432)
(-173.571429	0.211603	0.252639)
(-171.428571	0.282138	0.264058)
(-169.285714	0.352672	0.278623)
(-167.142857	0.423207	0.296244)
(-165.000000	0.493741	0.316817)
(-162.857143	0.564276	0.340215)
(-160.714286	0.634810	0.366300)
(-158.571429	0.705345	0.394913)
(-156.428571	0.775879	0.425880)
(-154.285714	0.846414	0.459015)
(-152.142857	0.916948	0.494117)
(-150.000000	0.987483	0.530973)
(-145.714286	0.902997	0.609039)
(-141.428571	0.831460	0.691310)
(-137.142857	0.766290	0.775772)
(-132.857143	0.703412	0.860345)
(-128.571429	0.640305	0.942928)
(-124.285714	0.575494	1.021450)
(-120.000000	0.508249	1.093919)
(-115.714286	0.438399	1.158462)
(-111.428571	0.366206	1.213375)
(-107.142857	0.292281	1.257159)
(-102.857143	0.217511	1.288554)
(-98.571429	0.143001	1.306570)
(-94.285714	0.070030	1.310514)
(-90.000000	0.000000	1.300000)
(-85.714286	-0.070030	1.310514)
(-81.428571	-0.143001	1.306570)
(-77.142857	-0.217511	1.288554)
(-72.857143	-0.292281	1.257159)
(-68.571429	-0.366206	1.213375)
(-64.285714	-0.438399	1.158462)
(-60.000000	-0.508249	1.093919)
(-55.714286	-0.575494	1.021450)
(-51.428571	-0.640305	0.942928)
(-47.142857	-0.703412	0.860345)
(-42.857143	-0.766290	0.775772)
(-38.571429	-0.831460	0.691310)
(-34.285714	-0.902997	0.609039)
(-30.000000	-0.987483	0.530973)
(-28.214286	-0.947452	0.495561)
(-26.428571	-0.907421	0.460150)
(-24.642857	-0.867391	0.424738)
(-22.857143	-0.827360	0.389326)
(-21.071429	-0.787329	0.353915)
(-19.285714	-0.747298	0.318503)
(-17.500000	-0.707267	0.283091)
(-15.714286	-0.667237	0.247680)
(-13.928571	-0.627206	0.212268)
(-12.142857	-0.587175	0.176857)
(-10.357143	-0.547144	0.141445)
(-8.571429	-0.507114	0.106033)
(-5.000000	-0.427052	0.035210)
(-4.750000	-0.405093	0.037415)
(-4.500000	-0.382305	0.039412)
(-4.250000	-0.360492	0.040951)
(-4.000000	-0.342918	0.041780)
(-3.750000	-0.324760	0.042800)
(-3.500000	-0.307819	0.043304)
(-3.250000	-0.292194	0.043304)
(-3.000000	-0.273597	0.043777)
(-2.750000	-0.253440	0.043881)
(-2.500000	-0.238157	0.043659)
(-2.250000	-0.224432	0.043762)
(-2.000000	-0.209587	0.043792)
(-1.750000	-0.192207	0.043733)
(-1.500000	-0.173220	0.043599)
(-1.250000	-0.160616	0.043585)
(-1.000000	-0.144845	0.043733)
(-0.750000	-0.123958	0.043851)
(-0.500000	-0.110477	0.044103)
(-0.250000	-0.094998	0.044398)
(0.000000	-0.074013	0.044650)
(0.250000	-0.060484	0.045123)
(0.500000	-0.044128	0.045597)
(0.750000	-0.022510	0.046011)
(1.000000	-0.010539	0.046721)
(1.250000	0.007571	0.047343)
(1.500000	0.025486	0.048024)
(1.750000	0.039844	0.048897)
(2.000000	0.059708	0.049622)
(2.250000	0.073530	0.050554)
(2.500000	0.089399	0.051486)
(2.750000	0.109896	0.052329)
(3.000000	0.121964	0.053483)
(3.250000	0.138954	0.054519)
(3.500000	0.158330	0.055481)
(3.750000	0.179267	0.056457)
(4.000000	0.196207	0.057981)
(4.250000	0.225134	0.059328)
(4.500000	0.250602	0.061459)
(4.750000	0.276654	0.063486)
(5.000000	0.293497	0.064921)
(5.250000	0.316382	0.066400)
(5.500000	0.339559	0.068028)
(5.750000	0.358595	0.070203)
(6.000000	0.385671	0.071564)
(6.250000	0.404463	0.073858)
(6.500000	0.430125	0.075293)
(6.750000	0.449405	0.077498)
(7.000000	0.476431	0.078504)
(7.250000	0.493762	0.080886)
(7.500000	0.520545	0.081567)
(7.750000	0.539239	0.083535)
(8.000000	0.558227	0.085354)
(8.250000	0.586520	0.084999)
(8.500000	0.603461	0.086967)
(8.750000	0.622448	0.088314)
(9.000000	0.653519	0.086168)
(9.500000	0.693832	0.086657)
(9.750000	0.718081	0.085059)
(10.000000	0.758605	0.076743)
(10.250000	0.820129	0.058544)
(10.500000	0.890132	0.039782)
(10.750000	0.913748	0.036793)
(11.000000	0.925767	0.037281)
(11.250000	0.936714	0.038450)
(11.500000	0.945030	0.040921)
(11.750000	0.951885	0.044398)
(12.000000	0.960542	0.047861)
(12.250000	0.971782	0.051012)
(12.500000	0.984727	0.054031)
(12.750000	1.001472	0.056428)
(13.000000	1.018851	0.058958)
(13.250000	1.039885	0.061029)
(13.500000	1.055023	0.064359)
(13.750000	1.072840	0.067377)
(14.000000	1.090512	0.070603)
(14.250000	1.105601	0.074390)
(14.500000	1.121713	0.078178)
(14.750000	1.141382	0.081611)
(15.000000	1.141658	0.087885)
(15.250000	1.146564	0.093744)
(15.500000	1.159411	0.098434)
(15.750000	1.155741	0.106291)
(16.000000	1.150901	0.115021)
(16.250000	1.144405	0.124890)
(16.500000	1.136495	0.136150)
(16.750000	1.128099	0.148845)
(17.750000	0.904628	0.287027)
(18.000000	0.915040	0.291333)
(18.250000	0.928910	0.296319)
(18.500000	0.936691	0.299752)
(18.750000	0.945494	0.303954)
(19.000000	0.957465	0.308600)
(19.250000	0.968509	0.312861)
(19.500000	0.976728	0.317019)
(19.750000	0.988601	0.321754)
(20.000000	0.999256	0.326015)
(20.250000	1.008011	0.330469)
(20.500000	1.021540	0.335662)
(20.750000	1.029467	0.339509)
(21.000000	1.040170	0.344333)
(21.250000	1.051459	0.348875)
(21.500000	1.060555	0.353595)
(21.750000	1.073500	0.358567)
(22.000000	1.081475	0.363021)
(22.250000	1.094956	0.368451)
(22.500000	1.102541	0.372638)
(22.750000	1.115242	0.377965)
(23.000000	1.123510	0.382418)
(23.250000	1.136016	0.387819)
(23.500000	1.144430	0.392302)
(23.750000	1.157131	0.397747)
(24.000000	1.165253	0.402393)
(24.250000	1.177564	0.407646)
(24.500000	1.186124	0.412603)
(24.750000	1.197558	0.417722)
(25.000000	1.207093	0.423034)
(25.250000	1.217699	0.428020)
(25.500000	1.228305	0.433406)
(25.750000	1.237986	0.438555)
(26.250000	1.258565	0.449209)
(26.500000	1.269415	0.454402)
(26.750000	1.279436	0.459980)
(27.000000	1.289360	0.465218)
(27.500000	1.309696	0.476138)
(27.750000	1.320156	0.481435)
(28.000000	1.330567	0.487013)
(28.250000	1.340052	0.492502)
(28.500000	1.350659	0.497829)
(28.750000	1.360534	0.503570)
(29.000000	1.370263	0.509015)
(29.250000	1.380869	0.514386)
(29.500000	1.390452	0.520171)
(29.750000	1.400230	0.525661)
(30.000000	1.410690	0.530973)
(34.285714	1.289995	0.609039)
(38.571429	1.187800	0.691310)
(42.857143	1.094700	0.775772)
(47.142857	1.004874	0.860345)
(51.428571	0.914721	0.942928)
(55.714286	0.822135	1.021450)
(60.000000	0.726071	1.093919)
(64.285714	0.626284	1.158462)
(68.571429	0.523151	1.213375)
(72.857143	0.417544	1.257159)
(77.142857	0.310729	1.288554)
(81.428571	0.204287	1.306570)
(85.714286	0.100043	1.310514)
(90.000000	0.000000	1.300000)
(94.285714	-0.070030	1.310514)
(98.571429	-0.143001	1.306570)
(102.857143	-0.217511	1.288554)
(107.142857	-0.292281	1.257159)
(111.428571	-0.366206	1.213375)
(115.714286	-0.438399	1.158462)
(120.000000	-0.508249	1.093919)
(124.285714	-0.575494	1.021450)
(128.571429	-0.640305	0.942928)
(132.857143	-0.703412	0.860345)
(137.142857	-0.766290	0.775772)
(141.428571	-0.831460	0.691310)
(145.714286	-0.902997	0.609039)
(150.000000	-0.987483	0.530973)
(152.142857	-0.916948	0.494117)
(154.285714	-0.846414	0.459015)
(156.428571	-0.775879	0.425880)
(158.571429	-0.705345	0.394913)
(160.714286	-0.634810	0.366300)
(162.857143	-0.564276	0.340215)
(165.000000	-0.493741	0.316817)
(167.142857	-0.423207	0.296244)
(169.285714	-0.352672	0.278623)
(171.428571	-0.282138	0.264058)
(173.571429	-0.211603	0.252639)
(175.714286	-0.141069	0.244432)
(177.857143	-0.070535	0.239488)
(180.000000	0.000000	0.237837)
