// Re = 0.07
(-180.000000	0.000000	0.094664)
(-177.857143	0.053749	0.096415)
(-175.714286	0.107499	0.101659)
(-173.571429	0.161248	0.110365)
(-171.428571	0.214998	0.122484)
(-169.285714	0.268747	0.137945)
(-167.142857	0.322496	0.156660)
(-165.000000	0.376246	0.178521)
(-162.857143	0.429995	0.203403)
(-160.714286	0.483745	0.231161)
(-158.571429	0.537494	0.261636)
(-156.428571	0.591243	0.294653)
(-154.285714	0.644993	0.330020)
(-152.142857	0.698742	0.367535)
(-150.000000	0.752492	0.406981)
(-145.714286	0.713144	0.490743)
(-141.428571	0.677872	0.579372)
(-137.142857	0.642521	0.670819)
(-132.857143	0.604542	0.762962)
(-128.571429	0.562410	0.853660)
(-124.285714	0.515326	0.940798)
(-120.000000	0.463025	1.022332)
(-115.714286	0.405665	1.096341)
(-111.428571	0.343743	1.161068)
(-107.142857	0.278037	1.214958)
(-102.857143	0.209554	1.256694)
(-98.571429	0.139482	1.285231)
(-94.285714	0.069153	1.299814)
(-90.000000	0.000000	1.300000)
(-85.714286	-0.069153	1.299814)
(-81.428571	-0.139482	1.285231)
(-77.142857	-0.209554	1.256694)
(-72.857143	-0.278037	1.214958)
(-68.571429	-0.343743	1.161068)
(-64.285714	-0.405665	1.096341)
(-60.000000	-0.463025	1.022332)
(-55.714286	-0.515326	0.940798)
(-51.428571	-0.562410	0.853660)
(-47.142857	-0.604542	0.762962)
(-42.857143	-0.642521	0.670819)
(-38.571429	-0.677872	0.579372)
(-34.285714	-0.713144	0.490743)
(-30.000000	-0.752492	0.406981)
(-28.214286	-0.729675	0.380598)
(-26.428571	-0.706858	0.354215)
(-24.642857	-0.684042	0.327832)
(-22.857143	-0.661225	0.301448)
(-21.071429	-0.638408	0.275065)
(-19.285714	-0.615591	0.248682)
(-17.500000	-0.592775	0.222299)
(-15.714286	-0.569958	0.195916)
(-13.928571	-0.547141	0.169533)
(-12.142857	-0.524325	0.143150)
(-10.357143	-0.501508	0.116766)
(-8.571429	-0.478691	0.090383)
(-5.000000	-0.433058	0.037617)
(-4.750000	-0.408308	0.039259)
(-4.500000	-0.382247	0.040748)
(-4.250000	-0.357729	0.041894)
(-4.000000	-0.339919	0.042511)
(-3.750000	-0.321184	0.043272)
(-3.500000	-0.304376	0.043647)
(-3.250000	-0.289651	0.043647)
(-3.000000	-0.270222	0.044000)
(-2.750000	-0.248325	0.044077)
(-2.500000	-0.234139	0.043911)
(-2.250000	-0.222421	0.043989)
(-2.000000	-0.208930	0.044011)
(-1.750000	-0.191428	0.043967)
(-1.500000	-0.171382	0.043867)
(-1.250000	-0.161438	0.043856)
(-1.000000	-0.146481	0.043967)
(-0.750000	-0.123428	0.044055)
(-0.500000	-0.112095	0.044242)
(-0.250000	-0.097601	0.044463)
(0.000000	-0.074394	0.044650)
(0.250000	-0.062984	0.045003)
(0.500000	-0.047102	0.045356)
(0.750000	-0.022892	0.045664)
(1.000000	-0.013950	0.046193)
(1.250000	0.004708	0.046656)
(1.500000	0.023058	0.047163)
(1.750000	0.035778	0.047814)
(2.000000	0.057212	0.048354)
(2.250000	0.069085	0.049049)
(2.500000	0.084196	0.049743)
(2.750000	0.106632	0.050371)
(3.000000	0.115728	0.051231)
(3.250000	0.132613	0.052003)
(3.500000	0.153276	0.052719)
(3.750000	0.176406	0.053447)
(4.000000	0.193214	0.054582)
(4.250000	0.228990	0.055586)
(4.500000	0.259292	0.057173)
(4.750000	0.290520	0.058683)
(5.000000	0.307173	0.059753)
(5.250000	0.333388	0.060855)
(5.500000	0.360065	0.062068)
(5.750000	0.380189	0.063688)
(6.000000	0.413035	0.064702)
(6.250000	0.432773	0.066411)
(6.500000	0.463383	0.067480)
(6.750000	0.483892	0.069123)
(7.000000	0.516661	0.069873)
(7.250000	0.534086	0.071647)
(7.500000	0.566470	0.072154)
(7.750000	0.586053	0.073621)
(8.000000	0.606099	0.074977)
(8.250000	0.640873	0.074712)
(8.500000	0.657681	0.076178)
(8.750000	0.677727	0.077181)
(9.000000	0.716897	0.075583)
(9.500000	0.760690	0.075947)
(9.750000	0.789064	0.074756)
(10.000000	0.843193	0.068561)
(10.250000	0.930558	0.055001)
(10.500000	1.031340	0.041023)
(10.750000	1.058711	0.038796)
(11.000000	1.067730	0.039160)
(11.250000	1.075053	0.040031)
(11.500000	1.078212	0.041872)
(11.750000	1.079057	0.044463)
(12.000000	1.082755	0.047042)
(12.250000	1.090541	0.049390)
(12.500000	1.101025	0.051639)
(12.750000	1.117524	0.053425)
(13.000000	1.135025	0.055310)
(13.250000	1.158310	0.056853)
(13.500000	1.172264	0.059334)
(13.750000	1.190460	0.061583)
(14.000000	1.208424	0.063986)
(14.250000	1.222301	0.066808)
(14.500000	1.237797	0.069630)
(14.750000	1.258923	0.072188)
(15.000000	1.249358	0.076862)
(15.250000	1.247119	0.081227)
(15.500000	1.257449	0.084722)
(15.750000	1.241638	0.090575)
(16.000000	1.223977	0.097079)
(16.250000	1.203694	0.104432)
(16.500000	1.181174	0.112821)
(16.750000	1.157884	0.122280)
(17.750000	0.764218	0.225231)
(18.000000	0.770692	0.228439)
(18.250000	0.782641	0.232154)
(18.500000	0.784952	0.234712)
(18.750000	0.788881	0.237843)
(19.000000	0.797823	0.241304)
(19.250000	0.805300	0.244479)
(19.500000	0.808305	0.247577)
(19.750000	0.817093	0.251104)
(20.000000	0.823953	0.254279)
(20.250000	0.827805	0.257597)
(20.500000	0.839215	0.261467)
(20.750000	0.841757	0.264333)
(21.000000	0.848694	0.267927)
(21.250000	0.856556	0.271311)
(21.500000	0.860948	0.274828)
(21.750000	0.871433	0.278532)
(22.000000	0.874052	0.281850)
(22.250000	0.885384	0.285895)
(22.500000	0.887386	0.289015)
(22.750000	0.897485	0.292984)
(23.000000	0.900566	0.296302)
(23.250000	0.910356	0.300326)
(23.500000	0.913669	0.303666)
(23.750000	0.923768	0.307723)
(24.000000	0.926618	0.311184)
(24.250000	0.936100	0.315098)
(24.500000	0.939644	0.318791)
(24.750000	0.947738	0.322605)
(25.000000	0.952824	0.326562)
(25.250000	0.959607	0.330277)
(25.500000	0.966390	0.334290)
(25.750000	0.971708	0.338126)
(26.250000	0.984271	0.346063)
(26.500000	0.991440	0.349933)
(26.750000	0.997297	0.354089)
(27.000000	1.003001	0.357991)
(27.500000	1.015178	0.366127)
(27.750000	1.021730	0.370073)
(28.000000	1.028204	0.374229)
(28.250000	1.033214	0.378319)
(28.500000	1.039996	0.382288)
(28.750000	1.045623	0.386565)
(29.000000	1.051018	0.390622)
(29.250000	1.057800	0.394623)
(29.500000	1.062964	0.398934)
(29.750000	1.068436	0.403024)
(30.000000	1.074988	0.406981)
(34.285714	1.018777	0.490743)
(38.571429	0.968388	0.579372)
(42.857143	0.917888	0.670819)
(47.142857	0.863631	0.762962)
(51.428571	0.803443	0.853660)
(55.714286	0.736180	0.940798)
(60.000000	0.661465	1.022332)
(64.285714	0.579521	1.096341)
(68.571429	0.491061	1.161068)
(72.857143	0.397196	1.214958)
(77.142857	0.299363	1.256694)
(81.428571	0.199260	1.285231)
(85.714286	0.098789	1.299814)
(90.000000	0.000000	1.300000)
(94.285714	-0.069153	1.299814)
(98.571429	-0.139482	1.285231)
(102.857143	-0.209554	1.256694)
(107.142857	-0.278037	1.214958)
(111.428571	-0.343743	1.161068)
(115.714286	-0.405665	1.096341)
(120.000000	-0.463025	1.022332)
(124.285714	-0.515326	0.940798)
(128.571429	-0.562410	0.853660)
(132.857143	-0.604542	0.762962)
(137.142857	-0.642521	0.670819)
(141.428571	-0.677872	0.579372)
(145.714286	-0.713144	0.490743)
(150.000000	-0.752492	0.406981)
(152.142857	-0.698742	0.367535)
(154.285714	-0.644993	0.330020)
(156.428571	-0.591243	0.294653)
(158.571429	-0.537494	0.261636)
(160.714286	-0.483745	0.231161)
(162.857143	-0.429995	0.203403)
(165.000000	-0.376246	0.178521)
(167.142857	-0.322496	0.156660)
(169.285714	-0.268747	0.137945)
(171.428571	-0.214998	0.122484)
(173.571429	-0.161248	0.110365)
(175.714286	-0.107499	0.101659)
(177.857143	-0.053749	0.096415)
(180.000000	0.000000	0.094664)
