// Re = 0.08
(-180.000000	0.000000	0.063279)
(-178.535714	0.053640	0.064107)
(-177.071429	0.107280	0.066589)
(-175.607143	0.160920	0.070719)
(-174.142857	0.214560	0.076486)
(-172.678571	0.268200	0.083874)
(-171.214286	0.321840	0.092864)
(-169.750000	0.375480	0.103432)
(-168.285714	0.429120	0.115549)
(-166.821429	0.482760	0.129183)
(-165.357143	0.536400	0.144299)
(-163.892857	0.590040	0.160855)
(-162.428571	0.643680	0.178808)
(-160.964286	0.697320	0.198110)
(-159.500000	0.750960	0.218710)
(-154.535714	0.695651	0.297444)
(-149.571429	0.662527	0.388020)
(-144.607143	0.636877	0.487668)
(-139.642857	0.610990	0.593337)
(-134.678571	0.580541	0.701786)
(-129.714286	0.543131	0.809682)
(-124.750000	0.497600	0.913703)
(-119.785714	0.443680	1.010636)
(-114.821429	0.381786	1.097471)
(-109.857143	0.312882	1.171500)
(-104.892857	0.238369	1.230391)
(-99.928571	0.160003	1.272263)
(-94.964286	0.079809	1.295741)
(-90.000000	0.000000	1.300000)
(-85.035714	-0.079809	1.295741)
(-80.071429	-0.160003	1.272263)
(-75.107143	-0.238369	1.230391)
(-70.142857	-0.312882	1.171500)
(-65.178571	-0.381786	1.097471)
(-60.214286	-0.443680	1.010636)
(-55.250000	-0.497600	0.913703)
(-50.285714	-0.543131	0.809682)
(-45.321429	-0.580541	0.701786)
(-40.357143	-0.610990	0.593337)
(-35.392857	-0.636877	0.487668)
(-30.428571	-0.662527	0.388020)
(-25.464286	-0.695651	0.297444)
(-20.500000	-0.750960	0.218710)
(-19.392857	-0.726149	0.207244)
(-18.285714	-0.701337	0.195777)
(-17.178571	-0.676526	0.184311)
(-16.071429	-0.651714	0.172844)
(-14.964286	-0.626903	0.161378)
(-13.857143	-0.602091	0.149911)
(-12.750000	-0.577280	0.138445)
(-11.642857	-0.552469	0.126979)
(-10.535714	-0.527657	0.115512)
(-9.428571	-0.502846	0.104046)
(-8.321429	-0.478034	0.092579)
(-7.214286	-0.453223	0.081113)
(-5.000000	-0.403600	0.058180)
(-4.750000	-0.371000	0.060110)
(-4.500000	-0.382300	0.060890)
(-4.250000	-0.354300	0.062450)
(-3.750000	-0.352800	0.064150)
(-3.500000	-0.342300	0.064990)
(-3.250000	-0.347300	0.065620)
(-3.000000	-0.343300	0.066260)
(-2.750000	-0.339600	0.066890)
(-2.500000	-0.341600	0.067540)
(-2.250000	-0.331300	0.068310)
(-1.500000	-0.380900	0.070640)
(-1.250000	-0.360200	0.071390)
(-1.000000	-0.343400	0.071700)
(-0.750000	-0.330200	0.071870)
(-0.500000	-0.300200	0.072760)
(-0.250000	-0.290100	0.072770)
(0.000000	-0.276000	0.073340)
(0.500000	-0.230700	0.074100)
(0.750000	-0.210300	0.075060)
(1.000000	-0.188800	0.075430)
(1.250000	-0.173800	0.075910)
(1.500000	-0.141300	0.077110)
(1.750000	-0.122500	0.077460)
(2.000000	-0.111400	0.078130)
(2.250000	-0.074900	0.079430)
(2.500000	-0.065700	0.079910)
(2.750000	-0.043700	0.080890)
(3.000000	-0.015300	0.082190)
(3.250000	0.000200	0.082970)
(3.500000	0.016200	0.084000)
(3.750000	0.048600	0.085530)
(4.000000	0.061700	0.086410)
(4.250000	0.078100	0.087600)
(4.500000	0.113700	0.089440)
(4.750000	0.122200	0.090280)
(5.000000	0.141000	0.091710)
(5.250000	0.162900	0.093250)
(5.500000	0.184500	0.094680)
(5.750000	0.195900	0.095910)
(6.000000	0.212700	0.097470)
(6.250000	0.245800	0.099520)
(6.500000	0.253200	0.100610)
(6.750000	0.267500	0.102200)
(7.000000	0.284200	0.103900)
(7.250000	0.310700	0.105730)
(7.500000	0.322100	0.107230)
(7.750000	0.335800	0.108950)
(8.000000	0.348900	0.110620)
(8.250000	0.377700	0.112670)
(8.500000	0.387900	0.114220)
(8.750000	0.399800	0.115980)
(9.000000	0.412000	0.117790)
(9.250000	0.427400	0.119650)
(9.500000	0.453000	0.121690)
(9.750000	0.461600	0.123290)
(10.000000	0.471300	0.125040)
(10.250000	0.482100	0.126870)
(10.500000	0.493900	0.128650)
(10.750000	0.516400	0.130590)
(11.000000	0.525500	0.132060)
(11.250000	0.532000	0.133580)
(11.500000	0.537900	0.135010)
(11.750000	0.544600	0.136290)
(12.000000	0.559200	0.137390)
(12.250000	0.582000	0.140180)
(12.500000	0.604600	0.142950)
(12.750000	0.627300	0.145700)
(13.250000	0.674900	0.151140)
(13.500000	0.702300	0.153870)
(13.750000	0.716400	0.156570)
(14.000000	0.728800	0.159180)
(14.250000	0.747100	0.161610)
(14.500000	0.776800	0.163740)
(14.750000	0.787500	0.166400)
(15.000000	0.858400	0.158860)
(15.250000	0.885100	0.159850)
(15.500000	0.903900	0.161590)
(15.750000	0.910500	0.164530)
(16.000000	0.921200	0.167090)
(16.250000	0.932800	0.169510)
(16.500000	0.944600	0.171910)
(16.750000	0.956300	0.174300)
(17.000000	0.968000	0.176690)
(17.250000	0.980100	0.179040)
(17.500000	0.992800	0.181220)
(17.750000	1.006600	0.183260)
(18.000000	1.021800	0.185000)
(18.250000	1.025200	0.188420)
(18.500000	0.976900	0.202920)
(18.750000	0.988600	0.205100)
(19.000000	1.002600	0.207990)
(19.250000	1.047100	0.201210)
(19.500000	1.059500	0.203360)
(19.750000	1.051700	0.208920)
(20.000000	1.051700	0.213680)
(20.250000	1.073300	0.213760)
(20.500000	1.072800	0.218710)
(25.464286	0.993786	0.297444)
(30.428571	0.946467	0.388020)
(35.392857	0.909825	0.487668)
(40.357143	0.872842	0.593337)
(45.321429	0.829345	0.701786)
(50.285714	0.775901	0.809682)
(55.250000	0.710857	0.913703)
(60.214286	0.633828	1.010636)
(65.178571	0.545409	1.097471)
(70.142857	0.446974	1.171500)
(75.107143	0.340527	1.230391)
(80.071429	0.228576	1.272263)
(85.035714	0.114012	1.295741)
(90.000000	0.000000	1.300000)
(94.964286	-0.079809	1.295741)
(99.928571	-0.160003	1.272263)
(104.892857	-0.238369	1.230391)
(109.857143	-0.312882	1.171500)
(114.821429	-0.381786	1.097471)
(119.785714	-0.443680	1.010636)
(124.750000	-0.497600	0.913703)
(129.714286	-0.543131	0.809682)
(134.678571	-0.580541	0.701786)
(139.642857	-0.610990	0.593337)
(144.607143	-0.636877	0.487668)
(149.571429	-0.662527	0.388020)
(154.535714	-0.695651	0.297444)
(159.500000	-0.750960	0.218710)
(160.964286	-0.697320	0.198110)
(162.428571	-0.643680	0.178808)
(163.892857	-0.590040	0.160855)
(165.357143	-0.536400	0.144299)
(166.821429	-0.482760	0.129183)
(168.285714	-0.429120	0.115549)
(169.750000	-0.375480	0.103432)
(171.214286	-0.321840	0.092864)
(172.678571	-0.268200	0.083874)
(174.142857	-0.214560	0.076486)
(175.607143	-0.160920	0.070719)
(177.071429	-0.107280	0.066589)
(178.535714	-0.053640	0.064107)
(180.000000	0.000000	0.063279)
