// Re = 0.1
(-180.000000	0.000000	0.001000)
(-178.589286	0.067700	0.001000)
(-177.178571	0.135400	0.001000)
(-175.767857	0.203100	0.004787)
(-174.357143	0.270800	0.010281)
(-172.946429	0.338500	0.017321)
(-171.535714	0.406200	0.025891)
(-170.125000	0.473900	0.035970)
(-168.714286	0.541600	0.047534)
(-167.303571	0.609300	0.060554)
(-165.892857	0.677000	0.074999)
(-164.482143	0.744700	0.090835)
(-163.071429	0.812400	0.108021)
(-161.660714	0.880100	0.126518)
(-160.250000	0.947800	0.146280)
(-155.232143	0.840453	0.226079)
(-150.214286	0.773159	0.318803)
(-145.196429	0.723169	0.421616)
(-140.178571	0.678937	0.531375)
(-135.160714	0.634088	0.644723)
(-130.142857	0.585033	0.758196)
(-125.125000	0.529891	0.868323)
(-120.107143	0.467942	0.971739)
(-115.089286	0.399323	1.065283)
(-110.071429	0.324831	1.146097)
(-105.053571	0.245781	1.211711)
(-100.035714	0.163898	1.260122)
(-95.017857	0.081218	1.289853)
(-90.000000	0.000000	1.300000)
(-84.982143	-0.081218	1.289853)
(-79.964286	-0.163898	1.260122)
(-74.946429	-0.245781	1.211711)
(-69.928571	-0.324831	1.146097)
(-64.910714	-0.399323	1.065283)
(-59.892857	-0.467942	0.971739)
(-54.875000	-0.529891	0.868323)
(-49.857143	-0.585033	0.758196)
(-44.839286	-0.634088	0.644723)
(-39.821429	-0.678937	0.531375)
(-34.803571	-0.723169	0.421616)
(-29.785714	-0.773159	0.318803)
(-24.767857	-0.840453	0.226079)
(-19.750000	-0.947800	0.146280)
(-18.696429	-0.891014	0.137894)
(-17.642857	-0.834229	0.129509)
(-16.589286	-0.777443	0.121123)
(-15.535714	-0.720657	0.112737)
(-14.482143	-0.663871	0.104351)
(-13.428571	-0.607086	0.095966)
(-12.375000	-0.550300	0.087580)
(-11.321429	-0.493514	0.079194)
(-10.267857	-0.436729	0.070809)
(-9.214286	-0.379943	0.062423)
(-8.160714	-0.323157	0.054037)
(-7.107143	-0.266371	0.045651)
(-5.000000	-0.152800	0.028880)
(-4.750000	-0.116300	0.027970)
(-4.500000	-0.090000	0.027280)
(-4.250000	-0.037400	0.024630)
(-4.000000	-0.011000	0.024990)
(-3.750000	0.012500	0.025680)
(-3.500000	0.035000	0.026390)
(-3.250000	0.057500	0.027110)
(-3.000000	0.084400	0.027780)
(-2.750000	0.100700	0.028530)
(-2.500000	0.117200	0.029160)
(-2.250000	0.131900	0.029780)
(-1.750000	0.178600	0.030450)
(-1.500000	0.194000	0.030950)
(-1.250000	0.206100	0.031480)
(-0.750000	0.258600	0.031660)
(-0.500000	0.274600	0.032090)
(0.000000	0.312700	0.032960)
(0.250000	0.350500	0.032590)
(0.500000	0.365800	0.033170)
(1.000000	0.422000	0.033230)
(1.250000	0.428300	0.034370)
(1.500000	0.451300	0.034700)
(2.000000	0.483800	0.036340)
(2.250000	0.516900	0.035900)
(2.500000	0.532200	0.036700)
(2.750000	0.547000	0.037690)
(3.500000	0.605800	0.038960)
(3.750000	0.610300	0.040400)
(4.000000	0.624800	0.041040)
(4.250000	0.632100	0.042020)
(4.500000	0.643300	0.042940)
(5.250000	0.751500	0.044600)
(5.500000	0.778400	0.045890)
(5.750000	0.793600	0.048050)
(6.000000	0.830100	0.048370)
(6.250000	0.854800	0.049540)
(6.500000	0.879100	0.050640)
(7.000000	0.926600	0.052550)
(7.750000	1.000300	0.054240)
(8.000000	1.051600	0.051900)
(8.250000	1.121800	0.047300)
(8.500000	1.194200	0.042740)
(9.000000	1.311000	0.036850)
(9.250000	1.393700	0.032540)
(9.500000	1.406500	0.032510)
(9.750000	1.434200	0.031740)
(10.000000	1.463100	0.030980)
(10.250000	1.481700	0.030740)
(10.500000	1.490600	0.030980)
(10.750000	1.492100	0.031660)
(11.000000	1.491600	0.032550)
(11.250000	1.492400	0.033470)
(11.500000	1.487700	0.034900)
(11.750000	1.479800	0.036770)
(12.000000	1.470000	0.039030)
(12.250000	1.457700	0.041750)
(12.500000	1.443800	0.044870)
(12.750000	1.429400	0.048260)
(13.000000	1.415700	0.051850)
(13.250000	1.403400	0.055480)
(13.500000	1.393300	0.059070)
(13.750000	1.385500	0.062480)
(14.000000	1.379500	0.065830)
(14.250000	1.374700	0.069120)
(14.500000	1.370800	0.072340)
(14.750000	1.367400	0.075570)
(15.000000	1.363900	0.078910)
(15.250000	1.361700	0.082090)
(15.500000	1.362900	0.084770)
(15.750000	1.365500	0.087400)
(16.000000	1.372800	0.089380)
(16.250000	1.382700	0.091090)
(16.500000	1.392400	0.092970)
(16.750000	1.405100	0.094500)
(17.000000	1.425600	0.095110)
(17.250000	1.422300	0.098950)
(17.500000	1.435500	0.100630)
(17.750000	1.437400	0.103900)
(18.000000	1.429300	0.108440)
(18.250000	1.423600	0.112730)
(18.500000	1.426200	0.115910)
(18.750000	1.431300	0.118860)
(19.000000	1.413400	0.125010)
(19.250000	1.394300	0.131620)
(19.500000	1.374400	0.138720)
(19.750000	1.354000	0.146280)
(24.767857	1.200647	0.226079)
(29.785714	1.104513	0.318803)
(34.803571	1.033099	0.421616)
(39.821429	0.969910	0.531375)
(44.839286	0.905840	0.644723)
(49.857143	0.835761	0.758196)
(54.875000	0.756986	0.868323)
(59.892857	0.668489	0.971739)
(64.910714	0.570462	1.065283)
(69.928571	0.464044	1.146097)
(74.946429	0.351115	1.211711)
(79.964286	0.234139	1.260122)
(84.982143	0.116026	1.289853)
(90.000000	0.000000	1.300000)
(95.017857	-0.081218	1.289853)
(100.035714	-0.163898	1.260122)
(105.053571	-0.245781	1.211711)
(110.071429	-0.324831	1.146097)
(115.089286	-0.399323	1.065283)
(120.107143	-0.467942	0.971739)
(125.125000	-0.529891	0.868323)
(130.142857	-0.585033	0.758196)
(135.160714	-0.634088	0.644723)
(140.178571	-0.678937	0.531375)
(145.196429	-0.723169	0.421616)
(150.214286	-0.773159	0.318803)
(155.232143	-0.840453	0.226079)
(160.250000	-0.947800	0.146280)
(161.660714	-0.880100	0.126518)
(163.071429	-0.812400	0.108021)
(164.482143	-0.744700	0.090835)
(165.892857	-0.677000	0.074999)
(167.303571	-0.609300	0.060554)
(168.714286	-0.541600	0.047534)
(170.125000	-0.473900	0.035970)
(171.535714	-0.406200	0.025891)
(172.946429	-0.338500	0.017321)
(174.357143	-0.270800	0.010281)
(175.767857	-0.203100	0.004787)
(177.178571	-0.135400	0.001000)
(178.589286	-0.067700	0.001000)
(180.000000	0.000000	0.001000)
