// Re = 0.05
(-180.000000	0.000000	0.022646)
(-178.000000	0.061465	0.024216)
(-176.000000	0.122930	0.028917)
(-174.000000	0.184395	0.036726)
(-172.000000	0.245860	0.047606)
(-170.000000	0.307325	0.061502)
(-168.000000	0.368790	0.078347)
(-166.000000	0.430255	0.098058)
(-164.000000	0.491720	0.120538)
(-162.000000	0.553185	0.145677)
(-160.000000	0.614650	0.173352)
(-158.000000	0.676115	0.203426)
(-156.000000	0.737580	0.235753)
(-154.000000	0.799045	0.270174)
(-152.000000	0.860510	0.306520)
(-147.571429	0.798555	0.392945)
(-143.142857	0.747383	0.485842)
(-138.714286	0.700243	0.582978)
(-134.285714	0.653070	0.682017)
(-129.857143	0.603407	0.780575)
(-125.428571	0.549865	0.876279)
(-121.000000	0.491809	0.966820)
(-116.571429	0.429172	1.050014)
(-112.142857	0.362337	1.123849)
(-107.714286	0.292044	1.186536)
(-103.285714	0.219320	1.236550)
(-98.857143	0.145426	1.272668)
(-94.428571	0.071797	1.293998)
(-90.000000	0.000000	1.300000)
(-85.571429	-0.071797	1.293998)
(-81.142857	-0.145426	1.272668)
(-76.714286	-0.219320	1.236550)
(-72.285714	-0.292044	1.186536)
(-67.857143	-0.362337	1.123849)
(-63.428571	-0.429172	1.050014)
(-59.000000	-0.491809	0.966820)
(-54.571429	-0.549865	0.876279)
(-50.142857	-0.603407	0.780575)
(-45.714286	-0.653070	0.682017)
(-41.285714	-0.700243	0.582978)
(-36.857143	-0.747383	0.485842)
(-32.428571	-0.798555	0.392945)
(-28.000000	-0.860510	0.306520)
(-26.357143	-0.852574	0.290551)
(-24.714286	-0.844637	0.274581)
(-23.071429	-0.836701	0.258612)
(-21.428571	-0.828764	0.242643)
(-19.785714	-0.820828	0.226674)
(-18.142857	-0.812891	0.210704)
(-16.500000	-0.804955	0.194735)
(-14.857143	-0.797019	0.178766)
(-13.214286	-0.789082	0.162796)
(-11.571429	-0.781146	0.146827)
(-9.928571	-0.773209	0.130858)
(-8.285714	-0.765273	0.114889)
(-5.000000	-0.749400	0.082950)
(-4.750000	-0.729700	0.085190)
(-4.500000	-0.721800	0.085410)
(-4.250000	-0.715500	0.085160)
(-4.000000	-0.688100	0.086740)
(-3.750000	-0.663700	0.087860)
(-3.500000	-0.641500	0.088650)
(-3.250000	-0.621800	0.089170)
(-3.000000	-0.601800	0.089750)
(-2.750000	-0.572600	0.091150)
(-2.500000	-0.554100	0.091470)
(-2.250000	-0.548000	0.090750)
(-2.000000	-0.523600	0.091430)
(-1.750000	-0.514200	0.090930)
(-1.500000	-0.494900	0.091110)
(-1.000000	-0.481800	0.089490)
(-0.750000	-0.470400	0.089010)
(-0.500000	-0.462000	0.088300)
(-0.250000	-0.454700	0.087510)
(0.000000	-0.443600	0.086990)
(0.250000	-0.426600	0.086940)
(0.500000	-0.412500	0.086600)
(0.750000	-0.403400	0.085850)
(1.000000	-0.391800	0.085310)
(1.250000	-0.374900	0.085380)
(1.500000	-0.353800	0.085640)
(1.750000	-0.340600	0.085230)
(2.000000	-0.326300	0.085190)
(2.250000	-0.305200	0.085590)
(2.500000	-0.282700	0.086160)
(2.750000	-0.268400	0.086140)
(3.000000	-0.248600	0.086580)
(3.250000	-0.225000	0.087570)
(3.500000	-0.205900	0.088010)
(3.750000	-0.189100	0.088440)
(4.000000	-0.170000	0.089220)
(4.500000	-0.126800	0.091090)
(4.750000	-0.110600	0.091800)
(5.000000	-0.087100	0.093150)
(5.250000	-0.063700	0.094430)
(5.500000	-0.050500	0.095020)
(5.750000	-0.032700	0.096110)
(6.000000	-0.006800	0.097900)
(6.250000	0.012300	0.099060)
(6.500000	0.026200	0.099950)
(6.750000	0.043000	0.101190)
(7.000000	0.068100	0.103140)
(7.250000	0.083800	0.104230)
(7.500000	0.097200	0.105280)
(7.750000	0.113300	0.106660)
(8.000000	0.134300	0.108440)
(8.250000	0.151600	0.109820)
(8.500000	0.163700	0.110850)
(8.750000	0.178900	0.112220)
(9.000000	0.198900	0.113910)
(9.250000	0.226300	0.116030)
(9.500000	0.251200	0.117470)
(9.750000	0.271500	0.119440)
(10.000000	0.292900	0.121680)
(10.250000	0.315600	0.124140)
(10.500000	0.339800	0.126810)
(10.750000	0.366400	0.129770)
(11.250000	0.420700	0.135830)
(11.500000	0.440900	0.138250)
(11.750000	0.461600	0.140800)
(12.000000	0.482500	0.143460)
(12.250000	0.503600	0.146200)
(12.500000	0.524900	0.149000)
(12.750000	0.546100	0.151840)
(13.000000	0.567100	0.154710)
(13.250000	0.587800	0.157570)
(13.500000	0.607900	0.160450)
(13.750000	0.627400	0.163290)
(14.000000	0.646200	0.166120)
(14.250000	0.664400	0.168930)
(14.500000	0.682100	0.171750)
(14.750000	0.699300	0.174560)
(15.000000	0.716300	0.177400)
(15.250000	0.732500	0.180120)
(15.500000	0.745400	0.182510)
(15.750000	0.757800	0.184910)
(16.000000	0.769900	0.187320)
(16.250000	0.781600	0.189730)
(16.500000	0.793400	0.192190)
(16.750000	0.805300	0.194720)
(17.000000	0.817800	0.197320)
(17.250000	0.831100	0.200000)
(17.500000	0.845600	0.202900)
(17.750000	0.861000	0.205880)
(18.000000	0.872300	0.208250)
(18.250000	0.881600	0.210440)
(18.500000	0.891200	0.212740)
(18.750000	0.901200	0.215120)
(19.000000	0.911400	0.217560)
(19.250000	0.921900	0.220040)
(19.500000	0.932500	0.222560)
(19.750000	0.943400	0.225140)
(20.000000	0.954700	0.227760)
(20.250000	0.966500	0.230530)
(20.500000	0.978800	0.233370)
(20.750000	0.991300	0.236190)
(21.000000	0.999600	0.238390)
(21.250000	1.007300	0.240570)
(21.500000	1.015400	0.242870)
(21.750000	1.023900	0.245250)
(22.000000	1.032600	0.247700)
(22.250000	1.041700	0.250190)
(22.500000	1.050800	0.252680)
(22.750000	1.060000	0.255180)
(23.000000	1.069100	0.257670)
(23.250000	1.078100	0.260170)
(23.500000	1.087300	0.262660)
(23.750000	1.096800	0.265180)
(24.000000	1.106400	0.267760)
(24.250000	1.115600	0.270350)
(24.500000	1.123900	0.272840)
(24.750000	1.131300	0.275250)
(25.000000	1.138400	0.277690)
(25.250000	1.146000	0.280160)
(25.500000	1.155600	0.282860)
(26.000000	1.170900	0.287660)
(26.250000	1.177400	0.289990)
(26.500000	1.190000	0.293270)
(26.750000	1.193400	0.294800)
(27.000000	1.200500	0.297190)
(27.250000	1.211000	0.299850)
(27.500000	1.214500	0.301750)
(27.750000	1.226700	0.304970)
(28.000000	1.229300	0.306520)
(32.428571	1.140793	0.392945)
(36.857143	1.067690	0.485842)
(41.285714	1.000348	0.582978)
(45.714286	0.932956	0.682017)
(50.142857	0.862010	0.780575)
(54.571429	0.785521	0.876279)
(59.000000	0.702584	0.966820)
(63.428571	0.613103	1.050014)
(67.857143	0.517625	1.123849)
(72.285714	0.417205	1.186536)
(76.714286	0.313315	1.236550)
(81.142857	0.207752	1.272668)
(85.571429	0.102568	1.293998)
(90.000000	0.000000	1.300000)
(94.428571	-0.071797	1.293998)
(98.857143	-0.145426	1.272668)
(103.285714	-0.219320	1.236550)
(107.714286	-0.292044	1.186536)
(112.142857	-0.362337	1.123849)
(116.571429	-0.429172	1.050014)
(121.000000	-0.491809	0.966820)
(125.428571	-0.549865	0.876279)
(129.857143	-0.603407	0.780575)
(134.285714	-0.653070	0.682017)
(138.714286	-0.700243	0.582978)
(143.142857	-0.747383	0.485842)
(147.571429	-0.798555	0.392945)
(152.000000	-0.860510	0.306520)
(154.000000	-0.799045	0.270174)
(156.000000	-0.737580	0.235753)
(158.000000	-0.676115	0.203426)
(160.000000	-0.614650	0.173352)
(162.000000	-0.553185	0.145677)
(164.000000	-0.491720	0.120538)
(166.000000	-0.430255	0.098058)
(168.000000	-0.368790	0.078347)
(170.000000	-0.307325	0.061502)
(172.000000	-0.245860	0.047606)
(174.000000	-0.184395	0.036726)
(176.000000	-0.122930	0.028917)
(178.000000	-0.061465	0.024216)
(180.000000	0.000000	0.022646)
