// Re = 0.17
(-180.000000	0.000000	0.001000)
(-178.267857	0.069110	0.001000)
(-176.535714	0.138220	0.001000)
(-174.803571	0.207330	0.001000)
(-173.071429	0.276440	0.001000)
(-171.339286	0.345550	0.002548)
(-169.607143	0.414660	0.015512)
(-167.875000	0.483770	0.030722)
(-166.142857	0.552880	0.048122)
(-164.410714	0.621990	0.067649)
(-162.678571	0.691100	0.089232)
(-160.946429	0.760210	0.112794)
(-159.214286	0.829320	0.138248)
(-157.482143	0.898430	0.165503)
(-155.750000	0.967540	0.194460)
(-151.053571	0.875343	0.280685)
(-146.357143	0.807095	0.376334)
(-141.660714	0.749867	0.478865)
(-136.964286	0.696348	0.585556)
(-132.267857	0.642237	0.693574)
(-127.571429	0.585046	0.800056)
(-122.875000	0.523488	0.902181)
(-118.178571	0.457127	0.997246)
(-113.482143	0.386178	1.082741)
(-108.785714	0.311356	1.156414)
(-104.089286	0.233780	1.216331)
(-99.392857	0.154883	1.260928)
(-94.696429	0.076340	1.289055)
(-90.000000	0.000000	1.300000)
(-85.303571	-0.076340	1.289055)
(-80.607143	-0.154883	1.260928)
(-75.910714	-0.233780	1.216331)
(-71.214286	-0.311356	1.156414)
(-66.517857	-0.386178	1.082741)
(-61.821429	-0.457127	0.997246)
(-57.125000	-0.523488	0.902181)
(-52.428571	-0.585046	0.800056)
(-47.732143	-0.642237	0.693574)
(-43.035714	-0.696348	0.585556)
(-38.339286	-0.749867	0.478865)
(-33.642857	-0.807095	0.376334)
(-28.946429	-0.875343	0.280685)
(-24.250000	-0.967540	0.194460)
(-22.875000	-0.899451	0.181720)
(-21.500000	-0.831363	0.168980)
(-20.125000	-0.763274	0.156240)
(-18.750000	-0.695186	0.143500)
(-17.375000	-0.627097	0.130760)
(-16.000000	-0.559009	0.118020)
(-14.625000	-0.490920	0.105280)
(-13.250000	-0.422831	0.092540)
(-11.875000	-0.354743	0.079800)
(-10.500000	-0.286654	0.067060)
(-9.125000	-0.218566	0.054320)
(-7.750000	-0.150477	0.041580)
(-5.000000	-0.014300	0.016100)
(-4.750000	0.016300	0.016190)
(-4.500000	0.042700	0.016380)
(-4.250000	0.070500	0.016590)
(-4.000000	0.098500	0.016790)
(-3.750000	0.124800	0.017040)
(-3.500000	0.153200	0.017280)
(-3.250000	0.177600	0.017560)
(-3.000000	0.207400	0.017650)
(-2.750000	0.231400	0.017880)
(-2.500000	0.260900	0.018040)
(-2.250000	0.284300	0.018270)
(-2.000000	0.314300	0.018330)
(-1.750000	0.336700	0.018520)
(-1.500000	0.368100	0.018490)
(-1.250000	0.390600	0.018670)
(-1.000000	0.421800	0.018600)
(-0.750000	0.446500	0.018680)
(-0.500000	0.476300	0.018660)
(-0.250000	0.500900	0.018750)
(0.000000	0.530700	0.018730)
(0.250000	0.555100	0.018840)
(0.500000	0.585000	0.018820)
(0.750000	0.609200	0.018970)
(1.000000	0.639100	0.018960)
(1.250000	0.662900	0.019130)
(1.500000	0.693100	0.019130)
(1.750000	0.716400	0.019320)
(2.000000	0.747700	0.019320)
(2.250000	0.769900	0.019540)
(2.500000	0.799300	0.019580)
(2.750000	0.824000	0.019770)
(3.000000	0.850700	0.019880)
(3.250000	0.878600	0.020010)
(3.500000	0.902500	0.020190)
(3.750000	0.931300	0.020260)
(4.000000	0.954100	0.020530)
(4.250000	0.986400	0.020510)
(4.500000	1.004000	0.020880)
(4.750000	1.036600	0.020820)
(5.000000	1.054100	0.021230)
(5.250000	1.087400	0.021150)
(5.500000	1.104300	0.021550)
(5.750000	1.133700	0.021560)
(6.000000	1.153600	0.021810)
(6.250000	1.176800	0.021950)
(6.500000	1.202000	0.021990)
(6.750000	1.220500	0.022240)
(7.000000	1.251100	0.022110)
(7.250000	1.265600	0.022430)
(7.500000	1.289200	0.022450)
(7.750000	1.311200	0.022390)
(8.000000	1.326800	0.022360)
(8.250000	1.341800	0.022150)
(8.500000	1.354300	0.021900)
(8.750000	1.381600	0.021780)
(9.000000	1.415000	0.021880)
(9.250000	1.446500	0.022000)
(9.500000	1.471800	0.022200)
(9.750000	1.490200	0.022470)
(10.000000	1.503700	0.022730)
(10.250000	1.517900	0.022970)
(10.500000	1.531100	0.023310)
(10.750000	1.536100	0.024000)
(11.000000	1.544600	0.024640)
(11.250000	1.547300	0.025590)
(11.500000	1.550500	0.026610)
(11.750000	1.550800	0.027910)
(12.000000	1.548500	0.029510)
(12.250000	1.544900	0.031360)
(12.500000	1.539200	0.033500)
(12.750000	1.531500	0.035940)
(13.000000	1.521900	0.038690)
(13.250000	1.511200	0.041720)
(13.500000	1.500100	0.044980)
(13.750000	1.489000	0.048400)
(14.000000	1.478100	0.051960)
(14.250000	1.468200	0.055550)
(14.500000	1.458800	0.059200)
(14.750000	1.450700	0.062820)
(15.000000	1.442900	0.066480)
(15.250000	1.435600	0.070160)
(15.500000	1.428700	0.073860)
(15.750000	1.422200	0.077570)
(16.000000	1.416000	0.081320)
(16.250000	1.410100	0.085080)
(16.500000	1.404300	0.088890)
(16.750000	1.398900	0.092710)
(17.000000	1.393300	0.096610)
(17.250000	1.387400	0.100610)
(17.500000	1.381500	0.104640)
(17.750000	1.375800	0.108660)
(18.000000	1.371100	0.112510)
(18.250000	1.368300	0.116070)
(18.500000	1.367700	0.119260)
(18.750000	1.369500	0.122020)
(19.000000	1.373800	0.124370)
(19.250000	1.379000	0.126570)
(19.500000	1.385800	0.128460)
(19.750000	1.394700	0.129960)
(20.000000	1.402200	0.131750)
(20.250000	1.409400	0.133630)
(20.500000	1.418900	0.135010)
(20.750000	1.427500	0.136620)
(21.000000	1.434000	0.138600)
(21.250000	1.443400	0.140010)
(21.500000	1.449100	0.142150)
(21.750000	1.451400	0.144940)
(22.000000	1.464600	0.145590)
(22.250000	1.457900	0.150200)
(22.500000	1.454700	0.154100)
(22.750000	1.458000	0.156670)
(23.000000	1.463300	0.158890)
(23.250000	1.451200	0.164740)
(23.500000	1.437500	0.171000)
(23.750000	1.421700	0.177930)
(24.000000	1.403200	0.185760)
(24.250000	1.382200	0.194460)
(28.946429	1.250491	0.280685)
(33.642857	1.152992	0.376334)
(38.339286	1.071239	0.478865)
(43.035714	0.994782	0.585556)
(47.732143	0.917481	0.693574)
(52.428571	0.835780	0.800056)
(57.125000	0.747840	0.902181)
(61.821429	0.653039	0.997246)
(66.517857	0.551682	1.082741)
(71.214286	0.444794	1.156414)
(75.910714	0.333972	1.216331)
(80.607143	0.221262	1.260928)
(85.303571	0.109057	1.289055)
(90.000000	0.000000	1.300000)
(94.696429	-0.076340	1.289055)
(99.392857	-0.154883	1.260928)
(104.089286	-0.233780	1.216331)
(108.785714	-0.311356	1.156414)
(113.482143	-0.386178	1.082741)
(118.178571	-0.457127	0.997246)
(122.875000	-0.523488	0.902181)
(127.571429	-0.585046	0.800056)
(132.267857	-0.642237	0.693574)
(136.964286	-0.696348	0.585556)
(141.660714	-0.749867	0.478865)
(146.357143	-0.807095	0.376334)
(151.053571	-0.875343	0.280685)
(155.750000	-0.967540	0.194460)
(157.482143	-0.898430	0.165503)
(159.214286	-0.829320	0.138248)
(160.946429	-0.760210	0.112794)
(162.678571	-0.691100	0.089232)
(164.410714	-0.621990	0.067649)
(166.142857	-0.552880	0.048122)
(167.875000	-0.483770	0.030722)
(169.607143	-0.414660	0.015512)
(171.339286	-0.345550	0.002548)
(173.071429	-0.276440	0.001000)
(174.803571	-0.207330	0.001000)
(176.535714	-0.138220	0.001000)
(178.267857	-0.069110	0.001000)
(180.000000	0.000000	0.001000)
