// Re = 0.08
(-180.000000	0.000000	0.080909)
(-178.803571	0.053355	0.081458)
(-177.607143	0.106710	0.083104)
(-176.410714	0.160065	0.085845)
(-175.214286	0.213420	0.089675)
(-174.017857	0.266775	0.094588)
(-172.821429	0.320130	0.100575)
(-171.625000	0.373485	0.107624)
(-170.428571	0.426840	0.115725)
(-169.232143	0.480195	0.124861)
(-168.035714	0.533550	0.135017)
(-166.839286	0.586905	0.146175)
(-165.642857	0.640260	0.158315)
(-164.446429	0.693615	0.171414)
(-163.250000	0.746970	0.185450)
(-158.017857	0.673869	0.257174)
(-152.785714	0.639597	0.343836)
(-147.553571	0.618873	0.442475)
(-142.321429	0.599931	0.549720)
(-137.089286	0.576575	0.661896)
(-131.857143	0.545429	0.775155)
(-126.625000	0.504805	0.885596)
(-121.392857	0.454171	0.989403)
(-116.160714	0.393862	1.082972)
(-110.928571	0.324900	1.163028)
(-105.696429	0.248859	1.226739)
(-100.464286	0.167755	1.271812)
(-95.232143	0.083940	1.296568)
(-90.000000	0.000000	1.300000)
(-84.767857	-0.083940	1.296568)
(-79.535714	-0.167755	1.271812)
(-74.303571	-0.248859	1.226739)
(-69.071429	-0.324900	1.163028)
(-63.839286	-0.393862	1.082972)
(-58.607143	-0.454171	0.989403)
(-53.375000	-0.504805	0.885596)
(-48.142857	-0.545429	0.775155)
(-42.910714	-0.576575	0.661896)
(-37.678571	-0.599931	0.549720)
(-32.446429	-0.618873	0.442475)
(-27.214286	-0.639597	0.343836)
(-21.982143	-0.673869	0.257174)
(-16.750000	-0.746970	0.185450)
(-15.910714	-0.717622	0.175635)
(-15.071429	-0.688274	0.165820)
(-14.232143	-0.658926	0.156005)
(-13.392857	-0.629579	0.146190)
(-12.553571	-0.600231	0.136375)
(-11.714286	-0.570883	0.126560)
(-10.875000	-0.541535	0.116745)
(-10.035714	-0.512187	0.106930)
(-9.196429	-0.482839	0.097115)
(-8.357143	-0.453491	0.087300)
(-7.517857	-0.424144	0.077485)
(-6.678571	-0.394796	0.067670)
(-5.000000	-0.336100	0.048040)
(-4.750000	-0.289700	0.042380)
(-4.500000	-0.244800	0.038870)
(-4.250000	-0.205200	0.036720)
(-4.000000	-0.165800	0.035010)
(-3.750000	-0.128800	0.033700)
(-3.500000	-0.093000	0.032650)
(-3.250000	-0.059300	0.031790)
(-3.000000	-0.026300	0.031070)
(-2.750000	0.006300	0.030450)
(-2.500000	0.041500	0.029770)
(-2.250000	0.088500	0.027670)
(-2.000000	0.105400	0.028580)
(-1.750000	0.121800	0.029310)
(-1.500000	0.135000	0.029950)
(-1.250000	0.144300	0.030540)
(-1.000000	0.147100	0.031040)
(-0.750000	0.147400	0.031370)
(-0.500000	0.148800	0.031540)
(-0.250000	0.155300	0.031580)
(0.000000	0.176300	0.031510)
(0.250000	0.192800	0.031580)
(0.500000	0.223300	0.031790)
(0.750000	0.263100	0.032150)
(1.000000	0.305200	0.032630)
(1.250000	0.347400	0.033120)
(1.500000	0.380900	0.033880)
(2.000000	0.459900	0.035040)
(2.250000	0.491900	0.035830)
(2.500000	0.519800	0.036760)
(2.750000	0.548000	0.037660)
(3.000000	0.579600	0.038400)
(3.250000	0.615600	0.038900)
(3.500000	0.637800	0.039970)
(3.750000	0.660100	0.041030)
(4.000000	0.682800	0.042050)
(4.250000	0.706500	0.043000)
(4.500000	0.732600	0.043800)
(4.750000	0.769500	0.043950)
(5.000000	0.791100	0.044900)
(5.250000	0.813400	0.045770)
(5.500000	0.836600	0.046550)
(5.750000	0.860500	0.047230)
(6.000000	0.885200	0.047810)
(6.500000	0.937700	0.048570)
(6.750000	0.954700	0.049530)
(7.000000	0.990900	0.048870)
(7.250000	1.004300	0.049860)
(7.500000	1.070900	0.045660)
(8.000000	1.196500	0.038010)
(8.250000	1.287700	0.031040)
(8.500000	1.326100	0.028740)
(8.750000	1.340600	0.028370)
(9.000000	1.352900	0.028000)
(9.250000	1.360400	0.027880)
(9.500000	1.358300	0.028450)
(9.750000	1.351100	0.029500)
(10.000000	1.338300	0.031240)
(10.250000	1.318500	0.034050)
(10.500000	1.297100	0.037570)
(10.750000	1.279700	0.041170)
(11.000000	1.270700	0.044270)
(11.250000	1.271700	0.046640)
(11.500000	1.281200	0.048470)
(11.750000	1.297100	0.050010)
(12.000000	1.317200	0.051490)
(12.250000	1.341100	0.053000)
(12.500000	1.361300	0.054950)
(12.750000	1.392200	0.056810)
(13.000000	1.411700	0.059330)
(13.250000	1.427300	0.062210)
(13.500000	1.438500	0.065360)
(13.750000	1.445500	0.068660)
(14.000000	1.442100	0.072250)
(14.250000	1.438900	0.075940)
(14.500000	1.422300	0.080080)
(14.750000	1.404800	0.084460)
(15.000000	1.385500	0.089130)
(15.250000	1.364800	0.094100)
(15.500000	1.343600	0.099350)
(15.750000	1.323100	0.104830)
(16.250000	1.255100	0.120270)
(16.750000	1.067100	0.185450)
(21.982143	0.962670	0.257174)
(27.214286	0.913710	0.343836)
(32.446429	0.884104	0.442475)
(37.678571	0.857044	0.549720)
(42.910714	0.823679	0.661896)
(48.142857	0.779185	0.775155)
(53.375000	0.721150	0.885596)
(58.607143	0.648815	0.989403)
(63.839286	0.562659	1.082972)
(69.071429	0.464142	1.163028)
(74.303571	0.355513	1.226739)
(79.535714	0.239651	1.271812)
(84.767857	0.119914	1.296568)
(90.000000	0.000000	1.300000)
(95.232143	-0.083940	1.296568)
(100.464286	-0.167755	1.271812)
(105.696429	-0.248859	1.226739)
(110.928571	-0.324900	1.163028)
(116.160714	-0.393862	1.082972)
(121.392857	-0.454171	0.989403)
(126.625000	-0.504805	0.885596)
(131.857143	-0.545429	0.775155)
(137.089286	-0.576575	0.661896)
(142.321429	-0.599931	0.549720)
(147.553571	-0.618873	0.442475)
(152.785714	-0.639597	0.343836)
(158.017857	-0.673869	0.257174)
(163.250000	-0.746970	0.185450)
(164.446429	-0.693615	0.171414)
(165.642857	-0.640260	0.158315)
(166.839286	-0.586905	0.146175)
(168.035714	-0.533550	0.135017)
(169.232143	-0.480195	0.124861)
(170.428571	-0.426840	0.115725)
(171.625000	-0.373485	0.107624)
(172.821429	-0.320130	0.100575)
(174.017857	-0.266775	0.094588)
(175.214286	-0.213420	0.089675)
(176.410714	-0.160065	0.085845)
(177.607143	-0.106710	0.083104)
(178.803571	-0.053355	0.081458)
(180.000000	0.000000	0.080909)
