// Re = 0.22
(-180.000000	0.000000	0.011505)
(-178.339286	0.066155	0.012592)
(-176.678571	0.132310	0.015849)
(-175.017857	0.198465	0.021266)
(-173.357143	0.264620	0.028824)
(-171.696429	0.330775	0.038498)
(-170.035714	0.396930	0.050254)
(-168.375000	0.463085	0.064054)
(-166.714286	0.529240	0.079852)
(-165.053571	0.595395	0.097592)
(-163.392857	0.661550	0.117217)
(-161.732143	0.727705	0.138659)
(-160.071429	0.793860	0.161847)
(-158.410714	0.860015	0.186702)
(-156.750000	0.926170	0.213140)
(-151.982143	0.839838	0.297017)
(-147.214286	0.778103	0.390859)
(-142.446429	0.727159	0.492063)
(-137.678571	0.679348	0.597820)
(-132.910714	0.630221	0.705195)
(-128.142857	0.577230	0.811208)
(-123.375000	0.519067	0.912912)
(-118.607143	0.455309	1.007483)
(-113.839286	0.386201	1.092288)
(-109.071429	0.312508	1.164967)
(-104.303571	0.235414	1.223492)
(-99.535714	0.156427	1.266229)
(-94.767857	0.077309	1.291975)
(-90.000000	0.000000	1.300000)
(-85.232143	-0.077309	1.291975)
(-80.464286	-0.156427	1.266229)
(-75.696429	-0.235414	1.223492)
(-70.928571	-0.312508	1.164967)
(-66.160714	-0.386201	1.092288)
(-61.392857	-0.455309	1.007483)
(-56.625000	-0.519067	0.912912)
(-51.857143	-0.577230	0.811208)
(-47.089286	-0.630221	0.705195)
(-42.321429	-0.679348	0.597820)
(-37.553571	-0.727159	0.492063)
(-32.785714	-0.778103	0.390859)
(-28.017857	-0.839838	0.297017)
(-23.250000	-0.926170	0.213140)
(-21.946429	-0.857879	0.198984)
(-20.642857	-0.789589	0.184829)
(-19.339286	-0.721298	0.170673)
(-18.035714	-0.653007	0.156517)
(-16.732143	-0.584716	0.142361)
(-15.428571	-0.516426	0.128206)
(-14.125000	-0.448135	0.114050)
(-12.821429	-0.379844	0.099894)
(-11.517857	-0.311554	0.085739)
(-10.214286	-0.243263	0.071583)
(-8.910714	-0.174972	0.057427)
(-7.607143	-0.106681	0.043271)
(-5.000000	0.029900	0.014960)
(-4.750000	0.059000	0.013880)
(-4.500000	0.086900	0.012820)
(-4.250000	0.115400	0.012600)
(-4.000000	0.144300	0.012600)
(-3.750000	0.174300	0.012650)
(-3.500000	0.202400	0.012750)
(-3.250000	0.230000	0.012870)
(-3.000000	0.257900	0.013040)
(-2.750000	0.287100	0.013200)
(-2.500000	0.313700	0.013340)
(-2.250000	0.340900	0.013450)
(-2.000000	0.369000	0.013560)
(-1.750000	0.396700	0.013680)
(-1.500000	0.423200	0.013810)
(-1.250000	0.450800	0.013890)
(-1.000000	0.479700	0.013920)
(-0.750000	0.506400	0.013980)
(-0.500000	0.533700	0.014030)
(-0.250000	0.562600	0.014060)
(0.000000	0.590900	0.014100)
(0.250000	0.618200	0.014160)
(0.500000	0.645900	0.014210)
(0.750000	0.674100	0.014260)
(1.000000	0.701000	0.014340)
(1.250000	0.729400	0.014410)
(1.500000	0.757900	0.014470)
(1.750000	0.783700	0.014570)
(2.000000	0.811300	0.014650)
(2.250000	0.839600	0.014730)
(2.500000	0.865800	0.014840)
(2.750000	0.893600	0.014940)
(3.000000	0.921800	0.015030)
(3.250000	0.946900	0.015160)
(3.500000	0.973600	0.015270)
(3.750000	1.001400	0.015360)
(4.000000	1.026300	0.015500)
(4.250000	1.052500	0.015630)
(4.500000	1.080800	0.015710)
(4.750000	1.104800	0.015860)
(5.000000	1.129700	0.016000)
(5.250000	1.156000	0.016110)
(5.500000	1.182700	0.016210)
(5.750000	1.205300	0.016330)
(6.000000	1.228000	0.016410)
(6.250000	1.250900	0.016470)
(6.500000	1.272900	0.016510)
(6.750000	1.294000	0.016530)
(7.000000	1.313500	0.016540)
(7.250000	1.331900	0.016550)
(7.500000	1.348100	0.016480)
(7.750000	1.357100	0.016370)
(8.000000	1.382700	0.016400)
(8.250000	1.409300	0.016650)
(8.500000	1.433900	0.016920)
(8.750000	1.456200	0.017210)
(9.000000	1.475400	0.017520)
(9.250000	1.489300	0.017880)
(9.500000	1.500800	0.018360)
(9.750000	1.509300	0.018990)
(10.000000	1.515000	0.019800)
(10.250000	1.517700	0.020870)
(10.500000	1.516600	0.022270)
(10.750000	1.512600	0.024030)
(11.000000	1.506200	0.026150)
(11.250000	1.498600	0.028540)
(11.500000	1.490200	0.031170)
(11.750000	1.482100	0.033940)
(12.000000	1.474000	0.036840)
(12.250000	1.466700	0.039790)
(12.500000	1.459900	0.042830)
(12.750000	1.454500	0.045870)
(13.000000	1.449500	0.048950)
(13.250000	1.444800	0.052110)
(13.500000	1.441300	0.055200)
(13.750000	1.437700	0.058390)
(14.000000	1.432900	0.061790)
(14.250000	1.428400	0.065220)
(14.500000	1.421600	0.068990)
(14.750000	1.413500	0.073000)
(15.000000	1.406100	0.076980)
(15.250000	1.400200	0.080840)
(15.500000	1.395600	0.084580)
(15.750000	1.391500	0.088250)
(16.000000	1.390500	0.091580)
(16.250000	1.389400	0.094900)
(16.500000	1.389100	0.098100)
(16.750000	1.390000	0.101130)
(17.000000	1.391700	0.104060)
(17.250000	1.394300	0.106800)
(17.500000	1.397500	0.109480)
(17.750000	1.402700	0.111690)
(18.000000	1.406700	0.114270)
(18.250000	1.411800	0.116610)
(18.500000	1.421200	0.118020)
(18.750000	1.424400	0.120770)
(19.000000	1.429900	0.123050)
(19.250000	1.438200	0.124740)
(19.500000	1.445500	0.126600)
(19.750000	1.446100	0.129860)
(20.000000	1.448500	0.132760)
(20.250000	1.453500	0.135150)
(20.500000	1.463600	0.136440)
(20.750000	1.465100	0.139480)
(21.000000	1.457700	0.144430)
(21.250000	1.449700	0.149560)
(21.500000	1.441000	0.154970)
(21.750000	1.431000	0.160760)
(22.000000	1.419300	0.167110)
(22.250000	1.405000	0.174250)
(22.500000	1.387600	0.182410)
(22.750000	1.366200	0.191980)
(23.000000	1.342900	0.202790)
(23.250000	1.323100	0.213140)
(28.017857	1.199768	0.297017)
(32.785714	1.111576	0.390859)
(37.553571	1.038799	0.492063)
(42.321429	0.970497	0.597820)
(47.089286	0.900316	0.705195)
(51.857143	0.824614	0.811208)
(56.625000	0.741525	0.912912)
(61.392857	0.650442	1.007483)
(66.160714	0.551715	1.092288)
(70.928571	0.446440	1.164967)
(75.696429	0.336305	1.223492)
(80.464286	0.223467	1.266229)
(85.232143	0.110441	1.291975)
(90.000000	0.000000	1.300000)
(94.767857	-0.077309	1.291975)
(99.535714	-0.156427	1.266229)
(104.303571	-0.235414	1.223492)
(109.071429	-0.312508	1.164967)
(113.839286	-0.386201	1.092288)
(118.607143	-0.455309	1.007483)
(123.375000	-0.519067	0.912912)
(128.142857	-0.577230	0.811208)
(132.910714	-0.630221	0.705195)
(137.678571	-0.679348	0.597820)
(142.446429	-0.727159	0.492063)
(147.214286	-0.778103	0.390859)
(151.982143	-0.839838	0.297017)
(156.750000	-0.926170	0.213140)
(158.410714	-0.860015	0.186702)
(160.071429	-0.793860	0.161847)
(161.732143	-0.727705	0.138659)
(163.392857	-0.661550	0.117217)
(165.053571	-0.595395	0.097592)
(166.714286	-0.529240	0.079852)
(168.375000	-0.463085	0.064054)
(170.035714	-0.396930	0.050254)
(171.696429	-0.330775	0.038498)
(173.357143	-0.264620	0.028824)
(175.017857	-0.198465	0.021266)
(176.678571	-0.132310	0.015849)
(178.339286	-0.066155	0.012592)
(180.000000	0.000000	0.011505)
