// Re = 0.06
(-180.000000	0.000000	0.022363)
(-177.982143	0.062975	0.023961)
(-175.964286	0.125950	0.028746)
(-173.946429	0.188925	0.036696)
(-171.928571	0.251900	0.047770)
(-169.910714	0.314875	0.061912)
(-167.892857	0.377850	0.079054)
(-165.875000	0.440825	0.099108)
(-163.857143	0.503800	0.121974)
(-161.839286	0.566775	0.147539)
(-159.821429	0.629750	0.175675)
(-157.803571	0.692725	0.206242)
(-155.785714	0.755700	0.239086)
(-153.767857	0.818675	0.274043)
(-151.750000	0.881650	0.310940)
(-147.339286	0.815782	0.397434)
(-142.928571	0.761215	0.490237)
(-138.517857	0.711144	0.587136)
(-134.107143	0.661454	0.685819)
(-129.696429	0.609653	0.783931)
(-125.285714	0.554322	0.879128)
(-120.875000	0.494799	0.969134)
(-116.464286	0.430998	1.051792)
(-112.053571	0.363280	1.125122)
(-107.642857	0.292362	1.187361)
(-103.232143	0.219255	1.237007)
(-98.821429	0.145194	1.272856)
(-94.410714	0.071594	1.294031)
(-90.000000	0.000000	1.300000)
(-85.589286	-0.071594	1.294031)
(-81.178571	-0.145194	1.272856)
(-76.767857	-0.219255	1.237007)
(-72.357143	-0.292362	1.187361)
(-67.946429	-0.363280	1.125122)
(-63.535714	-0.430998	1.051792)
(-59.125000	-0.494799	0.969134)
(-54.714286	-0.554322	0.879128)
(-50.303571	-0.609653	0.783931)
(-45.892857	-0.661454	0.685819)
(-41.482143	-0.711144	0.587136)
(-37.071429	-0.761215	0.490237)
(-32.660714	-0.815782	0.397434)
(-28.250000	-0.881650	0.310940)
(-26.375000	-0.854675	0.294365)
(-24.500000	-0.827700	0.277790)
(-22.625000	-0.800725	0.261215)
(-20.750000	-0.773750	0.244640)
(-18.875000	-0.746775	0.228065)
(-17.000000	-0.719800	0.211490)
(-15.125000	-0.692825	0.194915)
(-13.250000	-0.665850	0.178340)
(-11.375000	-0.638875	0.161765)
(-9.500000	-0.611900	0.145190)
(-7.625000	-0.584925	0.128615)
(-5.750000	-0.557950	0.112040)
(-2.000000	-0.504000	0.078890)
(-1.750000	-0.489900	0.078690)
(-1.500000	-0.477900	0.078820)
(-1.250000	-0.465100	0.078910)
(-1.000000	-0.449000	0.079100)
(-0.750000	-0.428300	0.079400)
(-0.500000	-0.417100	0.079070)
(-0.250000	-0.404300	0.078930)
(0.000000	-0.386000	0.079120)
(0.250000	-0.365000	0.079370)
(0.500000	-0.351700	0.079100)
(0.750000	-0.333500	0.079130)
(1.000000	-0.306300	0.079920)
(1.250000	-0.293200	0.079840)
(1.500000	-0.275600	0.079960)
(1.750000	-0.252400	0.080590)
(2.000000	-0.229900	0.081240)
(2.250000	-0.211700	0.081500)
(2.500000	-0.193400	0.082090)
(2.750000	-0.163600	0.083360)
(3.000000	-0.144500	0.083790)
(3.250000	-0.130700	0.084310)
(3.500000	-0.103600	0.085600)
(3.750000	-0.080900	0.086560)
(4.000000	-0.066000	0.087210)
(4.250000	-0.043300	0.088400)
(4.500000	-0.015700	0.090010)
(4.750000	-0.001400	0.090690)
(5.000000	0.017700	0.091850)
(5.250000	0.036300	0.093110)
(5.500000	0.061500	0.094680)
(5.750000	0.077300	0.095740)
(6.000000	0.092100	0.096900)
(6.250000	0.113100	0.098500)
(6.500000	0.135900	0.100120)
(6.750000	0.150000	0.101310)
(7.000000	0.166200	0.102780)
(7.250000	0.184800	0.104410)
(7.500000	0.209100	0.106350)
(7.750000	0.220200	0.107490)
(8.000000	0.233100	0.108880)
(8.250000	0.248400	0.110490)
(8.500000	0.271200	0.112480)
(8.750000	0.283300	0.113750)
(9.000000	0.293400	0.115010)
(9.250000	0.304600	0.116380)
(9.500000	0.318600	0.117920)
(9.750000	0.342100	0.119870)
(10.000000	0.358600	0.120950)
(10.250000	0.379300	0.122950)
(10.500000	0.401000	0.125460)
(10.750000	0.423000	0.128080)
(11.000000	0.445400	0.130780)
(11.250000	0.468100	0.133550)
(11.500000	0.491000	0.136370)
(11.750000	0.514000	0.139250)
(12.000000	0.536900	0.142130)
(12.250000	0.559500	0.145040)
(12.500000	0.581100	0.147900)
(12.750000	0.601700	0.150710)
(13.000000	0.621200	0.153470)
(13.250000	0.639800	0.156190)
(13.500000	0.657500	0.158880)
(13.750000	0.674600	0.161550)
(14.000000	0.691300	0.164240)
(14.250000	0.707500	0.166920)
(14.500000	0.723300	0.169590)
(14.750000	0.738600	0.172260)
(15.000000	0.753400	0.174920)
(15.250000	0.767600	0.177580)
(15.500000	0.781300	0.180230)
(15.750000	0.794700	0.182880)
(16.000000	0.807800	0.185530)
(16.250000	0.820800	0.188190)
(16.500000	0.834000	0.190840)
(16.750000	0.847700	0.193590)
(17.000000	0.861700	0.196350)
(17.250000	0.875800	0.199090)
(17.500000	0.889100	0.201770)
(17.750000	0.898000	0.204110)
(18.000000	0.907000	0.206520)
(18.250000	0.916300	0.208970)
(18.500000	0.925700	0.211480)
(18.750000	0.935400	0.214020)
(19.000000	0.945300	0.216600)
(19.250000	0.955400	0.219200)
(19.500000	0.966000	0.221810)
(19.750000	0.977000	0.224430)
(20.000000	0.988600	0.227220)
(20.250000	1.000600	0.229980)
(20.500000	1.012700	0.232760)
(20.750000	1.022600	0.235310)
(21.000000	1.030000	0.237650)
(21.250000	1.037800	0.240070)
(21.500000	1.046100	0.242550)
(21.750000	1.054700	0.245100)
(22.000000	1.063800	0.247670)
(22.250000	1.073800	0.250290)
(22.500000	1.085400	0.253110)
(22.750000	1.094200	0.255760)
(23.000000	1.099300	0.257960)
(23.250000	1.105800	0.260330)
(23.500000	1.113700	0.262840)
(23.750000	1.121900	0.265490)
(24.000000	1.130100	0.268150)
(24.250000	1.138900	0.270890)
(24.500000	1.150000	0.273760)
(24.750000	1.158800	0.276320)
(25.000000	1.162000	0.278570)
(25.250000	1.169400	0.281230)
(25.500000	1.183300	0.284270)
(25.750000	1.184600	0.286210)
(26.000000	1.192900	0.288870)
(26.250000	1.201800	0.291320)
(26.500000	1.206100	0.293690)
(26.750000	1.218700	0.296560)
(27.000000	1.220600	0.298490)
(27.250000	1.233100	0.301520)
(27.500000	1.235000	0.303190)
(27.750000	1.245900	0.306060)
(28.000000	1.249000	0.307830)
(28.250000	1.259500	0.310940)
(32.660714	1.165404	0.397434)
(37.071429	1.087450	0.490237)
(41.482143	1.015920	0.587136)
(45.892857	0.944934	0.685819)
(50.303571	0.870933	0.783931)
(54.714286	0.791888	0.879128)
(59.125000	0.706856	0.969134)
(63.535714	0.615712	1.051792)
(67.946429	0.518971	1.125122)
(72.357143	0.417661	1.187361)
(76.767857	0.313221	1.237007)
(81.178571	0.207419	1.272856)
(85.589286	0.102277	1.294031)
(90.000000	0.000000	1.300000)
(94.410714	-0.071594	1.294031)
(98.821429	-0.145194	1.272856)
(103.232143	-0.219255	1.237007)
(107.642857	-0.292362	1.187361)
(112.053571	-0.363280	1.125122)
(116.464286	-0.430998	1.051792)
(120.875000	-0.494799	0.969134)
(125.285714	-0.554322	0.879128)
(129.696429	-0.609653	0.783931)
(134.107143	-0.661454	0.685819)
(138.517857	-0.711144	0.587136)
(142.928571	-0.761215	0.490237)
(147.339286	-0.815782	0.397434)
(151.750000	-0.881650	0.310940)
(153.767857	-0.818675	0.274043)
(155.785714	-0.755700	0.239086)
(157.803571	-0.692725	0.206242)
(159.821429	-0.629750	0.175675)
(161.839286	-0.566775	0.147539)
(163.857143	-0.503800	0.121974)
(165.875000	-0.440825	0.099108)
(167.892857	-0.377850	0.079054)
(169.910714	-0.314875	0.061912)
(171.928571	-0.251900	0.047770)
(173.946429	-0.188925	0.036696)
(175.964286	-0.125950	0.028746)
(177.982143	-0.062975	0.023961)
(180.000000	0.000000	0.022363)
