// Re = 0.24
(-180.000000	0.000000	0.041202)
(-178.642857	0.064460	0.041919)
(-177.285714	0.128920	0.044071)
(-175.928571	0.193380	0.047651)
(-174.571429	0.257840	0.052652)
(-173.214286	0.322300	0.059062)
(-171.857143	0.386760	0.066867)
(-170.500000	0.451220	0.076050)
(-169.142857	0.515680	0.086588)
(-167.785714	0.580140	0.098459)
(-166.428571	0.644600	0.111635)
(-165.071429	0.709060	0.126086)
(-163.714286	0.773520	0.141780)
(-162.357143	0.837980	0.158681)
(-161.000000	0.902440	0.176750)
(-155.928571	0.802081	0.253890)
(-150.857143	0.742058	0.344291)
(-145.785714	0.698745	0.445092)
(-140.714286	0.660395	0.553095)
(-135.642857	0.620600	0.664874)
(-130.571429	0.575781	0.776879)
(-125.500000	0.524082	0.885545)
(-120.428571	0.464818	0.987410)
(-115.357143	0.398165	1.079217)
(-110.285714	0.324972	1.158022)
(-105.214286	0.246616	1.221282)
(-100.142857	0.164889	1.266940)
(-95.071429	0.081905	1.293484)
(-90.000000	0.000000	1.300000)
(-84.928571	-0.081905	1.293484)
(-79.857143	-0.164889	1.266940)
(-74.785714	-0.246616	1.221282)
(-69.714286	-0.324972	1.158022)
(-64.642857	-0.398165	1.079217)
(-59.571429	-0.464818	0.987410)
(-54.500000	-0.524082	0.885545)
(-49.428571	-0.575781	0.776879)
(-44.357143	-0.620600	0.664874)
(-39.285714	-0.660395	0.553095)
(-34.214286	-0.698745	0.445092)
(-29.142857	-0.742058	0.344291)
(-24.071429	-0.802081	0.253890)
(-19.000000	-0.902440	0.176750)
(-18.000000	-0.833794	0.165338)
(-17.000000	-0.765149	0.153926)
(-16.000000	-0.696503	0.142514)
(-15.000000	-0.627857	0.131101)
(-14.000000	-0.559211	0.119689)
(-13.000000	-0.490566	0.108277)
(-12.000000	-0.421920	0.096865)
(-11.000000	-0.353274	0.085453)
(-10.000000	-0.284629	0.074041)
(-9.000000	-0.215983	0.062629)
(-8.000000	-0.147337	0.051216)
(-7.000000	-0.078691	0.039804)
(-5.000000	0.058600	0.016980)
(-4.750000	0.087800	0.016060)
(-4.500000	0.117500	0.015420)
(-4.250000	0.146900	0.014740)
(-4.000000	0.176700	0.014230)
(-3.750000	0.206700	0.013680)
(-3.500000	0.237400	0.013190)
(-3.250000	0.268000	0.012730)
(-3.000000	0.301400	0.011700)
(-2.750000	0.335700	0.010660)
(-2.500000	0.364500	0.010670)
(-2.250000	0.392800	0.010720)
(-2.000000	0.420900	0.010790)
(-1.750000	0.448200	0.010900)
(-1.500000	0.474500	0.011070)
(-1.250000	0.500900	0.011210)
(-1.000000	0.528200	0.011290)
(-0.750000	0.555600	0.011330)
(-0.500000	0.584300	0.011370)
(-0.250000	0.611600	0.011400)
(0.000000	0.639000	0.011440)
(0.250000	0.666600	0.011490)
(0.500000	0.694100	0.011540)
(0.750000	0.721100	0.011590)
(1.000000	0.748300	0.011650)
(1.250000	0.775700	0.011720)
(1.500000	0.802300	0.011780)
(1.750000	0.829200	0.011850)
(2.000000	0.856100	0.011920)
(2.250000	0.882400	0.012000)
(2.500000	0.908700	0.012080)
(2.750000	0.933500	0.012160)
(3.000000	0.958700	0.012250)
(3.250000	0.982900	0.012320)
(3.500000	1.006600	0.012400)
(3.750000	1.029600	0.012440)
(4.000000	1.051500	0.012440)
(4.250000	1.070600	0.012420)
(4.500000	1.087600	0.012350)
(4.750000	1.112900	0.012270)
(5.000000	1.145400	0.012390)
(5.250000	1.175800	0.012500)
(5.500000	1.204300	0.012580)
(5.750000	1.230900	0.012690)
(6.000000	1.257100	0.012840)
(6.250000	1.282000	0.013020)
(6.500000	1.306300	0.013260)
(6.750000	1.329600	0.013550)
(7.000000	1.351300	0.013890)
(7.250000	1.370900	0.014330)
(7.500000	1.387100	0.014920)
(7.750000	1.397500	0.015810)
(8.000000	1.398000	0.017190)
(8.250000	1.392300	0.018980)
(8.500000	1.384400	0.021060)
(8.750000	1.376400	0.023320)
(9.000000	1.374900	0.025280)
(9.250000	1.377700	0.027030)
(9.500000	1.382000	0.028730)
(9.750000	1.385800	0.030540)
(10.000000	1.390300	0.032340)
(10.250000	1.395100	0.034180)
(10.500000	1.396800	0.036310)
(10.750000	1.403400	0.038080)
(11.000000	1.405600	0.040250)
(11.250000	1.412100	0.042100)
(11.500000	1.415100	0.044240)
(11.750000	1.421900	0.046110)
(12.000000	1.427200	0.048070)
(12.250000	1.433900	0.050000)
(12.500000	1.442100	0.051740)
(12.750000	1.448400	0.053770)
(13.000000	1.458700	0.055390)
(13.250000	1.464700	0.057520)
(13.500000	1.476800	0.059050)
(13.750000	1.480300	0.061510)
(14.000000	1.492500	0.063040)
(14.250000	1.494600	0.065800)
(14.500000	1.499200	0.068220)
(14.750000	1.516300	0.069450)
(15.000000	1.507300	0.073430)
(15.250000	1.503400	0.076940)
(15.500000	1.504700	0.079810)
(15.750000	1.520200	0.081170)
(16.000000	1.504500	0.086220)
(16.250000	1.489800	0.091400)
(16.500000	1.475300	0.096750)
(16.750000	1.460600	0.102330)
(17.000000	1.445300	0.108190)
(17.250000	1.429300	0.114450)
(17.500000	1.412100	0.121230)
(17.750000	1.392800	0.128820)
(18.000000	1.370400	0.137510)
(18.250000	1.347200	0.147000)
(18.500000	1.325100	0.156980)
(18.750000	1.305400	0.167030)
(19.000000	1.289200	0.176750)
(24.071429	1.145831	0.253890)
(29.142857	1.060083	0.344291)
(34.214286	0.998207	0.445092)
(39.285714	0.943422	0.553095)
(44.357143	0.886572	0.664874)
(49.428571	0.822545	0.776879)
(54.500000	0.748689	0.885545)
(59.571429	0.664025	0.987410)
(64.642857	0.568808	1.079217)
(69.714286	0.464246	1.158022)
(74.785714	0.352308	1.221282)
(79.857143	0.235556	1.266940)
(84.928571	0.117007	1.293484)
(90.000000	0.000000	1.300000)
(95.071429	-0.081905	1.293484)
(100.142857	-0.164889	1.266940)
(105.214286	-0.246616	1.221282)
(110.285714	-0.324972	1.158022)
(115.357143	-0.398165	1.079217)
(120.428571	-0.464818	0.987410)
(125.500000	-0.524082	0.885545)
(130.571429	-0.575781	0.776879)
(135.642857	-0.620600	0.664874)
(140.714286	-0.660395	0.553095)
(145.785714	-0.698745	0.445092)
(150.857143	-0.742058	0.344291)
(155.928571	-0.802081	0.253890)
(161.000000	-0.902440	0.176750)
(162.357143	-0.837980	0.158681)
(163.714286	-0.773520	0.141780)
(165.071429	-0.709060	0.126086)
(166.428571	-0.644600	0.111635)
(167.785714	-0.580140	0.098459)
(169.142857	-0.515680	0.086588)
(170.500000	-0.451220	0.076050)
(171.857143	-0.386760	0.066867)
(173.214286	-0.322300	0.059062)
(174.571429	-0.257840	0.052652)
(175.928571	-0.193380	0.047651)
(177.285714	-0.128920	0.044071)
(178.642857	-0.064460	0.041919)
(180.000000	0.000000	0.041202)
