// Re = 0.07
(-180.000000	0.000000	0.001000)
(-178.517857	0.064745	0.001000)
(-177.035714	0.129490	0.001000)
(-175.553571	0.194235	0.001000)
(-174.071429	0.258980	0.001000)
(-172.589286	0.323725	0.002456)
(-171.107143	0.388470	0.011966)
(-169.625000	0.453215	0.023145)
(-168.142857	0.517960	0.035964)
(-166.660714	0.582705	0.050388)
(-165.178571	0.647450	0.066379)
(-163.696429	0.712195	0.083894)
(-162.214286	0.776940	0.102887)
(-160.732143	0.841685	0.123307)
(-159.250000	0.906430	0.145100)
(-154.303571	0.814522	0.226994)
(-149.357143	0.754991	0.321079)
(-144.410714	0.709171	0.424576)
(-139.464286	0.667302	0.534425)
(-134.517857	0.623907	0.647384)
(-129.571429	0.575887	0.760119)
(-124.625000	0.521645	0.869304)
(-119.678571	0.460622	0.971723)
(-114.732143	0.393033	1.064361)
(-109.785714	0.319698	1.144496)
(-104.839286	0.241916	1.209780)
(-99.892857	0.161363	1.258306)
(-94.946429	0.080001	1.288668)
(-90.000000	0.000000	1.300000)
(-85.053571	-0.080001	1.288668)
(-80.107143	-0.161363	1.258306)
(-75.160714	-0.241916	1.209780)
(-70.214286	-0.319698	1.144496)
(-65.267857	-0.393033	1.064361)
(-60.321429	-0.460622	0.971723)
(-55.375000	-0.521645	0.869304)
(-50.428571	-0.575887	0.760119)
(-45.482143	-0.623907	0.647384)
(-40.535714	-0.667302	0.534425)
(-35.589286	-0.709171	0.424576)
(-30.642857	-0.754991	0.321079)
(-25.696429	-0.814522	0.226994)
(-20.750000	-0.906430	0.145100)
(-19.625000	-0.867621	0.137410)
(-18.500000	-0.828811	0.129720)
(-17.375000	-0.790002	0.122030)
(-16.250000	-0.751193	0.114340)
(-15.125000	-0.712384	0.106650)
(-14.000000	-0.673574	0.098960)
(-12.875000	-0.634765	0.091270)
(-11.750000	-0.595956	0.083580)
(-10.625000	-0.557146	0.075890)
(-9.500000	-0.518337	0.068200)
(-8.375000	-0.479528	0.060510)
(-7.250000	-0.440719	0.052820)
(-5.000000	-0.363100	0.037440)
(-4.750000	-0.333700	0.036260)
(-4.500000	-0.316200	0.036910)
(-4.250000	-0.293100	0.038540)
(-4.000000	-0.279900	0.039950)
(-3.750000	-0.268100	0.041380)
(-3.500000	-0.249600	0.042810)
(-3.250000	-0.245200	0.044110)
(-3.000000	-0.226300	0.045570)
(-2.750000	-0.222400	0.046560)
(-2.500000	-0.208900	0.047960)
(-2.250000	-0.206600	0.048850)
(-2.000000	-0.191300	0.049660)
(-1.750000	-0.183600	0.050490)
(-1.500000	-0.176800	0.051210)
(-1.250000	-0.155300	0.051890)
(-1.000000	-0.153800	0.052520)
(-0.750000	-0.145900	0.053090)
(-0.500000	-0.134900	0.053680)
(-0.250000	-0.124800	0.054350)
(0.000000	-0.113000	0.055140)
(0.750000	-0.136700	0.058160)
(1.000000	-0.106700	0.059320)
(1.250000	-0.092900	0.059590)
(1.500000	-0.074100	0.060270)
(1.750000	-0.042400	0.061600)
(2.000000	-0.029300	0.061940)
(2.250000	-0.012400	0.062660)
(2.500000	0.018700	0.064100)
(2.750000	0.030800	0.064500)
(3.000000	0.045800	0.065250)
(3.250000	0.074300	0.066690)
(3.500000	0.091400	0.067440)
(3.750000	0.102900	0.068110)
(4.000000	0.122900	0.069270)
(4.250000	0.146000	0.070410)
(4.500000	0.155300	0.070990)
(4.750000	0.168000	0.071840)
(5.000000	0.189600	0.073080)
(5.250000	0.216700	0.074430)
(5.500000	0.237300	0.075510)
(5.750000	0.261100	0.077230)
(6.000000	0.285800	0.079140)
(6.250000	0.311100	0.081180)
(6.500000	0.336900	0.083320)
(6.750000	0.362900	0.085540)
(7.000000	0.389000	0.087830)
(7.250000	0.414800	0.090140)
(7.500000	0.439400	0.092450)
(7.750000	0.462000	0.094730)
(8.000000	0.482400	0.096970)
(8.250000	0.500700	0.099190)
(8.500000	0.517500	0.101400)
(8.750000	0.533100	0.103600)
(9.000000	0.548200	0.105810)
(9.250000	0.563000	0.108030)
(9.500000	0.578000	0.110260)
(9.750000	0.593600	0.112510)
(10.000000	0.610400	0.114750)
(10.250000	0.630500	0.117030)
(10.500000	0.649000	0.119380)
(10.750000	0.652400	0.121440)
(11.000000	0.682600	0.123270)
(11.250000	0.683300	0.125310)
(11.500000	0.773600	0.116940)
(11.750000	0.799600	0.117530)
(12.000000	0.808400	0.119370)
(12.250000	0.834400	0.119850)
(12.500000	0.842500	0.121800)
(12.750000	0.864900	0.122400)
(13.000000	0.874200	0.124240)
(13.250000	0.894300	0.124850)
(13.500000	0.903300	0.126670)
(13.750000	0.922900	0.127180)
(14.000000	0.930500	0.129170)
(14.500000	0.956400	0.131630)
(14.750000	0.976300	0.131670)
(15.000000	0.982300	0.133900)
(15.250000	0.999200	0.134280)
(16.000000	1.372100	0.078980)
(16.250000	1.371100	0.081280)
(16.500000	1.381600	0.081990)
(16.750000	1.375300	0.085130)
(17.000000	1.038300	0.151840)
(17.250000	1.366500	0.091140)
(17.500000	1.365200	0.093840)
(17.750000	1.368600	0.095930)
(18.000000	1.364800	0.099170)
(18.250000	1.361600	0.102360)
(18.500000	1.359900	0.105400)
(19.000000	1.360300	0.111180)
(19.250000	1.361600	0.114040)
(19.500000	1.369600	0.115980)
(19.750000	1.363400	0.120100)
(20.000000	1.359200	0.124000)
(20.250000	1.338200	0.130640)
(20.500000	1.328300	0.135660)
(20.750000	1.294900	0.145100)
(25.696429	1.163602	0.226994)
(30.642857	1.078559	0.321079)
(35.589286	1.013101	0.424576)
(40.535714	0.953289	0.534425)
(45.482143	0.891295	0.647384)
(50.428571	0.822696	0.760119)
(55.375000	0.745207	0.869304)
(60.321429	0.658031	0.971723)
(65.267857	0.561476	1.064361)
(70.214286	0.456712	1.144496)
(75.160714	0.345595	1.209780)
(80.107143	0.230518	1.258306)
(85.053571	0.114287	1.288668)
(90.000000	0.000000	1.300000)
(94.946429	-0.080001	1.288668)
(99.892857	-0.161363	1.258306)
(104.839286	-0.241916	1.209780)
(109.785714	-0.319698	1.144496)
(114.732143	-0.393033	1.064361)
(119.678571	-0.460622	0.971723)
(124.625000	-0.521645	0.869304)
(129.571429	-0.575887	0.760119)
(134.517857	-0.623907	0.647384)
(139.464286	-0.667302	0.534425)
(144.410714	-0.709171	0.424576)
(149.357143	-0.754991	0.321079)
(154.303571	-0.814522	0.226994)
(159.250000	-0.906430	0.145100)
(160.732143	-0.841685	0.123307)
(162.214286	-0.776940	0.102887)
(163.696429	-0.712195	0.083894)
(165.178571	-0.647450	0.066379)
(166.660714	-0.582705	0.050388)
(168.142857	-0.517960	0.035964)
(169.625000	-0.453215	0.023145)
(171.107143	-0.388470	0.011966)
(172.589286	-0.323725	0.002456)
(174.071429	-0.258980	0.001000)
(175.553571	-0.194235	0.001000)
(177.035714	-0.129490	0.001000)
(178.517857	-0.064745	0.001000)
(180.000000	0.000000	0.001000)
