// Re = 0.05
(-180.000000	0.000000	0.047882)
(-177.982143	0.039295	0.049464)
(-175.964286	0.078590	0.054203)
(-173.946429	0.117885	0.062073)
(-171.928571	0.157180	0.073036)
(-169.910714	0.196475	0.087037)
(-167.892857	0.235770	0.104006)
(-165.875000	0.275065	0.123856)
(-163.857143	0.314360	0.146488)
(-161.839286	0.353655	0.171788)
(-159.821429	0.392950	0.199628)
(-157.803571	0.432245	0.229870)
(-155.785714	0.471540	0.262360)
(-153.767857	0.510835	0.296935)
(-151.750000	0.550130	0.333420)
(-147.339286	0.550200	0.418918)
(-142.928571	0.547655	0.510599)
(-138.517857	0.539803	0.606254)
(-134.107143	0.525029	0.703581)
(-129.696429	0.502436	0.800231)
(-125.285714	0.471658	0.893870)
(-120.875000	0.432754	0.982229)
(-116.464286	0.386138	1.063165)
(-112.053571	0.332520	1.134704)
(-107.642857	0.272870	1.195095)
(-103.232143	0.208371	1.242848)
(-98.821429	0.140381	1.276770)
(-94.410714	0.070394	1.295994)
(-90.000000	0.000000	1.300000)
(-85.589286	-0.070394	1.295994)
(-81.178571	-0.140381	1.276770)
(-76.767857	-0.208371	1.242848)
(-72.357143	-0.272870	1.195095)
(-67.946429	-0.332520	1.134704)
(-63.535714	-0.386138	1.063165)
(-59.125000	-0.432754	0.982229)
(-54.714286	-0.471658	0.893870)
(-50.303571	-0.502436	0.800231)
(-45.892857	-0.525029	0.703581)
(-41.482143	-0.539803	0.606254)
(-37.071429	-0.547655	0.510599)
(-32.660714	-0.550200	0.418918)
(-28.250000	-0.550130	0.333420)
(-26.571429	-0.558592	0.316556)
(-24.892857	-0.567054	0.299691)
(-23.214286	-0.575516	0.282827)
(-21.535714	-0.583979	0.265963)
(-19.857143	-0.592441	0.249099)
(-18.178571	-0.600903	0.232234)
(-16.500000	-0.609365	0.215370)
(-14.821429	-0.617827	0.198506)
(-13.142857	-0.626289	0.181641)
(-11.464286	-0.634751	0.164777)
(-9.785714	-0.643214	0.147913)
(-8.107143	-0.651676	0.131049)
(-4.750000	-0.668600	0.097320)
(-4.500000	-0.644100	0.098190)
(-4.250000	-0.620600	0.098880)
(-4.000000	-0.602400	0.099160)
(-3.750000	-0.589800	0.099030)
(-3.500000	-0.571500	0.099310)
(-3.250000	-0.393400	0.111210)
(-3.000000	-0.510300	0.101170)
(-2.750000	-0.384000	0.108250)
(-2.500000	-0.381700	0.107060)
(-2.250000	-0.434200	0.102410)
(-1.750000	-0.435800	0.100420)
(-1.500000	-0.347800	0.104110)
(-1.250000	-0.433500	0.098480)
(-1.000000	-0.430100	0.097590)
(-0.750000	-0.428600	0.096620)
(-0.500000	-0.434900	0.095050)
(-0.250000	-0.214300	0.104840)
(0.000000	-0.427500	0.093030)
(0.250000	-0.424300	0.092020)
(0.500000	-0.406200	0.092020)
(0.750000	-0.404900	0.090700)
(1.000000	-0.395900	0.090110)
(1.250000	-0.381300	0.089930)
(1.500000	-0.366000	0.089640)
(1.750000	-0.355900	0.089170)
(2.000000	-0.340000	0.089060)
(2.250000	-0.317900	0.089630)
(2.500000	-0.305200	0.089260)
(2.750000	-0.289800	0.089460)
(3.250000	-0.250400	0.090310)
(3.500000	-0.232900	0.090730)
(4.000000	-0.191500	0.092150)
(4.250000	-0.172700	0.092830)
(4.500000	-0.146400	0.094310)
(4.750000	-0.130200	0.094740)
(5.000000	-0.114800	0.095410)
(5.250000	-0.089900	0.096920)
(5.500000	-0.069900	0.097890)
(5.750000	-0.056800	0.098540)
(6.000000	-0.035800	0.099930)
(6.250000	-0.011800	0.101470)
(6.500000	0.002000	0.102270)
(6.750000	0.018900	0.103500)
(7.000000	0.046000	0.105570)
(7.250000	0.058300	0.106340)
(7.500000	0.073300	0.107550)
(7.750000	0.094600	0.109350)
(8.000000	0.113600	0.110830)
(8.250000	0.125400	0.111830)
(8.500000	0.140300	0.113220)
(8.750000	0.165800	0.115500)
(9.000000	0.176300	0.116360)
(9.250000	0.188300	0.117510)
(9.500000	0.204900	0.119050)
(9.750000	0.232400	0.121400)
(10.000000	0.252700	0.122710)
(10.250000	0.270200	0.123590)
(10.500000	0.291600	0.125870)
(10.750000	0.315600	0.128490)
(11.000000	0.344300	0.131650)
(11.250000	0.374100	0.134840)
(11.500000	0.393500	0.137030)
(11.750000	0.414000	0.139480)
(12.000000	0.435600	0.142130)
(12.250000	0.458800	0.145010)
(12.500000	0.484700	0.148200)
(12.750000	0.513700	0.151730)
(13.000000	0.532400	0.154130)
(13.250000	0.550600	0.156590)
(13.500000	0.569100	0.159160)
(13.750000	0.587700	0.161820)
(14.000000	0.606300	0.164530)
(14.250000	0.624700	0.167280)
(14.500000	0.643100	0.170060)
(14.750000	0.661400	0.172890)
(15.000000	0.680000	0.175810)
(15.250000	0.699200	0.178830)
(15.500000	0.718700	0.181950)
(15.750000	0.732000	0.184230)
(16.000000	0.744200	0.186530)
(16.250000	0.756300	0.188880)
(16.500000	0.768500	0.191320)
(16.750000	0.781200	0.193850)
(17.000000	0.795000	0.196540)
(17.250000	0.810800	0.199480)
(17.750000	0.836900	0.204540)
(18.000000	0.846200	0.206690)
(18.250000	0.856400	0.209040)
(18.500000	0.867800	0.211550)
(18.750000	0.880800	0.214220)
(19.000000	0.895700	0.217230)
(19.250000	0.908700	0.219870)
(19.500000	0.916500	0.221830)
(19.750000	0.925100	0.224020)
(20.000000	0.934500	0.226360)
(20.250000	0.944800	0.228840)
(20.500000	0.956400	0.231450)
(21.250000	0.989800	0.239170)
(21.500000	0.997400	0.241290)
(21.750000	1.005700	0.243580)
(22.000000	1.014700	0.245980)
(22.250000	1.024300	0.248460)
(22.500000	1.034500	0.250980)
(22.750000	1.045000	0.253680)
(23.000000	1.055600	0.256330)
(23.250000	1.065800	0.258930)
(23.500000	1.075400	0.261480)
(23.750000	1.084400	0.263900)
(24.000000	1.093000	0.266300)
(24.250000	1.101300	0.268700)
(24.500000	1.109800	0.271110)
(24.750000	1.118600	0.273560)
(25.000000	1.128000	0.276200)
(25.250000	1.135400	0.278400)
(25.500000	1.140700	0.280330)
(25.750000	1.146600	0.282510)
(26.000000	1.153900	0.284920)
(26.250000	1.164300	0.287760)
(26.500000	1.173200	0.290090)
(26.750000	1.177200	0.292010)
(27.000000	1.185600	0.294560)
(27.250000	1.195700	0.297140)
(27.500000	1.199200	0.298960)
(27.750000	1.209300	0.301710)
(28.000000	0.784200	0.329560)
(28.250000	0.785900	0.333420)
(32.660714	0.786001	0.418918)
(37.071429	0.782365	0.510599)
(41.482143	0.771148	0.606254)
(45.892857	0.750042	0.703581)
(50.303571	0.717765	0.800231)
(54.714286	0.673797	0.893870)
(59.125000	0.618220	0.982229)
(63.535714	0.551625	1.063165)
(67.946429	0.475029	1.134704)
(72.357143	0.389814	1.195095)
(76.767857	0.297672	1.242848)
(81.178571	0.200544	1.276770)
(85.589286	0.100563	1.295994)
(90.000000	0.000000	1.300000)
(94.410714	-0.070394	1.295994)
(98.821429	-0.140381	1.276770)
(103.232143	-0.208371	1.242848)
(107.642857	-0.272870	1.195095)
(112.053571	-0.332520	1.134704)
(116.464286	-0.386138	1.063165)
(120.875000	-0.432754	0.982229)
(125.285714	-0.471658	0.893870)
(129.696429	-0.502436	0.800231)
(134.107143	-0.525029	0.703581)
(138.517857	-0.539803	0.606254)
(142.928571	-0.547655	0.510599)
(147.339286	-0.550200	0.418918)
(151.750000	-0.550130	0.333420)
(153.767857	-0.510835	0.296935)
(155.785714	-0.471540	0.262360)
(157.803571	-0.432245	0.229870)
(159.821429	-0.392950	0.199628)
(161.839286	-0.353655	0.171788)
(163.857143	-0.314360	0.146488)
(165.875000	-0.275065	0.123856)
(167.892857	-0.235770	0.104006)
(169.910714	-0.196475	0.087037)
(171.928571	-0.157180	0.073036)
(173.946429	-0.117885	0.062073)
(175.964286	-0.078590	0.054203)
(177.982143	-0.039295	0.049464)
(180.000000	0.000000	0.047882)
