// Re = 0.12
(-180.000000	0.000000	0.001000)
(-178.375000	0.067785	0.001000)
(-176.750000	0.135570	0.001000)
(-175.125000	0.203355	0.001000)
(-173.500000	0.271140	0.001000)
(-171.875000	0.338925	0.006990)
(-170.250000	0.406710	0.018390)
(-168.625000	0.474495	0.031776)
(-167.000000	0.542280	0.047105)
(-165.375000	0.610065	0.064328)
(-163.750000	0.677850	0.083391)
(-162.125000	0.745635	0.104232)
(-160.500000	0.813420	0.126784)
(-158.875000	0.881205	0.150976)
(-157.250000	0.948990	0.176730)
(-152.446429	0.855694	0.261176)
(-147.642857	0.789991	0.356170)
(-142.839286	0.736624	0.459066)
(-138.035714	0.687230	0.566996)
(-133.232143	0.636980	0.676955)
(-128.428571	0.583106	0.785882)
(-123.625000	0.524169	0.890746)
(-118.821429	0.459672	0.988635)
(-114.017857	0.389820	1.076831)
(-109.214286	0.315368	1.152890)
(-104.410714	0.237505	1.214711)
(-99.607143	0.157763	1.260592)
(-94.803571	0.077934	1.289279)
(-90.000000	0.000000	1.300000)
(-85.196429	-0.077934	1.289279)
(-80.392857	-0.157763	1.260592)
(-75.589286	-0.237505	1.214711)
(-70.785714	-0.315368	1.152890)
(-65.982143	-0.389820	1.076831)
(-61.178571	-0.459672	0.988635)
(-56.375000	-0.524169	0.890746)
(-51.571429	-0.583106	0.785882)
(-46.767857	-0.636980	0.676955)
(-41.964286	-0.687230	0.566996)
(-37.160714	-0.736624	0.459066)
(-32.357143	-0.789991	0.356170)
(-27.553571	-0.855694	0.261176)
(-22.750000	-0.948990	0.176730)
(-21.482143	-0.887241	0.165681)
(-20.214286	-0.825491	0.154631)
(-18.946429	-0.763742	0.143582)
(-17.678571	-0.701993	0.132533)
(-16.410714	-0.640244	0.121484)
(-15.142857	-0.578494	0.110434)
(-13.875000	-0.516745	0.099385)
(-12.607143	-0.454996	0.088336)
(-11.339286	-0.393246	0.077286)
(-10.071429	-0.331497	0.066237)
(-8.803571	-0.269748	0.055188)
(-7.535714	-0.207999	0.044139)
(-5.000000	-0.084500	0.022040)
(-4.750000	-0.048400	0.022240)
(-4.500000	-0.028300	0.022850)
(-4.250000	0.006900	0.023140)
(-4.000000	0.024800	0.023780)
(-3.500000	0.074600	0.024800)
(-3.250000	0.092400	0.025420)
(-3.000000	0.122900	0.025600)
(-2.750000	0.139000	0.026170)
(-2.500000	0.168900	0.026420)
(-2.250000	0.182400	0.027030)
(-2.000000	0.216400	0.026930)
(-1.750000	0.228600	0.027480)
(-1.250000	0.275200	0.027790)
(-1.000000	0.313200	0.027410)
(-0.750000	0.322800	0.028030)
(-0.500000	0.353000	0.027920)
(-0.250000	0.375200	0.028140)
(0.000000	0.404100	0.028040)
(0.250000	0.421900	0.028450)
(0.500000	0.456000	0.028240)
(0.750000	0.468900	0.028830)
(1.000000	0.504900	0.028560)
(1.250000	0.517300	0.029270)
(1.500000	0.552200	0.028960)
(1.750000	0.564700	0.029810)
(2.000000	0.601100	0.029440)
(2.250000	0.607800	0.030490)
(2.500000	0.648100	0.029970)
(2.750000	0.654700	0.031230)
(3.250000	0.676500	0.033110)
(3.750000	0.725800	0.033600)
(4.250000	0.730600	0.036880)
(4.500000	0.771700	0.035820)
(4.750000	0.757100	0.039080)
(5.000000	0.807200	0.037060)
(5.250000	0.808000	0.039060)
(6.250000	0.842500	0.044340)
(6.500000	0.804300	0.049740)
(6.750000	0.836800	0.048280)
(9.500000	1.326300	0.034690)
(9.750000	1.353200	0.034490)
(10.000000	1.382000	0.034160)
(10.250000	1.411800	0.033730)
(10.500000	1.439300	0.033340)
(10.750000	1.469700	0.032570)
(11.000000	1.496200	0.031880)
(11.250000	1.494300	0.032820)
(11.500000	1.512600	0.032670)
(11.750000	1.507700	0.034070)
(12.000000	1.511900	0.035020)
(12.250000	1.516800	0.035990)
(12.500000	1.515300	0.037520)
(12.750000	1.509000	0.039550)
(13.000000	1.502700	0.041740)
(13.250000	1.498200	0.043870)
(13.500000	1.489900	0.046510)
(13.750000	1.480000	0.049490)
(14.000000	1.469600	0.052690)
(14.250000	1.458900	0.056090)
(14.500000	1.448400	0.059600)
(14.750000	1.437800	0.063330)
(15.000000	1.428600	0.066980)
(15.250000	1.420000	0.070710)
(15.500000	1.412700	0.074350)
(15.750000	1.406200	0.077950)
(16.000000	1.400200	0.081520)
(16.250000	1.394700	0.085110)
(16.500000	1.389600	0.088720)
(16.750000	1.384900	0.092300)
(17.000000	1.380500	0.095880)
(17.250000	1.376600	0.099440)
(17.500000	1.373400	0.102900)
(17.750000	1.369500	0.106580)
(18.000000	1.367600	0.109940)
(18.250000	1.367800	0.112950)
(18.500000	1.370300	0.115600)
(18.750000	1.376300	0.117640)
(19.000000	1.382500	0.119660)
(19.250000	1.392500	0.121050)
(19.500000	1.404600	0.122050)
(19.750000	1.414700	0.123450)
(20.000000	1.420200	0.125760)
(20.250000	1.425900	0.127980)
(20.500000	1.436900	0.129270)
(20.750000	1.438100	0.132350)
(21.000000	1.445100	0.134400)
(21.250000	1.438300	0.138910)
(21.500000	1.450900	0.139940)
(21.750000	1.435800	0.146030)
(22.000000	1.420100	0.152410)
(22.250000	1.402200	0.159420)
(22.500000	1.380600	0.167540)
(22.750000	1.355700	0.176730)
(27.553571	1.222420	0.261176)
(32.357143	1.128558	0.356170)
(37.160714	1.052320	0.459066)
(41.964286	0.981757	0.566996)
(46.767857	0.909972	0.676955)
(51.571429	0.833008	0.785882)
(56.375000	0.748813	0.890746)
(61.178571	0.656675	0.988635)
(65.982143	0.556886	1.076831)
(70.785714	0.450526	1.152890)
(75.589286	0.339293	1.214711)
(80.392857	0.225375	1.260592)
(85.196429	0.111334	1.289279)
(90.000000	0.000000	1.300000)
(94.803571	-0.077934	1.289279)
(99.607143	-0.157763	1.260592)
(104.410714	-0.237505	1.214711)
(109.214286	-0.315368	1.152890)
(114.017857	-0.389820	1.076831)
(118.821429	-0.459672	0.988635)
(123.625000	-0.524169	0.890746)
(128.428571	-0.583106	0.785882)
(133.232143	-0.636980	0.676955)
(138.035714	-0.687230	0.566996)
(142.839286	-0.736624	0.459066)
(147.642857	-0.789991	0.356170)
(152.446429	-0.855694	0.261176)
(157.250000	-0.948990	0.176730)
(158.875000	-0.881205	0.150976)
(160.500000	-0.813420	0.126784)
(162.125000	-0.745635	0.104232)
(163.750000	-0.677850	0.083391)
(165.375000	-0.610065	0.064328)
(167.000000	-0.542280	0.047105)
(168.625000	-0.474495	0.031776)
(170.250000	-0.406710	0.018390)
(171.875000	-0.338925	0.006990)
(173.500000	-0.271140	0.001000)
(175.125000	-0.203355	0.001000)
(176.750000	-0.135570	0.001000)
(178.375000	-0.067785	0.001000)
(180.000000	0.000000	0.001000)
