// Re = 0.2
(-180.000000	0.000000	0.001000)
(-178.410714	0.065860	0.001000)
(-176.821429	0.131720	0.001000)
(-175.232143	0.197580	0.001000)
(-173.642857	0.263440	0.001000)
(-172.053571	0.329300	0.005823)
(-170.464286	0.395160	0.016735)
(-168.875000	0.461020	0.029552)
(-167.285714	0.526880	0.044235)
(-165.696429	0.592740	0.060738)
(-164.107143	0.658600	0.079011)
(-162.517857	0.724460	0.098999)
(-160.928571	0.790320	0.120639)
(-159.339286	0.856180	0.143867)
(-157.750000	0.922040	0.168610)
(-152.910714	0.832971	0.252480)
(-148.071429	0.771554	0.347302)
(-143.232143	0.722151	0.450392)
(-138.392857	0.676276	0.558837)
(-133.553571	0.629065	0.669570)
(-128.714286	0.577743	0.779464)
(-123.875000	0.520879	0.885416)
(-119.035714	0.457992	0.984438)
(-114.196429	0.389310	1.073740)
(-109.357143	0.315618	1.150812)
(-104.517857	0.238142	1.213491)
(-99.678571	0.158456	1.260027)
(-94.839286	0.078399	1.289128)
(-90.000000	0.000000	1.300000)
(-85.160714	-0.078399	1.289128)
(-80.321429	-0.158456	1.260027)
(-75.482143	-0.238142	1.213491)
(-70.642857	-0.315618	1.150812)
(-65.803571	-0.389310	1.073740)
(-60.964286	-0.457992	0.984438)
(-56.125000	-0.520879	0.885416)
(-51.285714	-0.577743	0.779464)
(-46.446429	-0.629065	0.669570)
(-41.607143	-0.676276	0.558837)
(-36.767857	-0.722151	0.450392)
(-31.928571	-0.771554	0.347302)
(-27.089286	-0.832971	0.252480)
(-22.250000	-0.922040	0.168610)
(-21.017857	-0.854930	0.157746)
(-19.785714	-0.787820	0.146881)
(-18.553571	-0.720710	0.136017)
(-17.321429	-0.653600	0.125153)
(-16.089286	-0.586490	0.114289)
(-14.857143	-0.519380	0.103424)
(-13.625000	-0.452270	0.092560)
(-12.392857	-0.385160	0.081696)
(-11.160714	-0.318050	0.070831)
(-9.928571	-0.250940	0.059967)
(-8.696429	-0.183830	0.049103)
(-7.464286	-0.116720	0.038239)
(-5.000000	0.017500	0.016510)
(-4.750000	0.040700	0.015980)
(-4.500000	0.065500	0.015270)
(-4.250000	0.093300	0.013790)
(-4.000000	0.116400	0.013210)
(-3.750000	0.143200	0.013200)
(-3.500000	0.174200	0.013240)
(-3.250000	0.199100	0.013380)
(-3.000000	0.226600	0.013510)
(-2.750000	0.255300	0.013660)
(-2.500000	0.279500	0.013900)
(-2.250000	0.308200	0.014040)
(-2.000000	0.333900	0.014140)
(-1.750000	0.359700	0.014250)
(-1.500000	0.388200	0.014350)
(-1.250000	0.411600	0.014510)
(-1.000000	0.439700	0.014560)
(-0.750000	0.466200	0.014600)
(-0.500000	0.492600	0.014640)
(-0.250000	0.521100	0.014650)
(0.000000	0.545600	0.014710)
(0.250000	0.575500	0.014710)
(0.500000	0.599900	0.014780)
(0.750000	0.626100	0.014840)
(1.000000	0.654800	0.014860)
(1.250000	0.679200	0.014950)
(1.500000	0.709000	0.014960)
(1.750000	0.732000	0.015070)
(2.000000	0.759500	0.015130)
(2.250000	0.785800	0.015200)
(2.500000	0.809900	0.015310)
(2.750000	0.838600	0.015350)
(3.000000	0.861400	0.015490)
(3.250000	0.889400	0.015550)
(3.500000	0.913200	0.015670)
(3.750000	0.937600	0.015790)
(4.000000	0.964800	0.015850)
(4.250000	0.986300	0.016000)
(4.500000	1.013200	0.016060)
(4.750000	1.035300	0.016180)
(5.000000	1.057900	0.016300)
(5.250000	1.084100	0.016290)
(5.500000	1.103400	0.016370)
(5.750000	1.122000	0.016430)
(6.000000	1.142500	0.016440)
(6.250000	1.162500	0.016410)
(6.500000	1.176700	0.016390)
(6.750000	1.207800	0.016270)
(7.000000	1.238600	0.016310)
(7.250000	1.267400	0.016430)
(7.500000	1.294700	0.016550)
(7.750000	1.315400	0.016690)
(8.000000	1.335900	0.016800)
(8.250000	1.357400	0.016950)
(8.500000	1.375100	0.017170)
(8.750000	1.390400	0.017400)
(9.000000	1.405500	0.017620)
(9.250000	1.416100	0.017960)
(9.500000	1.426600	0.018350)
(9.750000	1.434600	0.018840)
(10.000000	1.439800	0.019490)
(10.250000	1.441800	0.020360)
(10.500000	1.440600	0.021510)
(10.750000	1.436300	0.023020)
(11.000000	1.429400	0.024880)
(11.250000	1.420800	0.027070)
(11.500000	1.411500	0.029500)
(11.750000	1.402700	0.032090)
(12.000000	1.394300	0.034790)
(12.250000	1.386500	0.037600)
(12.500000	1.379400	0.040470)
(12.750000	1.373300	0.043380)
(13.000000	1.368100	0.046310)
(13.250000	1.363400	0.049280)
(13.500000	1.359700	0.052230)
(13.750000	1.356300	0.055240)
(14.000000	1.352500	0.058360)
(14.250000	1.347900	0.061630)
(14.500000	1.342300	0.065090)
(14.750000	1.336000	0.068690)
(15.000000	1.330300	0.072280)
(15.250000	1.325700	0.075780)
(15.500000	1.322700	0.079100)
(15.750000	1.321000	0.082270)
(16.000000	1.320900	0.085250)
(16.250000	1.322000	0.088070)
(16.500000	1.324100	0.090730)
(16.750000	1.327500	0.093200)
(17.000000	1.332000	0.095480)
(17.250000	1.337500	0.097620)
(17.500000	1.342700	0.099810)
(17.750000	1.349700	0.101690)
(18.000000	1.358900	0.103200)
(18.250000	1.363700	0.105490)
(18.500000	1.373800	0.106840)
(18.750000	1.376800	0.109480)
(19.000000	1.389600	0.110390)
(19.250000	1.389000	0.113650)
(19.500000	1.392500	0.116180)
(19.750000	1.404200	0.117270)
(20.000000	1.397200	0.121710)
(20.250000	1.392100	0.125820)
(20.500000	1.389200	0.129580)
(20.750000	1.400600	0.130640)
(21.000000	1.387800	0.136310)
(21.250000	1.374900	0.142160)
(21.500000	1.361300	0.148290)
(21.750000	1.347000	0.154760)
(22.000000	1.332100	0.161540)
(22.250000	1.317200	0.168610)
(27.089286	1.189958	0.252480)
(31.928571	1.102221	0.347302)
(36.767857	1.031644	0.450392)
(41.607143	0.966109	0.558837)
(46.446429	0.898665	0.669570)
(51.285714	0.825347	0.779464)
(56.125000	0.744113	0.885416)
(60.964286	0.654274	0.984438)
(65.803571	0.556157	1.073740)
(70.642857	0.450883	1.150812)
(75.482143	0.340203	1.213491)
(80.321429	0.226366	1.260027)
(85.160714	0.111999	1.289128)
(90.000000	0.000000	1.300000)
(94.839286	-0.078399	1.289128)
(99.678571	-0.158456	1.260027)
(104.517857	-0.238142	1.213491)
(109.357143	-0.315618	1.150812)
(114.196429	-0.389310	1.073740)
(119.035714	-0.457992	0.984438)
(123.875000	-0.520879	0.885416)
(128.714286	-0.577743	0.779464)
(133.553571	-0.629065	0.669570)
(138.392857	-0.676276	0.558837)
(143.232143	-0.722151	0.450392)
(148.071429	-0.771554	0.347302)
(152.910714	-0.832971	0.252480)
(157.750000	-0.922040	0.168610)
(159.339286	-0.856180	0.143867)
(160.928571	-0.790320	0.120639)
(162.517857	-0.724460	0.098999)
(164.107143	-0.658600	0.079011)
(165.696429	-0.592740	0.060738)
(167.285714	-0.526880	0.044235)
(168.875000	-0.461020	0.029552)
(170.464286	-0.395160	0.016735)
(172.053571	-0.329300	0.005823)
(173.642857	-0.263440	0.001000)
(175.232143	-0.197580	0.001000)
(176.821429	-0.131720	0.001000)
(178.410714	-0.065860	0.001000)
(180.000000	0.000000	0.001000)
