// Re = 0.08
(-180.000000	0.000000	0.003250)
(-178.696429	0.063695	0.003922)
(-177.392857	0.127390	0.005937)
(-176.089286	0.191085	0.009290)
(-174.785714	0.254780	0.013974)
(-173.482143	0.318475	0.019980)
(-172.178571	0.382170	0.027295)
(-170.875000	0.445865	0.035905)
(-169.571429	0.509560	0.045791)
(-168.267857	0.573255	0.056932)
(-166.964286	0.636950	0.069306)
(-165.660714	0.700645	0.082887)
(-164.357143	0.764340	0.097648)
(-163.053571	0.828035	0.113556)
(-161.750000	0.891730	0.130580)
(-156.625000	0.789397	0.207615)
(-151.500000	0.730643	0.298841)
(-146.375000	0.689617	0.401344)
(-141.250000	0.653766	0.511849)
(-136.125000	0.616330	0.626824)
(-131.000000	0.573558	0.742595)
(-125.875000	0.523510	0.855461)
(-120.750000	0.465460	0.961815)
(-115.625000	0.399582	1.058256)
(-110.500000	0.326744	1.141700)
(-105.375000	0.248361	1.209476)
(-100.250000	0.166283	1.259415)
(-95.125000	0.082692	1.289917)
(-90.000000	0.000000	1.300000)
(-84.875000	-0.082692	1.289917)
(-79.750000	-0.166283	1.259415)
(-74.625000	-0.248361	1.209476)
(-69.500000	-0.326744	1.141700)
(-64.375000	-0.399582	1.058256)
(-59.250000	-0.465460	0.961815)
(-54.125000	-0.523510	0.855461)
(-49.000000	-0.573558	0.742595)
(-43.875000	-0.616330	0.626824)
(-38.750000	-0.653766	0.511849)
(-33.625000	-0.689617	0.401344)
(-28.500000	-0.730643	0.298841)
(-23.375000	-0.789397	0.207615)
(-18.250000	-0.891730	0.130580)
(-17.303571	-0.848849	0.123910)
(-16.357143	-0.805969	0.117240)
(-15.410714	-0.763088	0.110570)
(-14.464286	-0.720207	0.103900)
(-13.517857	-0.677326	0.097230)
(-12.571429	-0.634446	0.090560)
(-11.625000	-0.591565	0.083890)
(-10.678571	-0.548684	0.077220)
(-9.732143	-0.505804	0.070550)
(-8.785714	-0.462923	0.063880)
(-7.839286	-0.420042	0.057210)
(-6.892857	-0.377161	0.050540)
(-5.000000	-0.291400	0.037200)
(-4.750000	-0.257600	0.035940)
(-4.500000	-0.224000	0.034930)
(-4.250000	-0.188200	0.034020)
(-4.000000	-0.160200	0.033360)
(-3.750000	-0.133000	0.032780)
(-3.500000	-0.105000	0.032240)
(-3.250000	-0.072100	0.031480)
(-3.000000	-0.030500	0.029530)
(-2.750000	-0.012200	0.030600)
(-2.500000	0.004700	0.031550)
(-2.250000	0.021300	0.032430)
(-2.000000	0.038000	0.033280)
(-1.750000	0.045800	0.034130)
(-1.500000	0.051900	0.034900)
(-1.250000	0.063900	0.035490)
(-0.750000	0.090800	0.036300)
(-0.500000	0.099700	0.036740)
(-0.250000	0.118200	0.036970)
(0.000000	0.136300	0.037250)
(0.250000	0.148400	0.037660)
(0.500000	0.171300	0.037830)
(0.750000	0.187200	0.038190)
(1.000000	0.200100	0.038670)
(1.250000	0.230100	0.038690)
(1.500000	0.236300	0.039300)
(1.750000	0.250200	0.039800)
(2.000000	0.286900	0.039930)
(2.250000	0.313400	0.040780)
(2.500000	0.342100	0.041800)
(2.750000	0.391100	0.042230)
(3.000000	0.414300	0.043570)
(3.250000	0.441700	0.044830)
(3.500000	0.478800	0.045700)
(3.750000	0.511800	0.046700)
(4.000000	0.533600	0.048170)
(4.250000	0.558600	0.049480)
(4.500000	0.598000	0.050050)
(4.750000	0.619800	0.051390)
(5.000000	0.637900	0.052880)
(5.250000	0.657000	0.054280)
(5.500000	0.677400	0.055580)
(5.750000	0.698800	0.056790)
(6.000000	0.721000	0.057900)
(6.500000	0.766200	0.059950)
(6.750000	0.787100	0.061010)
(7.000000	0.805100	0.062230)
(7.250000	0.822800	0.063430)
(7.500000	0.841600	0.064530)
(8.000000	0.884300	0.066180)
(8.250000	0.909200	0.066590)
(8.500000	0.938300	0.066430)
(8.750000	0.972600	0.065520)
(9.000000	1.009800	0.064070)
(9.250000	1.014700	0.065740)
(9.500000	1.086400	0.060260)
(9.750000	1.177100	0.051710)
(10.000000	1.296800	0.040710)
(10.250000	1.354500	0.036770)
(10.500000	1.375700	0.035750)
(10.750000	1.386900	0.035440)
(11.000000	1.387500	0.036000)
(11.250000	1.386500	0.036820)
(11.500000	1.380900	0.038230)
(11.750000	1.371600	0.040250)
(12.000000	1.361100	0.042640)
(12.250000	1.348900	0.045500)
(12.500000	1.337800	0.048500)
(12.750000	1.328700	0.051540)
(13.000000	1.322700	0.054420)
(13.250000	1.318400	0.057280)
(13.500000	1.316800	0.059950)
(13.750000	1.318000	0.062430)
(14.000000	1.321900	0.064730)
(14.250000	1.328600	0.066860)
(14.500000	1.339400	0.068700)
(14.750000	1.347500	0.070970)
(15.000000	1.360600	0.072900)
(15.250000	1.373800	0.075000)
(15.500000	1.390800	0.076970)
(15.750000	1.397800	0.079820)
(16.000000	1.404200	0.082790)
(16.250000	1.409500	0.085870)
(16.500000	1.400500	0.090020)
(16.750000	1.400300	0.093600)
(17.000000	1.382400	0.098630)
(17.250000	1.363900	0.103950)
(17.500000	1.343400	0.109760)
(17.750000	1.320600	0.116190)
(18.000000	1.296800	0.123210)
(18.250000	1.273900	0.130580)
(23.375000	1.127709	0.207615)
(28.500000	1.043776	0.298841)
(33.625000	0.985168	0.401344)
(38.750000	0.933951	0.511849)
(43.875000	0.880471	0.626824)
(49.000000	0.819369	0.742595)
(54.125000	0.747871	0.855461)
(59.250000	0.664943	0.961815)
(64.375000	0.570832	1.058256)
(69.500000	0.466777	1.141700)
(74.625000	0.354801	1.209476)
(79.750000	0.237548	1.259415)
(84.875000	0.118131	1.289917)
(90.000000	0.000000	1.300000)
(95.125000	-0.082692	1.289917)
(100.250000	-0.166283	1.259415)
(105.375000	-0.248361	1.209476)
(110.500000	-0.326744	1.141700)
(115.625000	-0.399582	1.058256)
(120.750000	-0.465460	0.961815)
(125.875000	-0.523510	0.855461)
(131.000000	-0.573558	0.742595)
(136.125000	-0.616330	0.626824)
(141.250000	-0.653766	0.511849)
(146.375000	-0.689617	0.401344)
(151.500000	-0.730643	0.298841)
(156.625000	-0.789397	0.207615)
(161.750000	-0.891730	0.130580)
(163.053571	-0.828035	0.113556)
(164.357143	-0.764340	0.097648)
(165.660714	-0.700645	0.082887)
(166.964286	-0.636950	0.069306)
(168.267857	-0.573255	0.056932)
(169.571429	-0.509560	0.045791)
(170.875000	-0.445865	0.035905)
(172.178571	-0.382170	0.027295)
(173.482143	-0.318475	0.019980)
(174.785714	-0.254780	0.013974)
(176.089286	-0.191085	0.009290)
(177.392857	-0.127390	0.005937)
(178.696429	-0.063695	0.003922)
(180.000000	0.000000	0.003250)
