// Re = 0.15
(-180.000000	0.000000	0.004792)
(-177.857143	0.038800	0.006606)
(-175.714286	0.077600	0.012039)
(-173.571429	0.116400	0.021059)
(-171.428571	0.155200	0.033616)
(-169.285714	0.194000	0.049641)
(-167.142857	0.232800	0.069042)
(-165.000000	0.271600	0.091712)
(-162.857143	0.310400	0.117524)
(-160.714286	0.349200	0.146333)
(-158.571429	0.388000	0.177977)
(-156.428571	0.426800	0.212280)
(-154.285714	0.465600	0.249049)
(-152.142857	0.504400	0.288079)
(-150.000000	0.543200	0.329150)
(-145.714286	0.544055	0.416488)
(-141.428571	0.541081	0.509108)
(-137.142857	0.532289	0.604938)
(-132.857143	0.516484	0.701834)
(-128.571429	0.493035	0.797626)
(-124.285714	0.461739	0.890171)
(-120.000000	0.422747	0.977396)
(-115.714286	0.376511	1.057348)
(-111.428571	0.323737	1.128234)
(-107.142857	0.265352	1.188468)
(-102.857143	0.202468	1.236696)
(-98.571429	0.136347	1.271837)
(-94.285714	0.068371	1.293098)
(-90.000000	0.000000	1.300000)
(-85.714286	-0.068371	1.293098)
(-81.428571	-0.136347	1.271837)
(-77.142857	-0.202468	1.236696)
(-72.857143	-0.265352	1.188468)
(-68.571429	-0.323737	1.128234)
(-64.285714	-0.376511	1.057348)
(-60.000000	-0.422747	0.977396)
(-55.714286	-0.461739	0.890171)
(-51.428571	-0.493035	0.797626)
(-47.142857	-0.516484	0.701834)
(-42.857143	-0.532289	0.604938)
(-38.571429	-0.541081	0.509108)
(-34.285714	-0.544055	0.416488)
(-30.000000	-0.543200	0.329150)
(-28.214286	-0.506407	0.307057)
(-26.428571	-0.469614	0.284964)
(-24.642857	-0.432821	0.262871)
(-22.857143	-0.396029	0.240779)
(-21.071429	-0.359236	0.218686)
(-19.285714	-0.322443	0.196593)
(-17.500000	-0.285650	0.174500)
(-15.714286	-0.248857	0.152407)
(-13.928571	-0.212064	0.130314)
(-12.142857	-0.175271	0.108221)
(-10.357143	-0.138479	0.086129)
(-8.571429	-0.101686	0.064036)
(-5.000000	-0.028100	0.019850)
(-4.750000	-0.004300	0.020410)
(-4.500000	0.025500	0.020740)
(-4.250000	0.049200	0.021150)
(-4.000000	0.078100	0.021400)
(-3.750000	0.101300	0.021730)
(-3.500000	0.130800	0.021830)
(-3.250000	0.154100	0.022180)
(-3.000000	0.182100	0.022470)
(-2.750000	0.203100	0.023000)
(-2.500000	0.231200	0.023040)
(-2.250000	0.258600	0.022970)
(-2.000000	0.283000	0.023170)
(-1.750000	0.313100	0.023020)
(-1.500000	0.334900	0.023280)
(-1.250000	0.369800	0.023020)
(-1.000000	0.386500	0.023450)
(-0.750000	0.420200	0.023240)
(-0.500000	0.438500	0.023610)
(-0.250000	0.472100	0.023380)
(0.000000	0.492200	0.023680)
(0.250000	0.525100	0.023520)
(0.500000	0.549100	0.023680)
(0.750000	0.576400	0.023750)
(1.000000	0.608400	0.023620)
(1.250000	0.627100	0.024040)
(1.500000	0.660100	0.023900)
(1.750000	0.679400	0.024310)
(2.000000	0.711300	0.024260)
(2.250000	0.735200	0.024500)
(2.500000	0.761900	0.024690)
(2.750000	0.794600	0.024570)
(3.000000	0.811800	0.025190)
(3.250000	0.843300	0.025110)
(3.500000	0.861700	0.025700)
(3.750000	0.891600	0.025710)
(4.250000	0.939900	0.026360)
(4.500000	0.975000	0.026140)
(4.750000	0.986700	0.027060)
(5.000000	1.021200	0.026840)
(5.250000	1.030900	0.027800)
(5.500000	1.068100	0.027550)
(5.750000	1.076300	0.028520)
(6.000000	1.111300	0.028260)
(6.250000	1.121000	0.029220)
(6.500000	1.157300	0.028920)
(6.750000	1.165800	0.029890)
(7.000000	1.201600	0.029490)
(7.250000	1.207600	0.030480)
(7.500000	1.247600	0.029880)
(7.750000	1.253000	0.030840)
(8.000000	1.298600	0.029910)
(8.250000	1.301700	0.030750)
(8.500000	1.325000	0.030650)
(8.750000	1.360600	0.029890)
(9.000000	1.368200	0.030290)
(9.250000	1.389900	0.029990)
(9.500000	1.421900	0.029260)
(9.750000	1.416200	0.029820)
(10.000000	1.420500	0.029860)
(10.250000	1.469800	0.029060)
(10.500000	1.502200	0.029060)
(10.750000	1.522700	0.029490)
(11.000000	1.542200	0.029870)
(11.250000	1.561000	0.030210)
(11.500000	1.579400	0.030500)
(11.750000	1.582700	0.031500)
(12.000000	1.581000	0.032860)
(12.250000	1.587000	0.033830)
(12.500000	1.594700	0.034740)
(12.750000	1.587000	0.036820)
(13.000000	1.587700	0.038410)
(13.250000	1.588100	0.040080)
(13.500000	1.580600	0.042550)
(13.750000	1.575700	0.044910)
(14.000000	1.568200	0.047680)
(14.250000	1.559500	0.050730)
(14.500000	1.551900	0.053770)
(14.750000	1.542300	0.057180)
(15.000000	1.532700	0.060700)
(15.250000	1.523900	0.064230)
(15.500000	1.515200	0.067840)
(15.750000	1.507300	0.071480)
(16.000000	1.500600	0.075030)
(16.250000	1.494300	0.078620)
(16.500000	1.488600	0.082200)
(16.750000	1.483400	0.085750)
(17.000000	1.478700	0.089280)
(17.250000	1.473700	0.092930)
(17.500000	1.469000	0.096570)
(17.750000	1.464500	0.100220)
(18.000000	1.459800	0.103950)
(18.250000	1.454800	0.107790)
(18.500000	1.449600	0.111680)
(18.750000	1.444300	0.115630)
(19.000000	1.438700	0.119660)
(19.250000	1.433100	0.123710)
(19.500000	1.427800	0.127750)
(19.750000	1.422800	0.131760)
(20.000000	1.419300	0.135510)
(20.250000	1.417700	0.138910)
(20.500000	1.418500	0.141910)
(20.750000	1.421600	0.144460)
(21.000000	1.426000	0.146850)
(21.250000	1.431400	0.149000)
(21.500000	1.438400	0.150850)
(21.750000	1.446100	0.152540)
(22.000000	1.454900	0.154010)
(22.250000	1.466400	0.154880)
(22.500000	1.471000	0.157230)
(22.750000	1.479300	0.158740)
(23.000000	1.489700	0.159880)
(23.250000	1.492100	0.162650)
(23.500000	1.501100	0.163960)
(23.750000	1.503300	0.166750)
(24.000000	1.501500	0.170320)
(24.250000	1.517100	0.170220)
(24.500000	1.506900	0.175590)
(24.750000	1.494700	0.181440)
(25.000000	1.481400	0.187650)
(25.250000	1.463100	0.195150)
(25.500000	1.426900	0.207270)
(26.000000	0.754400	0.280530)
(26.250000	0.756500	0.283370)
(26.500000	0.756500	0.286770)
(26.750000	0.759700	0.289310)
(27.000000	0.760100	0.292610)
(27.250000	0.761000	0.295890)
(27.500000	0.763700	0.298460)
(27.750000	0.763700	0.301960)
(28.000000	0.767000	0.304320)
(28.250000	0.766900	0.307870)
(28.500000	0.768600	0.310880)
(28.750000	0.769900	0.313870)
(29.000000	0.771000	0.317040)
(29.250000	0.772800	0.319780)
(29.500000	0.773400	0.323100)
(29.750000	0.775700	0.325630)
(30.000000	0.776000	0.329150)
(34.285714	0.777221	0.416488)
(38.571429	0.772972	0.509108)
(42.857143	0.760412	0.604938)
(47.142857	0.737835	0.701834)
(51.428571	0.704336	0.797626)
(55.714286	0.659627	0.890171)
(60.000000	0.603924	0.977396)
(64.285714	0.537873	1.057348)
(68.571429	0.462481	1.128234)
(72.857143	0.379074	1.188468)
(77.142857	0.289239	1.236696)
(81.428571	0.194782	1.271837)
(85.714286	0.097673	1.293098)
(90.000000	0.000000	1.300000)
(94.285714	-0.068371	1.293098)
(98.571429	-0.136347	1.271837)
(102.857143	-0.202468	1.236696)
(107.142857	-0.265352	1.188468)
(111.428571	-0.323737	1.128234)
(115.714286	-0.376511	1.057348)
(120.000000	-0.422747	0.977396)
(124.285714	-0.461739	0.890171)
(128.571429	-0.493035	0.797626)
(132.857143	-0.516484	0.701834)
(137.142857	-0.532289	0.604938)
(141.428571	-0.541081	0.509108)
(145.714286	-0.544055	0.416488)
(150.000000	-0.543200	0.329150)
(152.142857	-0.504400	0.288079)
(154.285714	-0.465600	0.249049)
(156.428571	-0.426800	0.212280)
(158.571429	-0.388000	0.177977)
(160.714286	-0.349200	0.146333)
(162.857143	-0.310400	0.117524)
(165.000000	-0.271600	0.091712)
(167.142857	-0.232800	0.069042)
(169.285714	-0.194000	0.049641)
(171.428571	-0.155200	0.033616)
(173.571429	-0.116400	0.021059)
(175.714286	-0.077600	0.012039)
(177.857143	-0.038800	0.006606)
(180.000000	0.000000	0.004792)
