// Re = 0.05
(-180.000000	0.000000	0.001000)
(-177.857143	0.060415	0.001000)
(-175.714286	0.120830	0.001000)
(-173.571429	0.181245	0.007427)
(-171.428571	0.241660	0.020052)
(-169.285714	0.302075	0.036162)
(-167.142857	0.362490	0.055668)
(-165.000000	0.422905	0.078462)
(-162.857143	0.483320	0.104416)
(-160.714286	0.543735	0.133385)
(-158.571429	0.604150	0.165207)
(-156.428571	0.664565	0.199707)
(-154.285714	0.724980	0.236690)
(-152.142857	0.785395	0.275950)
(-150.000000	0.845810	0.317270)
(-145.714286	0.788537	0.405153)
(-141.428571	0.738864	0.498383)
(-137.142857	0.691672	0.594882)
(-132.857143	0.643804	0.692503)
(-128.571429	0.593343	0.789073)
(-124.285714	0.539220	0.882444)
(-120.000000	0.480984	0.970537)
(-115.714286	0.418664	1.051396)
(-111.428571	0.352663	1.123223)
(-107.142857	0.283694	1.184424)
(-102.857143	0.212714	1.233644)
(-98.571429	0.140879	1.269792)
(-94.285714	0.069501	1.292073)
(-90.000000	0.000000	1.300000)
(-85.714286	-0.069501	1.292073)
(-81.428571	-0.140879	1.269792)
(-77.142857	-0.212714	1.233644)
(-72.857143	-0.283694	1.184424)
(-68.571429	-0.352663	1.123223)
(-64.285714	-0.418664	1.051396)
(-60.000000	-0.480984	0.970537)
(-55.714286	-0.539220	0.882444)
(-51.428571	-0.593343	0.789073)
(-47.142857	-0.643804	0.692503)
(-42.857143	-0.691672	0.594882)
(-38.571429	-0.738864	0.498383)
(-34.285714	-0.788537	0.405153)
(-30.000000	-0.845810	0.317270)
(-28.214286	-0.832709	0.297602)
(-26.428571	-0.819609	0.277934)
(-24.642857	-0.806508	0.258266)
(-22.857143	-0.793407	0.238599)
(-21.071429	-0.780306	0.218931)
(-19.285714	-0.767206	0.199263)
(-17.500000	-0.754105	0.179595)
(-15.714286	-0.741004	0.159927)
(-13.928571	-0.727904	0.140259)
(-12.142857	-0.714803	0.120591)
(-10.357143	-0.701702	0.100924)
(-8.571429	-0.688601	0.081256)
(-5.000000	-0.662400	0.041920)
(-4.750000	-0.644200	0.041160)
(-4.500000	-0.626000	0.040460)
(-4.250000	-0.607000	0.039740)
(-4.000000	-0.588400	0.039370)
(-3.750000	-0.573900	0.040260)
(-3.250000	-0.558700	0.044000)
(-3.000000	-0.551900	0.045730)
(-2.500000	-0.538900	0.048740)
(-2.250000	-0.533900	0.050070)
(-2.000000	-0.528400	0.051170)
(-1.750000	-0.521600	0.052000)
(-1.500000	-0.516500	0.052670)
(-1.250000	-0.508200	0.053090)
(-1.000000	-0.490400	0.054300)
(-0.750000	-0.472900	0.055370)
(-0.500000	-0.455300	0.056240)
(-0.250000	-0.437800	0.056890)
(0.000000	-0.419800	0.057450)
(0.250000	-0.400400	0.057820)
(0.500000	-0.377300	0.058420)
(0.750000	-0.359000	0.058720)
(1.000000	-0.338600	0.059080)
(1.250000	-0.318400	0.059510)
(1.500000	-0.296700	0.060020)
(1.750000	-0.275700	0.060530)
(2.000000	-0.254100	0.061080)
(2.250000	-0.233300	0.061620)
(2.500000	-0.212100	0.062220)
(3.000000	-0.165500	0.063830)
(3.250000	-0.135300	0.065160)
(3.500000	-0.102800	0.066500)
(3.750000	-0.069500	0.067800)
(4.000000	-0.032200	0.069410)
(4.250000	0.005800	0.071130)
(4.500000	0.026900	0.072000)
(4.750000	0.043800	0.072920)
(5.000000	0.070700	0.074680)
(5.250000	0.102000	0.076770)
(5.500000	0.124200	0.078150)
(5.750000	0.147600	0.079810)
(6.000000	0.172500	0.081720)
(6.250000	0.199100	0.083890)
(6.500000	0.229300	0.086450)
(6.750000	0.261900	0.089240)
(7.000000	0.282700	0.091110)
(7.250000	0.303300	0.093120)
(7.500000	0.323700	0.095220)
(8.000000	0.363400	0.099640)
(8.250000	0.382700	0.101930)
(8.500000	0.401400	0.104240)
(8.750000	0.419700	0.106570)
(9.000000	0.437300	0.108920)
(9.250000	0.454400	0.111260)
(9.500000	0.470800	0.113610)
(9.750000	0.486600	0.115940)
(10.000000	0.501900	0.118280)
(10.250000	0.516600	0.120600)
(10.500000	0.531100	0.122940)
(10.750000	0.545500	0.125300)
(11.000000	0.560000	0.127690)
(11.250000	0.575000	0.130150)
(11.500000	0.590700	0.132710)
(11.750000	0.607400	0.135430)
(12.000000	0.619500	0.137880)
(12.250000	0.626000	0.139780)
(12.500000	0.637000	0.142030)
(12.750000	0.651400	0.144590)
(13.000000	0.668700	0.147520)
(13.250000	0.677300	0.149870)
(13.500000	0.683900	0.151940)
(13.750000	0.695500	0.154410)
(14.000000	0.710400	0.157220)
(14.250000	0.724200	0.160170)
(14.500000	0.729300	0.162300)
(14.750000	0.736800	0.164600)
(15.000000	0.747200	0.167150)
(15.250000	0.759600	0.169890)
(15.500000	0.774000	0.172920)
(15.750000	0.782200	0.175530)
(16.000000	0.788300	0.177850)
(16.250000	0.795400	0.180250)
(16.500000	0.804100	0.182780)
(16.750000	0.814200	0.185450)
(17.000000	0.825700	0.188300)
(17.250000	0.839100	0.191470)
(17.500000	0.845400	0.193960)
(17.750000	0.851200	0.196360)
(18.000000	0.857900	0.198780)
(18.250000	0.866300	0.201380)
(18.500000	0.876600	0.204170)
(18.750000	0.889600	0.207370)
(19.000000	0.896500	0.210020)
(19.250000	0.901300	0.212310)
(19.500000	0.908500	0.214800)
(19.750000	0.920000	0.217790)
(20.000000	0.929500	0.220800)
(20.250000	0.933500	0.222980)
(20.500000	0.943100	0.225730)
(20.750000	0.954300	0.228950)
(21.000000	0.958100	0.231140)
(21.250000	0.965300	0.233700)
(21.500000	0.974100	0.236530)
(21.750000	0.982700	0.239360)
(22.000000	0.990400	0.242080)
(22.250000	0.997200	0.244700)
(22.500000	1.003700	0.247260)
(22.750000	1.010400	0.249870)
(23.000000	1.018000	0.252500)
(23.250000	1.027300	0.255480)
(23.500000	1.038000	0.258580)
(23.750000	1.041400	0.260340)
(24.000000	1.047100	0.262720)
(24.250000	1.055300	0.265370)
(24.500000	1.066200	0.268520)
(24.750000	1.069600	0.270200)
(25.000000	1.075900	0.272580)
(25.250000	1.085900	0.275610)
(25.500000	1.091400	0.277510)
(25.750000	1.096900	0.279750)
(26.000000	1.106400	0.282590)
(26.250000	1.112000	0.284520)
(26.500000	1.117700	0.286730)
(26.750000	1.127500	0.289690)
(27.000000	1.131700	0.291270)
(27.250000	1.138400	0.293560)
(27.500000	1.146900	0.296120)
(27.750000	1.151200	0.297880)
(28.000000	1.159400	0.300500)
(28.250000	1.164800	0.302330)
(28.500000	1.171000	0.304520)
(28.750000	1.178700	0.306860)
(29.000000	1.183300	0.308670)
(29.250000	1.191800	0.311390)
(29.500000	1.195800	0.312860)
(29.750000	1.203000	0.315170)
(30.000000	1.208300	0.317270)
(34.285714	1.126482	0.405153)
(38.571429	1.055520	0.498383)
(42.857143	0.988103	0.594882)
(47.142857	0.919720	0.692503)
(51.428571	0.847633	0.789073)
(55.714286	0.770314	0.882444)
(60.000000	0.687121	0.970537)
(64.285714	0.598091	1.051396)
(68.571429	0.503805	1.123223)
(72.857143	0.405277	1.184424)
(77.142857	0.303877	1.233644)
(81.428571	0.201256	1.269792)
(85.714286	0.099287	1.292073)
(90.000000	0.000000	1.300000)
(94.285714	-0.069501	1.292073)
(98.571429	-0.140879	1.269792)
(102.857143	-0.212714	1.233644)
(107.142857	-0.283694	1.184424)
(111.428571	-0.352663	1.123223)
(115.714286	-0.418664	1.051396)
(120.000000	-0.480984	0.970537)
(124.285714	-0.539220	0.882444)
(128.571429	-0.593343	0.789073)
(132.857143	-0.643804	0.692503)
(137.142857	-0.691672	0.594882)
(141.428571	-0.738864	0.498383)
(145.714286	-0.788537	0.405153)
(150.000000	-0.845810	0.317270)
(152.142857	-0.785395	0.275950)
(154.285714	-0.724980	0.236690)
(156.428571	-0.664565	0.199707)
(158.571429	-0.604150	0.165207)
(160.714286	-0.543735	0.133385)
(162.857143	-0.483320	0.104416)
(165.000000	-0.422905	0.078462)
(167.142857	-0.362490	0.055668)
(169.285714	-0.302075	0.036162)
(171.428571	-0.241660	0.020052)
(173.571429	-0.181245	0.007427)
(175.714286	-0.120830	0.001000)
(177.857143	-0.060415	0.001000)
(180.000000	0.000000	0.001000)
