// Re = 0.05
(-180.000000	0.000000	0.075058)
(-178.767857	0.049410	0.075642)
(-177.535714	0.098820	0.077392)
(-176.303571	0.148230	0.080305)
(-175.071429	0.197640	0.084376)
(-173.839286	0.247050	0.089597)
(-172.607143	0.296460	0.095958)
(-171.375000	0.345870	0.103446)
(-170.142857	0.395280	0.112049)
(-168.910714	0.444690	0.121749)
(-167.678571	0.494100	0.132528)
(-166.446429	0.543510	0.144366)
(-165.214286	0.592920	0.157241)
(-163.982143	0.642330	0.171128)
(-162.750000	0.691740	0.186000)
(-157.553571	0.636838	0.258893)
(-152.357143	0.612695	0.346326)
(-147.160714	0.598318	0.445358)
(-141.964286	0.583700	0.552655)
(-136.767857	0.563498	0.664600)
(-131.571429	0.534797	0.777411)
(-126.375000	0.496180	0.887267)
(-121.178571	0.447272	0.990431)
(-115.982143	0.388499	1.083381)
(-110.785714	0.320925	1.162920)
(-105.589286	0.246137	1.226284)
(-100.392857	0.166137	1.271234)
(-95.196429	0.083243	1.296134)
(-90.000000	0.000000	1.300000)
(-84.803571	-0.083243	1.296134)
(-79.607143	-0.166137	1.271234)
(-74.410714	-0.246137	1.226284)
(-69.214286	-0.320925	1.162920)
(-64.017857	-0.388499	1.083381)
(-58.821429	-0.447272	0.990431)
(-53.625000	-0.496180	0.887267)
(-48.428571	-0.534797	0.777411)
(-43.232143	-0.563498	0.664600)
(-38.035714	-0.583700	0.552655)
(-32.839286	-0.598318	0.445358)
(-27.642857	-0.612695	0.346326)
(-22.446429	-0.636838	0.258893)
(-17.250000	-0.691740	0.186000)
(-16.375000	-0.681980	0.176267)
(-15.500000	-0.672220	0.166534)
(-14.625000	-0.662460	0.156801)
(-13.750000	-0.652700	0.147069)
(-12.875000	-0.642940	0.137336)
(-12.000000	-0.633180	0.127603)
(-11.125000	-0.623420	0.117870)
(-10.250000	-0.613660	0.108137)
(-9.375000	-0.603900	0.098404)
(-8.500000	-0.594140	0.088671)
(-7.625000	-0.584380	0.078939)
(-6.750000	-0.574620	0.069206)
(-5.000000	-0.555100	0.049740)
(-4.750000	-0.530300	0.046840)
(-4.500000	-0.507800	0.044880)
(-4.250000	-0.483200	0.043060)
(-4.000000	-0.460600	0.041680)
(-3.750000	-0.437500	0.040500)
(-3.500000	-0.415200	0.039550)
(-3.250000	-0.393400	0.038770)
(-3.000000	-0.371700	0.038130)
(-2.750000	-0.350400	0.037590)
(-2.500000	-0.328800	0.037050)
(-2.250000	-0.300500	0.036170)
(-2.000000	-0.275100	0.037130)
(-1.750000	-0.282500	0.037730)
(-1.500000	-0.281400	0.038820)
(-1.250000	-0.279100	0.039700)
(-1.000000	-0.279400	0.040350)
(-0.750000	-0.279300	0.040840)
(-0.500000	-0.279500	0.041130)
(-0.250000	-0.280200	0.041190)
(0.000000	-0.279900	0.041080)
(0.250000	-0.278600	0.040840)
(0.500000	-0.270200	0.040620)
(0.750000	-0.225000	0.041370)
(1.000000	-0.195500	0.041470)
(1.250000	-0.184100	0.041310)
(1.750000	-0.117900	0.043930)
(2.000000	-0.076800	0.045860)
(2.250000	-0.036400	0.047830)
(2.500000	0.002900	0.049820)
(2.750000	0.040500	0.051810)
(3.000000	0.076500	0.053800)
(3.250000	0.113400	0.055970)
(3.500000	0.146300	0.057930)
(3.750000	0.175100	0.059730)
(4.000000	0.208500	0.061970)
(4.250000	0.233100	0.063700)
(4.500000	0.261400	0.065740)
(4.750000	0.291700	0.068080)
(5.000000	0.311200	0.069710)
(5.250000	0.334100	0.071620)
(5.500000	0.359600	0.073810)
(5.750000	0.385800	0.076180)
(6.000000	0.403500	0.078030)
(6.250000	0.420300	0.079800)
(6.500000	0.441500	0.081960)
(6.750000	0.464600	0.084340)
(7.000000	0.488700	0.086940)
(7.250000	0.497500	0.088500)
(7.500000	0.514000	0.090600)
(7.750000	0.535000	0.093080)
(8.000000	0.558000	0.095860)
(8.250000	0.563600	0.097500)
(8.500000	0.581500	0.099900)
(8.750000	0.605000	0.102860)
(9.000000	0.609300	0.104590)
(9.250000	0.631600	0.107400)
(9.500000	0.638700	0.109510)
(9.750000	0.661600	0.112370)
(10.000000	0.666600	0.114400)
(10.250000	0.685700	0.117200)
(10.500000	0.706300	0.119880)
(10.750000	0.711500	0.121920)
(11.000000	0.761100	0.120040)
(11.250000	0.746700	0.126820)
(11.500000	0.754300	0.128810)
(11.750000	0.856200	0.118970)
(12.000000	0.875500	0.119980)
(12.250000	0.903000	0.119920)
(12.500000	0.911300	0.121690)
(12.750000	0.929800	0.122180)
(13.000000	0.955000	0.121510)
(13.250000	0.962200	0.123300)
(13.500000	1.006800	0.118840)
(13.750000	1.008000	0.121590)
(14.000000	1.013800	0.123690)
(14.250000	1.080100	0.112810)
(14.500000	1.030200	0.127180)
(14.750000	1.038400	0.129020)
(15.000000	1.047900	0.130550)
(15.250000	1.026800	0.139540)
(15.500000	1.014700	0.146590)
(15.750000	1.007000	0.152760)
(16.000000	1.002200	0.158410)
(16.250000	0.999300	0.163710)
(16.500000	1.009400	0.165850)
(16.750000	0.997400	0.173590)
(17.000000	0.991100	0.180060)
(17.250000	0.988200	0.186000)
(22.446429	0.909769	0.258893)
(27.642857	0.875278	0.346326)
(32.839286	0.854740	0.445358)
(38.035714	0.833857	0.552655)
(43.232143	0.804996	0.664600)
(48.428571	0.763996	0.777411)
(53.625000	0.708829	0.887267)
(58.821429	0.638960	0.990431)
(64.017857	0.554998	1.083381)
(69.214286	0.458465	1.162920)
(74.410714	0.351625	1.226284)
(79.607143	0.237338	1.271234)
(84.803571	0.118918	1.296134)
(90.000000	0.000000	1.300000)
(95.196429	-0.083243	1.296134)
(100.392857	-0.166137	1.271234)
(105.589286	-0.246137	1.226284)
(110.785714	-0.320925	1.162920)
(115.982143	-0.388499	1.083381)
(121.178571	-0.447272	0.990431)
(126.375000	-0.496180	0.887267)
(131.571429	-0.534797	0.777411)
(136.767857	-0.563498	0.664600)
(141.964286	-0.583700	0.552655)
(147.160714	-0.598318	0.445358)
(152.357143	-0.612695	0.346326)
(157.553571	-0.636838	0.258893)
(162.750000	-0.691740	0.186000)
(163.982143	-0.642330	0.171128)
(165.214286	-0.592920	0.157241)
(166.446429	-0.543510	0.144366)
(167.678571	-0.494100	0.132528)
(168.910714	-0.444690	0.121749)
(170.142857	-0.395280	0.112049)
(171.375000	-0.345870	0.103446)
(172.607143	-0.296460	0.095958)
(173.839286	-0.247050	0.089597)
(175.071429	-0.197640	0.084376)
(176.303571	-0.148230	0.080305)
(177.535714	-0.098820	0.077392)
(178.767857	-0.049410	0.075642)
(180.000000	0.000000	0.075058)
