// Re = 0.16
(-180.000000	0.000000	0.001000)
(-178.464286	0.069275	0.001000)
(-176.928571	0.138550	0.001000)
(-175.392857	0.207825	0.001000)
(-173.857143	0.277100	0.005172)
(-172.321429	0.346375	0.013527)
(-170.785714	0.415650	0.023689)
(-169.250000	0.484925	0.035630)
(-167.714286	0.554200	0.049316)
(-166.178571	0.623475	0.064706)
(-164.642857	0.692750	0.081758)
(-163.107143	0.762025	0.100422)
(-161.571429	0.831300	0.120644)
(-160.035714	0.900575	0.142368)
(-158.500000	0.969850	0.165530)
(-153.607143	0.866383	0.248130)
(-148.714286	0.796543	0.342233)
(-143.821429	0.741795	0.445110)
(-138.928571	0.692282	0.553777)
(-134.035714	0.642411	0.665084)
(-129.142857	0.588989	0.775803)
(-124.250000	0.530341	0.882727)
(-119.357143	0.465838	0.982759)
(-114.464286	0.395632	1.073004)
(-109.571429	0.320476	1.150851)
(-104.678571	0.241599	1.214052)
(-99.785714	0.160602	1.260785)
(-94.892857	0.079372	1.289709)
(-90.000000	0.000000	1.300000)
(-85.107143	-0.079372	1.289709)
(-80.214286	-0.160602	1.260785)
(-75.321429	-0.241599	1.214052)
(-70.428571	-0.320476	1.150851)
(-65.535714	-0.395632	1.073004)
(-60.642857	-0.465838	0.982759)
(-55.750000	-0.530341	0.882727)
(-50.857143	-0.588989	0.775803)
(-45.964286	-0.642411	0.665084)
(-41.071429	-0.692282	0.553777)
(-36.178571	-0.741795	0.445110)
(-31.285714	-0.796543	0.342233)
(-26.392857	-0.866383	0.248130)
(-21.500000	-0.969850	0.165530)
(-20.321429	-0.900311	0.155011)
(-19.142857	-0.830771	0.144491)
(-17.964286	-0.761232	0.133972)
(-16.785714	-0.691693	0.123453)
(-15.607143	-0.622154	0.112934)
(-14.428571	-0.552614	0.102414)
(-13.250000	-0.483075	0.091895)
(-12.071429	-0.413536	0.081376)
(-10.892857	-0.343996	0.070856)
(-9.714286	-0.274457	0.060337)
(-8.535714	-0.204918	0.049818)
(-7.357143	-0.135379	0.039299)
(-5.000000	0.003700	0.018260)
(-4.750000	0.033900	0.016920)
(-4.500000	0.061700	0.015740)
(-4.250000	0.090000	0.015750)
(-4.000000	0.119500	0.015870)
(-3.750000	0.149800	0.016010)
(-3.500000	0.176100	0.016250)
(-3.250000	0.202100	0.016550)
(-3.000000	0.229000	0.016860)
(-2.750000	0.256900	0.017050)
(-2.500000	0.281200	0.017270)
(-2.250000	0.307600	0.017440)
(-2.000000	0.334900	0.017590)
(-1.750000	0.360800	0.017760)
(-1.500000	0.384500	0.017940)
(-1.250000	0.411100	0.018020)
(-1.000000	0.440200	0.018000)
(-0.750000	0.465700	0.018080)
(-0.500000	0.492700	0.018130)
(-0.250000	0.523700	0.018060)
(0.000000	0.547900	0.018180)
(0.250000	0.573400	0.018260)
(0.500000	0.604000	0.018210)
(0.750000	0.629100	0.018320)
(1.000000	0.655000	0.018430)
(1.250000	0.684800	0.018420)
(1.500000	0.711300	0.018520)
(1.750000	0.736800	0.018660)
(2.000000	0.764700	0.018690)
(2.250000	0.790600	0.018790)
(2.500000	0.814900	0.018950)
(2.750000	0.842900	0.019000)
(3.000000	0.869200	0.019100)
(3.250000	0.893000	0.019290)
(3.500000	0.919900	0.019370)
(3.750000	0.946700	0.019440)
(4.000000	0.969800	0.019650)
(4.250000	0.995700	0.019770)
(4.500000	1.022700	0.019780)
(4.750000	1.043300	0.019990)
(5.000000	1.065700	0.020140)
(5.250000	1.093500	0.020120)
(5.500000	1.113900	0.020240)
(5.750000	1.133500	0.020400)
(6.000000	1.153800	0.020480)
(6.250000	1.175300	0.020410)
(6.500000	1.196400	0.020240)
(6.750000	1.213700	0.020110)
(7.000000	1.249000	0.020020)
(7.250000	1.282100	0.020110)
(7.500000	1.312400	0.020230)
(7.750000	1.343700	0.020280)
(8.000000	1.376100	0.020130)
(8.250000	1.398500	0.020230)
(8.500000	1.423500	0.020290)
(8.750000	1.444900	0.020490)
(9.000000	1.466100	0.020680)
(9.250000	1.483800	0.020930)
(9.500000	1.497400	0.021250)
(9.750000	1.507900	0.021620)
(10.000000	1.516100	0.022110)
(10.250000	1.520600	0.022790)
(10.500000	1.521900	0.023710)
(10.750000	1.519900	0.024960)
(11.000000	1.515400	0.026560)
(11.250000	1.508200	0.028570)
(11.500000	1.498800	0.030970)
(11.750000	1.487900	0.033690)
(12.000000	1.476300	0.036680)
(12.250000	1.464800	0.039830)
(12.500000	1.453800	0.043130)
(12.750000	1.443700	0.046500)
(13.000000	1.434500	0.049940)
(13.250000	1.426400	0.053390)
(13.500000	1.419400	0.056850)
(13.750000	1.413600	0.060270)
(14.000000	1.408100	0.063720)
(14.250000	1.401600	0.067370)
(14.500000	1.396300	0.070960)
(14.750000	1.389400	0.074820)
(15.000000	1.382200	0.078770)
(15.250000	1.375600	0.082640)
(15.500000	1.371200	0.086270)
(15.750000	1.369100	0.089570)
(16.000000	1.369200	0.092550)
(16.250000	1.371600	0.095150)
(16.500000	1.375400	0.097650)
(16.750000	1.380800	0.099880)
(17.000000	1.389100	0.101550)
(17.250000	1.394300	0.103910)
(17.500000	1.405000	0.105200)
(17.750000	1.410400	0.107580)
(18.000000	1.418900	0.109370)
(18.250000	1.429600	0.110760)
(18.500000	1.431900	0.113700)
(18.750000	1.438900	0.115800)
(19.000000	1.452300	0.116780)
(19.250000	1.446800	0.121100)
(19.500000	1.442400	0.125270)
(19.750000	1.438000	0.129510)
(20.000000	1.433900	0.133710)
(20.250000	1.432100	0.137510)
(20.500000	1.447000	0.138110)
(20.750000	1.432800	0.144390)
(21.000000	1.417800	0.151020)
(21.250000	1.401800	0.158100)
(21.500000	1.385500	0.165530)
(26.392857	1.237690	0.248130)
(31.285714	1.137919	0.342233)
(36.178571	1.059707	0.445110)
(41.071429	0.988974	0.553777)
(45.964286	0.917730	0.665084)
(50.857143	0.841413	0.775803)
(55.750000	0.757630	0.882727)
(60.642857	0.665483	0.982759)
(65.535714	0.565188	1.073004)
(70.428571	0.457823	1.150851)
(75.321429	0.345141	1.214052)
(80.214286	0.229432	1.260785)
(85.107143	0.113389	1.289709)
(90.000000	0.000000	1.300000)
(94.892857	-0.079372	1.289709)
(99.785714	-0.160602	1.260785)
(104.678571	-0.241599	1.214052)
(109.571429	-0.320476	1.150851)
(114.464286	-0.395632	1.073004)
(119.357143	-0.465838	0.982759)
(124.250000	-0.530341	0.882727)
(129.142857	-0.588989	0.775803)
(134.035714	-0.642411	0.665084)
(138.928571	-0.692282	0.553777)
(143.821429	-0.741795	0.445110)
(148.714286	-0.796543	0.342233)
(153.607143	-0.866383	0.248130)
(158.500000	-0.969850	0.165530)
(160.035714	-0.900575	0.142368)
(161.571429	-0.831300	0.120644)
(163.107143	-0.762025	0.100422)
(164.642857	-0.692750	0.081758)
(166.178571	-0.623475	0.064706)
(167.714286	-0.554200	0.049316)
(169.250000	-0.484925	0.035630)
(170.785714	-0.415650	0.023689)
(172.321429	-0.346375	0.013527)
(173.857143	-0.277100	0.005172)
(175.392857	-0.207825	0.001000)
(176.928571	-0.138550	0.001000)
(178.464286	-0.069275	0.001000)
(180.000000	0.000000	0.001000)
