// Re = 0.05
(-180.000000	0.000000	0.086649)
(-178.928571	0.054630	0.087088)
(-177.857143	0.109260	0.088406)
(-176.785714	0.163890	0.090600)
(-175.714286	0.218520	0.093667)
(-174.642857	0.273150	0.097602)
(-173.571429	0.327780	0.102401)
(-172.500000	0.382410	0.108056)
(-171.428571	0.437040	0.114559)
(-170.357143	0.491670	0.121901)
(-169.285714	0.546300	0.130070)
(-168.214286	0.600930	0.139057)
(-167.142857	0.655560	0.148847)
(-166.071429	0.710190	0.159426)
(-165.000000	0.764820	0.170780)
(-159.642857	0.673413	0.238556)
(-154.285714	0.634594	0.322800)
(-148.928571	0.614149	0.420492)
(-143.571429	0.597282	0.528127)
(-138.214286	0.576505	0.641832)
(-132.857143	0.547796	0.757511)
(-127.500000	0.509122	0.870981)
(-122.142857	0.459769	0.978124)
(-116.785714	0.400002	1.075032)
(-111.428571	0.330851	1.158140)
(-106.071429	0.253962	1.224358)
(-100.714286	0.171473	1.271177)
(-95.357143	0.085895	1.296758)
(-90.000000	0.000000	1.300000)
(-84.642857	-0.085895	1.296758)
(-79.285714	-0.171473	1.271177)
(-73.928571	-0.253962	1.224358)
(-68.571429	-0.330851	1.158140)
(-63.214286	-0.400002	1.075032)
(-57.857143	-0.459769	0.978124)
(-52.500000	-0.509122	0.870981)
(-47.142857	-0.547796	0.757511)
(-41.785714	-0.576505	0.641832)
(-36.428571	-0.597282	0.528127)
(-31.071429	-0.614149	0.420492)
(-25.714286	-0.634594	0.322800)
(-20.357143	-0.673413	0.238556)
(-15.000000	-0.764820	0.170780)
(-13.928571	-0.707097	0.161106)
(-12.857143	-0.649374	0.151433)
(-11.785714	-0.591651	0.141759)
(-10.714286	-0.533929	0.132086)
(-9.642857	-0.476206	0.122412)
(-8.571429	-0.418483	0.112739)
(-7.500000	-0.360760	0.103065)
(-6.428571	-0.303037	0.093391)
(-5.357143	-0.245314	0.083718)
(-4.285714	-0.187591	0.074044)
(-3.214286	-0.129869	0.064371)
(-2.142857	-0.072146	0.054697)
(0.000000	0.043300	0.035350)
(0.250000	0.095500	0.036650)
(0.500000	0.137700	0.037800)
(0.750000	0.182800	0.039070)
(1.000000	0.225800	0.040370)
(1.250000	0.261000	0.041590)
(1.500000	0.295700	0.042860)
(1.750000	0.329400	0.044180)
(2.000000	0.362000	0.045530)
(2.250000	0.393500	0.046910)
(2.500000	0.424000	0.048330)
(2.750000	0.454100	0.049790)
(3.000000	0.480000	0.051260)
(3.250000	0.503600	0.052770)
(3.500000	0.526300	0.054330)
(3.750000	0.547900	0.055930)
(4.000000	0.568700	0.057570)
(4.250000	0.588600	0.059250)
(4.500000	0.608500	0.060960)
(4.750000	0.640000	0.062570)
(5.000000	0.653400	0.064330)
(5.250000	0.682500	0.065890)
(5.500000	0.697100	0.067640)
(5.750000	0.719300	0.069250)
(6.000000	0.742300	0.070840)
(6.250000	0.764900	0.072430)
(6.500000	0.786700	0.074020)
(6.750000	0.807900	0.075600)
(7.000000	0.829600	0.077150)
(7.250000	0.855200	0.078510)
(7.500000	0.880200	0.079760)
(7.750000	0.895300	0.081410)
(8.000000	0.927200	0.081950)
(8.250000	0.959600	0.081990)
(8.500000	0.985900	0.082150)
(8.750000	1.012200	0.082120)
(9.000000	1.040800	0.081690)
(9.250000	1.078600	0.079800)
(9.750000	1.332000	0.041200)
(10.000000	1.321300	0.041970)
(10.250000	1.304000	0.045050)
(10.500000	1.296700	0.048280)
(11.000000	1.342900	0.052340)
(11.250000	1.396600	0.054440)
(11.500000	1.443500	0.057610)
(14.250000	1.322300	0.107450)
(14.500000	1.296200	0.114490)
(15.000000	1.092600	0.170780)
(20.357143	0.962018	0.238556)
(25.714286	0.906563	0.322800)
(31.071429	0.877355	0.420492)
(36.428571	0.853260	0.528127)
(41.785714	0.823579	0.641832)
(47.142857	0.782566	0.757511)
(52.500000	0.727317	0.870981)
(57.857143	0.656813	0.978124)
(63.214286	0.571431	1.075032)
(68.571429	0.472644	1.158140)
(73.928571	0.362803	1.224358)
(79.285714	0.244962	1.271177)
(84.642857	0.122707	1.296758)
(90.000000	0.000000	1.300000)
(95.357143	-0.085895	1.296758)
(100.714286	-0.171473	1.271177)
(106.071429	-0.253962	1.224358)
(111.428571	-0.330851	1.158140)
(116.785714	-0.400002	1.075032)
(122.142857	-0.459769	0.978124)
(127.500000	-0.509122	0.870981)
(132.857143	-0.547796	0.757511)
(138.214286	-0.576505	0.641832)
(143.571429	-0.597282	0.528127)
(148.928571	-0.614149	0.420492)
(154.285714	-0.634594	0.322800)
(159.642857	-0.673413	0.238556)
(165.000000	-0.764820	0.170780)
(166.071429	-0.710190	0.159426)
(167.142857	-0.655560	0.148847)
(168.214286	-0.600930	0.139057)
(169.285714	-0.546300	0.130070)
(170.357143	-0.491670	0.121901)
(171.428571	-0.437040	0.114559)
(172.500000	-0.382410	0.108056)
(173.571429	-0.327780	0.102401)
(174.642857	-0.273150	0.097602)
(175.714286	-0.218520	0.093667)
(176.785714	-0.163890	0.090600)
(177.857143	-0.109260	0.088406)
(178.928571	-0.054630	0.087088)
(180.000000	0.000000	0.086649)
