// Re = 0.15
(-180.000000	0.000000	0.028689)
(-178.625000	0.058895	0.029430)
(-177.250000	0.117790	0.031649)
(-175.875000	0.176685	0.035342)
(-174.500000	0.235580	0.040500)
(-173.125000	0.294475	0.047111)
(-171.750000	0.353370	0.055160)
(-170.375000	0.412265	0.064628)
(-169.000000	0.471160	0.075493)
(-167.625000	0.530055	0.087730)
(-166.250000	0.588950	0.101310)
(-164.875000	0.647845	0.116202)
(-163.500000	0.706740	0.132372)
(-162.125000	0.765635	0.149781)
(-160.750000	0.824530	0.168390)
(-155.696429	0.745410	0.246355)
(-150.642857	0.699082	0.337456)
(-145.589286	0.665416	0.438840)
(-140.535714	0.634283	0.547328)
(-135.482143	0.600122	0.659517)
(-130.428571	0.559836	0.771888)
(-125.375000	0.511859	0.880908)
(-120.321429	0.455687	0.983148)
(-115.267857	0.391610	1.075384)
(-110.214286	0.320541	1.154703)
(-105.160714	0.243895	1.218587)
(-100.107143	0.163480	1.264999)
(-95.053571	0.081407	1.292440)
(-90.000000	0.000000	1.300000)
(-84.946429	-0.081407	1.292440)
(-79.892857	-0.163480	1.264999)
(-74.839286	-0.243895	1.218587)
(-69.785714	-0.320541	1.154703)
(-64.732143	-0.391610	1.075384)
(-59.678571	-0.455687	0.983148)
(-54.625000	-0.511859	0.880908)
(-49.571429	-0.559836	0.771888)
(-44.517857	-0.600122	0.659517)
(-39.464286	-0.634283	0.547328)
(-34.410714	-0.665416	0.438840)
(-29.357143	-0.699082	0.337456)
(-24.303571	-0.745410	0.246355)
(-19.250000	-0.824530	0.168390)
(-18.232143	-0.769671	0.158016)
(-17.214286	-0.714811	0.147641)
(-16.196429	-0.659952	0.137267)
(-15.178571	-0.605093	0.126893)
(-14.160714	-0.550234	0.116519)
(-13.142857	-0.495374	0.106144)
(-12.125000	-0.440515	0.095770)
(-11.107143	-0.385656	0.085396)
(-10.089286	-0.330796	0.075021)
(-9.071429	-0.275937	0.064647)
(-8.053571	-0.221078	0.054273)
(-7.035714	-0.166219	0.043899)
(-5.000000	-0.056500	0.023150)
(-4.750000	-0.017700	0.022000)
(-4.500000	0.009700	0.021270)
(-4.250000	0.039900	0.020480)
(-4.000000	0.073800	0.019660)
(-3.750000	0.100700	0.019050)
(-3.500000	0.138300	0.018110)
(-3.250000	0.165700	0.016830)
(-3.000000	0.193200	0.015910)
(-2.750000	0.226400	0.015910)
(-2.500000	0.250600	0.016130)
(-2.250000	0.276200	0.016330)
(-2.000000	0.306200	0.016430)
(-1.750000	0.327100	0.016750)
(-1.500000	0.347600	0.017050)
(-1.250000	0.377100	0.017050)
(-1.000000	0.398600	0.017180)
(-0.750000	0.422600	0.017240)
(-0.500000	0.454200	0.017100)
(-0.250000	0.477200	0.017190)
(0.000000	0.502200	0.017230)
(0.250000	0.532500	0.017110)
(0.500000	0.554300	0.017210)
(0.750000	0.578200	0.017260)
(1.000000	0.607700	0.017150)
(1.250000	0.629700	0.017270)
(1.500000	0.653100	0.017320)
(1.750000	0.680200	0.017240)
(2.000000	0.700800	0.017370)
(2.250000	0.723000	0.017400)
(2.500000	0.747500	0.017340)
(2.750000	0.764900	0.017450)
(3.000000	0.785900	0.017430)
(3.250000	0.808100	0.017350)
(3.500000	0.825500	0.017390)
(3.750000	0.857500	0.017330)
(4.000000	0.901900	0.017260)
(4.250000	0.932100	0.017530)
(4.500000	0.964400	0.017740)
(4.750000	1.001400	0.017780)
(5.000000	1.032200	0.017970)
(5.250000	1.061000	0.018200)
(5.500000	1.090200	0.018370)
(5.750000	1.119600	0.018430)
(6.000000	1.148600	0.018440)
(6.250000	1.177100	0.018420)
(6.500000	1.205300	0.018390)
(6.750000	1.233500	0.018360)
(7.000000	1.255400	0.018440)
(7.250000	1.281100	0.018250)
(7.500000	1.300700	0.018140)
(7.750000	1.319000	0.018140)
(8.000000	1.336200	0.018280)
(8.250000	1.352700	0.018450)
(8.500000	1.366900	0.018680)
(8.750000	1.377700	0.018980)
(9.000000	1.384800	0.019380)
(9.250000	1.389800	0.019960)
(9.500000	1.391000	0.020790)
(9.750000	1.387100	0.022020)
(10.000000	1.378300	0.023740)
(10.250000	1.366700	0.025900)
(10.500000	1.353100	0.028490)
(10.750000	1.338600	0.031410)
(11.000000	1.325200	0.034490)
(11.250000	1.314700	0.037520)
(11.500000	1.307600	0.040370)
(11.750000	1.303500	0.043050)
(12.000000	1.301500	0.045600)
(12.250000	1.301200	0.048060)
(12.500000	1.302100	0.050430)
(12.750000	1.304200	0.052720)
(13.000000	1.307700	0.054890)
(13.250000	1.312500	0.056980)
(13.500000	1.318600	0.058950)
(13.750000	1.326600	0.060720)
(14.000000	1.337000	0.062290)
(14.250000	1.347000	0.064010)
(14.500000	1.363500	0.065110)
(14.750000	1.373600	0.067020)
(15.000000	1.385600	0.068820)
(15.250000	1.397100	0.070760)
(15.500000	1.406400	0.072940)
(15.750000	1.418100	0.075010)
(16.000000	1.413900	0.078530)
(16.250000	1.419600	0.081160)
(16.500000	1.408700	0.085390)
(17.000000	1.401400	0.092560)
(17.250000	1.385600	0.097630)
(17.500000	1.369700	0.102960)
(17.750000	1.353000	0.108580)
(18.000000	1.335500	0.114580)
(18.250000	1.317600	0.120930)
(18.500000	1.299900	0.127570)
(18.750000	1.283100	0.134360)
(19.250000	1.177900	0.168390)
(24.303571	1.064872	0.246355)
(29.357143	0.998688	0.337456)
(34.410714	0.950594	0.438840)
(39.464286	0.906119	0.547328)
(44.517857	0.857317	0.659517)
(49.571429	0.799765	0.771888)
(54.625000	0.731227	0.880908)
(59.678571	0.650981	0.983148)
(64.732143	0.559442	1.075384)
(69.785714	0.457916	1.154703)
(74.839286	0.348422	1.218587)
(79.892857	0.233543	1.264999)
(84.946429	0.116296	1.292440)
(90.000000	0.000000	1.300000)
(95.053571	-0.081407	1.292440)
(100.107143	-0.163480	1.264999)
(105.160714	-0.243895	1.218587)
(110.214286	-0.320541	1.154703)
(115.267857	-0.391610	1.075384)
(120.321429	-0.455687	0.983148)
(125.375000	-0.511859	0.880908)
(130.428571	-0.559836	0.771888)
(135.482143	-0.600122	0.659517)
(140.535714	-0.634283	0.547328)
(145.589286	-0.665416	0.438840)
(150.642857	-0.699082	0.337456)
(155.696429	-0.745410	0.246355)
(160.750000	-0.824530	0.168390)
(162.125000	-0.765635	0.149781)
(163.500000	-0.706740	0.132372)
(164.875000	-0.647845	0.116202)
(166.250000	-0.588950	0.101310)
(167.625000	-0.530055	0.087730)
(169.000000	-0.471160	0.075493)
(170.375000	-0.412265	0.064628)
(171.750000	-0.353370	0.055160)
(173.125000	-0.294475	0.047111)
(174.500000	-0.235580	0.040500)
(175.875000	-0.176685	0.035342)
(177.250000	-0.117790	0.031649)
(178.625000	-0.058895	0.029430)
(180.000000	0.000000	0.028689)
