// Re = 0.19
(-180.000000	0.000000	0.001000)
(-178.160714	0.066530	0.001000)
(-176.321429	0.133060	0.001000)
(-174.482143	0.199590	0.001000)
(-172.642857	0.266120	0.001000)
(-170.803571	0.332650	0.001000)
(-168.964286	0.399180	0.008889)
(-167.125000	0.465710	0.026063)
(-165.285714	0.532240	0.045689)
(-163.446429	0.598770	0.067688)
(-161.607143	0.665300	0.091969)
(-159.767857	0.731830	0.118433)
(-157.928571	0.798360	0.146974)
(-156.089286	0.864890	0.177474)
(-154.250000	0.931420	0.209810)
(-149.660714	0.851040	0.297620)
(-145.071429	0.788885	0.393800)
(-140.482143	0.734839	0.495919)
(-135.892857	0.683014	0.601400)
(-131.303571	0.629899	0.707581)
(-126.714286	0.573465	0.811787)
(-122.125000	0.512694	0.911398)
(-117.535714	0.447300	1.003911)
(-112.946429	0.377563	1.087011)
(-108.357143	0.304209	1.158625)
(-103.767857	0.228314	1.216975)
(-99.178571	0.151238	1.260626)
(-94.589286	0.074557	1.288519)
(-90.000000	0.000000	1.300000)
(-85.410714	-0.074557	1.288519)
(-80.821429	-0.151238	1.260626)
(-76.232143	-0.228314	1.216975)
(-71.642857	-0.304209	1.158625)
(-67.053571	-0.377563	1.087011)
(-62.464286	-0.447300	1.003911)
(-57.875000	-0.512694	0.911398)
(-53.285714	-0.573465	0.811787)
(-48.696429	-0.629899	0.707581)
(-44.107143	-0.683014	0.601400)
(-39.517857	-0.734839	0.495919)
(-34.928571	-0.788885	0.393800)
(-30.339286	-0.851040	0.297620)
(-25.750000	-0.931420	0.209810)
(-24.267857	-0.866611	0.195913)
(-22.785714	-0.801803	0.182016)
(-21.303571	-0.736994	0.168119)
(-19.821429	-0.672186	0.154221)
(-18.339286	-0.607377	0.140324)
(-16.857143	-0.542569	0.126427)
(-15.375000	-0.477760	0.112530)
(-13.892857	-0.412951	0.098633)
(-12.410714	-0.348143	0.084736)
(-10.928571	-0.283334	0.070839)
(-9.446429	-0.218526	0.056941)
(-7.964286	-0.153717	0.043044)
(-5.000000	-0.024100	0.015250)
(-4.750000	0.000700	0.015400)
(-4.500000	0.031100	0.015500)
(-4.250000	0.056200	0.015690)
(-4.000000	0.084900	0.015810)
(-3.750000	0.111500	0.015980)
(-3.500000	0.138300	0.016220)
(-3.250000	0.165500	0.016460)
(-3.000000	0.191600	0.016650)
(-2.750000	0.219600	0.016770)
(-2.500000	0.244800	0.016970)
(-2.250000	0.273200	0.017070)
(-2.000000	0.299300	0.017130)
(-1.750000	0.327100	0.017210)
(-1.500000	0.352600	0.017280)
(-1.250000	0.381400	0.017310)
(-1.000000	0.406200	0.017390)
(-0.750000	0.436000	0.017360)
(-0.500000	0.460500	0.017450)
(-0.250000	0.490300	0.017410)
(0.000000	0.515000	0.017500)
(0.250000	0.544300	0.017490)
(0.500000	0.569400	0.017580)
(0.750000	0.598100	0.017600)
(1.000000	0.623900	0.017690)
(1.250000	0.651700	0.017740)
(1.500000	0.678600	0.017820)
(1.750000	0.705200	0.017910)
(2.000000	0.733600	0.017960)
(2.250000	0.758300	0.018110)
(2.500000	0.788900	0.018130)
(2.750000	0.810400	0.018350)
(3.000000	0.840700	0.018380)
(3.250000	0.862000	0.018620)
(3.500000	0.892800	0.018660)
(3.750000	0.913600	0.018920)
(4.000000	0.943300	0.018980)
(4.250000	0.965700	0.019220)
(4.500000	0.992900	0.019320)
(4.750000	1.016600	0.019540)
(5.000000	1.044000	0.019660)
(5.250000	1.066600	0.019870)
(5.500000	1.092400	0.019990)
(5.750000	1.115300	0.020200)
(6.000000	1.142400	0.020270)
(6.250000	1.163000	0.020490)
(6.500000	1.193200	0.020450)
(6.750000	1.210200	0.020720)
(7.000000	1.239200	0.020710)
(7.250000	1.256200	0.020960)
(7.500000	1.277400	0.021120)
(7.750000	1.302500	0.021150)
(8.000000	1.318100	0.021330)
(8.250000	1.337900	0.021280)
(8.500000	1.357200	0.021110)
(8.750000	1.379200	0.020910)
(9.000000	1.385700	0.021010)
(9.250000	1.392700	0.021020)
(9.500000	1.418800	0.021140)
(9.750000	1.443200	0.021350)
(10.000000	1.462900	0.021590)
(10.250000	1.478900	0.021860)
(10.500000	1.493100	0.022190)
(10.750000	1.506800	0.022570)
(11.000000	1.514600	0.023180)
(11.250000	1.518600	0.024000)
(11.500000	1.525200	0.024760)
(11.750000	1.525800	0.025900)
(12.000000	1.527400	0.027100)
(12.250000	1.526500	0.028560)
(12.500000	1.523300	0.030310)
(12.750000	1.518700	0.032280)
(13.000000	1.512100	0.034530)
(13.250000	1.504100	0.037050)
(13.500000	1.494800	0.039840)
(13.750000	1.485100	0.042840)
(14.000000	1.474900	0.046010)
(14.250000	1.465100	0.049310)
(14.500000	1.455600	0.052680)
(14.750000	1.446800	0.056110)
(15.000000	1.438200	0.059610)
(15.250000	1.430200	0.063130)
(15.500000	1.423000	0.066660)
(15.750000	1.416200	0.070190)
(16.000000	1.409900	0.073730)
(16.250000	1.404000	0.077260)
(16.500000	1.398600	0.080790)
(16.750000	1.393300	0.084350)
(17.000000	1.388700	0.087880)
(17.250000	1.384200	0.091460)
(17.500000	1.379400	0.095120)
(17.750000	1.374600	0.098850)
(18.000000	1.368900	0.102740)
(18.250000	1.362300	0.106780)
(18.500000	1.355200	0.110930)
(18.750000	1.348700	0.114980)
(19.000000	1.343400	0.118840)
(19.250000	1.340400	0.122380)
(19.500000	1.339300	0.125600)
(19.750000	1.340100	0.128530)
(20.000000	1.342600	0.131160)
(20.250000	1.346300	0.133600)
(20.500000	1.351000	0.135870)
(20.750000	1.356400	0.137990)
(21.000000	1.362900	0.139890)
(21.250000	1.371500	0.141350)
(21.500000	1.377000	0.143440)
(21.750000	1.384500	0.145130)
(22.000000	1.393100	0.146570)
(22.250000	1.399000	0.148550)
(22.500000	1.408000	0.149900)
(22.750000	1.414000	0.151820)
(23.000000	1.418200	0.154100)
(23.250000	1.430500	0.154750)
(23.500000	1.426700	0.158590)
(23.750000	1.427500	0.161510)
(24.000000	1.440300	0.161930)
(24.250000	1.435400	0.166100)
(24.500000	1.426900	0.170950)
(24.750000	1.417500	0.176060)
(25.000000	1.406200	0.181680)
(25.250000	1.390300	0.188480)
(25.500000	1.365000	0.197660)
(25.750000	1.330600	0.209810)
(30.339286	1.215771	0.297620)
(34.928571	1.126978	0.393800)
(39.517857	1.049770	0.495919)
(44.107143	0.975734	0.601400)
(48.696429	0.899855	0.707581)
(53.285714	0.819236	0.811787)
(57.875000	0.732419	0.911398)
(62.464286	0.639000	1.003911)
(67.053571	0.539376	1.087011)
(71.642857	0.434584	1.158625)
(76.232143	0.326163	1.216975)
(80.821429	0.216055	1.260626)
(85.410714	0.106510	1.288519)
(90.000000	0.000000	1.300000)
(94.589286	-0.074557	1.288519)
(99.178571	-0.151238	1.260626)
(103.767857	-0.228314	1.216975)
(108.357143	-0.304209	1.158625)
(112.946429	-0.377563	1.087011)
(117.535714	-0.447300	1.003911)
(122.125000	-0.512694	0.911398)
(126.714286	-0.573465	0.811787)
(131.303571	-0.629899	0.707581)
(135.892857	-0.683014	0.601400)
(140.482143	-0.734839	0.495919)
(145.071429	-0.788885	0.393800)
(149.660714	-0.851040	0.297620)
(154.250000	-0.931420	0.209810)
(156.089286	-0.864890	0.177474)
(157.928571	-0.798360	0.146974)
(159.767857	-0.731830	0.118433)
(161.607143	-0.665300	0.091969)
(163.446429	-0.598770	0.067688)
(165.285714	-0.532240	0.045689)
(167.125000	-0.465710	0.026063)
(168.964286	-0.399180	0.008889)
(170.803571	-0.332650	0.001000)
(172.642857	-0.266120	0.001000)
(174.482143	-0.199590	0.001000)
(176.321429	-0.133060	0.001000)
(178.160714	-0.066530	0.001000)
(180.000000	0.000000	0.001000)
