// Re = 0.11
(-180.000000	0.000000	0.001000)
(-178.678571	0.062910	0.001000)
(-177.357143	0.125820	0.001000)
(-176.035714	0.188730	0.001000)
(-174.714286	0.251640	0.001000)
(-173.392857	0.314550	0.005304)
(-172.071429	0.377460	0.012863)
(-170.750000	0.440370	0.021759)
(-169.428571	0.503280	0.031973)
(-168.107143	0.566190	0.043482)
(-166.785714	0.629100	0.056263)
(-165.464286	0.692010	0.070288)
(-164.142857	0.754920	0.085528)
(-162.821429	0.817830	0.101950)
(-161.500000	0.880740	0.119520)
(-156.392857	0.782892	0.197499)
(-151.285714	0.726265	0.289560)
(-146.178571	0.686326	0.392796)
(-141.071429	0.651058	0.503948)
(-135.964286	0.613957	0.619508)
(-130.857143	0.571411	0.735830)
(-125.750000	0.521553	0.849245)
(-120.642857	0.463704	0.956178)
(-115.535714	0.398058	1.053261)
(-110.428571	0.325488	1.137439)
(-105.321429	0.247409	1.206067)
(-100.214286	0.165655	1.256995)
(-95.107143	0.082389	1.288631)
(-90.000000	0.000000	1.300000)
(-84.892857	-0.082389	1.288631)
(-79.785714	-0.165655	1.256995)
(-74.678571	-0.247409	1.206067)
(-69.571429	-0.325488	1.137439)
(-64.464286	-0.398058	1.053261)
(-59.357143	-0.463704	0.956178)
(-54.250000	-0.521553	0.849245)
(-49.142857	-0.571411	0.735830)
(-44.035714	-0.613957	0.619508)
(-38.928571	-0.651058	0.503948)
(-33.821429	-0.686326	0.392796)
(-28.714286	-0.726265	0.289560)
(-23.607143	-0.782892	0.197499)
(-18.500000	-0.880740	0.119520)
(-17.535714	-0.831737	0.113176)
(-16.571429	-0.782734	0.106831)
(-15.607143	-0.733731	0.100487)
(-14.642857	-0.684729	0.094143)
(-13.678571	-0.635726	0.087799)
(-12.714286	-0.586723	0.081454)
(-11.750000	-0.537720	0.075110)
(-10.785714	-0.488717	0.068766)
(-9.821429	-0.439714	0.062421)
(-8.857143	-0.390711	0.056077)
(-7.892857	-0.341709	0.049733)
(-6.928571	-0.292706	0.043389)
(-5.000000	-0.194700	0.030700)
(-4.750000	-0.165000	0.029680)
(-4.500000	-0.127400	0.028540)
(-4.250000	-0.102300	0.027860)
(-4.000000	-0.074700	0.027180)
(-3.750000	-0.038000	0.026290)
(-3.500000	-0.014700	0.025810)
(-3.000000	0.048900	0.023030)
(-2.750000	0.067300	0.023050)
(-2.500000	0.103900	0.023250)
(-2.250000	0.120900	0.023780)
(-2.000000	0.137500	0.024320)
(-1.750000	0.164000	0.024650)
(-1.500000	0.179600	0.025160)
(-1.250000	0.190300	0.025710)
(-1.000000	0.224100	0.025590)
(-0.750000	0.232700	0.026030)
(-0.250000	0.264500	0.026590)
(0.000000	0.293800	0.026430)
(0.500000	0.342800	0.026420)
(1.000000	0.389600	0.026470)
(1.250000	0.398400	0.026970)
(1.750000	0.441100	0.026990)
(2.000000	0.446600	0.027690)
(2.500000	0.495600	0.027680)
(3.000000	0.578100	0.028180)
(3.500000	0.657700	0.028170)
(4.250000	0.740400	0.029850)
(4.750000	0.819200	0.029500)
(5.000000	0.820700	0.031180)
(5.500000	0.907400	0.030070)
(5.750000	0.903400	0.031840)
(6.250000	1.001100	0.029960)
(6.500000	1.018000	0.030430)
(6.750000	1.038600	0.030670)
(7.250000	1.105500	0.029660)
(7.500000	1.151700	0.028540)
(7.750000	1.189700	0.027740)
(8.000000	1.223100	0.027120)
(8.250000	1.265000	0.026000)
(8.500000	1.285800	0.025480)
(8.750000	1.309800	0.024790)
(9.000000	1.330100	0.024360)
(9.250000	1.341200	0.024300)
(9.500000	1.347400	0.024440)
(9.750000	1.354800	0.024590)
(10.000000	1.354700	0.025090)
(10.250000	1.356300	0.025620)
(10.500000	1.353000	0.026510)
(10.750000	1.347700	0.027680)
(11.000000	1.339900	0.029230)
(11.250000	1.328900	0.031250)
(11.500000	1.315200	0.033730)
(11.750000	1.300300	0.036580)
(12.000000	1.285400	0.039680)
(12.250000	1.271800	0.042880)
(12.500000	1.260600	0.046070)
(12.750000	1.252600	0.049090)
(13.000000	1.247600	0.051940)
(13.250000	1.245100	0.054600)
(13.500000	1.244900	0.057080)
(13.750000	1.246700	0.059440)
(14.000000	1.250400	0.061630)
(14.250000	1.256600	0.063600)
(14.500000	1.266300	0.065270)
(14.750000	1.277500	0.066910)
(15.000000	1.292800	0.068260)
(15.250000	1.306800	0.069870)
(15.500000	1.323200	0.071450)
(15.750000	1.334900	0.073550)
(16.000000	1.345700	0.075830)
(16.250000	1.355300	0.078270)
(16.500000	1.357200	0.081340)
(16.750000	1.355400	0.084810)
(17.000000	1.344200	0.089050)
(17.250000	1.351200	0.091750)
(17.500000	1.333000	0.096700)
(17.750000	1.314800	0.101950)
(18.000000	1.296100	0.107510)
(18.250000	1.277100	0.113370)
(18.500000	1.258200	0.119520)
(23.607143	1.118417	0.197499)
(28.714286	1.037521	0.289560)
(33.821429	0.980466	0.392796)
(38.928571	0.930083	0.503948)
(44.035714	0.877082	0.619508)
(49.142857	0.816301	0.735830)
(54.250000	0.745076	0.849245)
(59.357143	0.662434	0.956178)
(64.464286	0.568654	1.053261)
(69.571429	0.464984	1.137439)
(74.678571	0.353441	1.206067)
(79.785714	0.236650	1.256995)
(84.892857	0.117698	1.288631)
(90.000000	0.000000	1.300000)
(95.107143	-0.082389	1.288631)
(100.214286	-0.165655	1.256995)
(105.321429	-0.247409	1.206067)
(110.428571	-0.325488	1.137439)
(115.535714	-0.398058	1.053261)
(120.642857	-0.463704	0.956178)
(125.750000	-0.521553	0.849245)
(130.857143	-0.571411	0.735830)
(135.964286	-0.613957	0.619508)
(141.071429	-0.651058	0.503948)
(146.178571	-0.686326	0.392796)
(151.285714	-0.726265	0.289560)
(156.392857	-0.782892	0.197499)
(161.500000	-0.880740	0.119520)
(162.821429	-0.817830	0.101950)
(164.142857	-0.754920	0.085528)
(165.464286	-0.692010	0.070288)
(166.785714	-0.629100	0.056263)
(168.107143	-0.566190	0.043482)
(169.428571	-0.503280	0.031973)
(170.750000	-0.440370	0.021759)
(172.071429	-0.377460	0.012863)
(173.392857	-0.314550	0.005304)
(174.714286	-0.251640	0.001000)
(176.035714	-0.188730	0.001000)
(177.357143	-0.125820	0.001000)
(178.678571	-0.062910	0.001000)
(180.000000	0.000000	0.001000)
