// Re = 0.09
(-180.000000	0.000000	0.061145)
(-178.071429	0.040640	0.062582)
(-176.142857	0.081280	0.066889)
(-174.214286	0.121920	0.074044)
(-172.285714	0.162560	0.084016)
(-170.357143	0.203200	0.096757)
(-168.428571	0.243840	0.112209)
(-166.500000	0.284480	0.130301)
(-164.571429	0.325120	0.150950)
(-162.642857	0.365760	0.174059)
(-160.714286	0.406400	0.199523)
(-158.785714	0.447040	0.227224)
(-156.857143	0.487680	0.257034)
(-154.928571	0.528320	0.288815)
(-153.000000	0.568960	0.322420)
(-148.500000	0.565224	0.407041)
(-144.000000	0.560630	0.498606)
(-139.500000	0.551661	0.594812)
(-135.000000	0.536219	0.693236)
(-130.500000	0.513109	0.791393)
(-126.000000	0.481782	0.886801)
(-121.500000	0.442185	0.977042)
(-117.000000	0.394672	1.059820)
(-112.500000	0.339941	1.133019)
(-108.000000	0.278975	1.194756)
(-103.500000	0.213003	1.243428)
(-99.000000	0.143449	1.277752)
(-94.500000	0.071887	1.296795)
(-90.000000	0.000000	1.300000)
(-85.500000	-0.071887	1.296795)
(-81.000000	-0.143449	1.277752)
(-76.500000	-0.213003	1.243428)
(-72.000000	-0.278975	1.194756)
(-67.500000	-0.339941	1.133019)
(-63.000000	-0.394672	1.059820)
(-58.500000	-0.442185	0.977042)
(-54.000000	-0.481782	0.886801)
(-49.500000	-0.513109	0.791393)
(-45.000000	-0.536219	0.693236)
(-40.500000	-0.551661	0.594812)
(-36.000000	-0.560630	0.498606)
(-31.500000	-0.565224	0.407041)
(-27.000000	-0.568960	0.322420)
(-25.428571	-0.552606	0.303091)
(-23.857143	-0.536251	0.283761)
(-22.285714	-0.519897	0.264432)
(-20.714286	-0.503543	0.245103)
(-19.142857	-0.487189	0.225774)
(-17.571429	-0.470834	0.206444)
(-16.000000	-0.454480	0.187115)
(-14.428571	-0.438126	0.167786)
(-12.857143	-0.421771	0.148456)
(-11.285714	-0.405417	0.129127)
(-9.714286	-0.389063	0.109798)
(-8.142857	-0.372709	0.090469)
(-5.000000	-0.340000	0.051810)
(-4.750000	-0.301800	0.053500)
(-4.500000	-0.315000	0.054400)
(-3.500000	-0.276600	0.058050)
(-3.250000	-0.276700	0.058730)
(-3.000000	-0.263400	0.059280)
(-2.750000	-0.257200	0.059810)
(-2.500000	-0.251000	0.060320)
(-2.250000	-0.226900	0.060610)
(-2.000000	-0.237600	0.061990)
(-1.750000	-0.223900	0.062490)
(-1.500000	-0.206100	0.062870)
(-1.250000	-0.204100	0.063550)
(-1.000000	-0.200200	0.064580)
(-0.750000	-0.192400	0.065530)
(-0.500000	-0.174700	0.066270)
(0.500000	-0.183300	0.071810)
(0.750000	-0.143900	0.072830)
(1.000000	-0.140300	0.073230)
(1.250000	-0.115400	0.074000)
(1.500000	-0.093200	0.074910)
(1.750000	-0.075200	0.075570)
(2.000000	-0.044300	0.076910)
(2.250000	-0.029400	0.077490)
(2.500000	-0.017200	0.078390)
(2.750000	0.019100	0.079760)
(3.000000	0.028300	0.080520)
(3.250000	0.048400	0.081710)
(3.500000	0.077400	0.083030)
(3.750000	0.091400	0.084070)
(4.000000	0.106400	0.085310)
(4.250000	0.138700	0.086820)
(4.500000	0.149100	0.087920)
(4.750000	0.166100	0.089350)
(5.000000	0.198200	0.091000)
(5.250000	0.208100	0.092190)
(5.500000	0.222900	0.093700)
(6.000000	0.268900	0.096930)
(6.250000	0.277100	0.098280)
(6.500000	0.294500	0.100050)
(6.750000	0.324600	0.101820)
(7.000000	0.333300	0.103250)
(7.250000	0.347900	0.105060)
(7.500000	0.360000	0.106690)
(7.750000	0.390000	0.108550)
(8.000000	0.402000	0.110290)
(8.250000	0.410400	0.111910)
(8.500000	0.423300	0.113760)
(8.750000	0.443300	0.115760)
(9.000000	0.467200	0.117560)
(9.250000	0.475200	0.119230)
(9.500000	0.485200	0.121050)
(9.750000	0.497000	0.122980)
(10.000000	0.512200	0.124940)
(10.250000	0.539800	0.126730)
(10.500000	0.548300	0.128490)
(10.750000	0.557400	0.130310)
(11.000000	0.567200	0.132170)
(11.250000	0.578000	0.134080)
(11.500000	0.587700	0.135800)
(11.750000	0.599000	0.137540)
(12.000000	0.609100	0.139070)
(12.250000	0.618000	0.140310)
(12.500000	0.626300	0.141220)
(12.750000	0.643800	0.142720)
(13.000000	0.680300	0.144590)
(13.250000	0.756000	0.138500)
(13.500000	0.794700	0.139090)
(13.750000	0.804900	0.141910)
(14.000000	0.825200	0.143890)
(14.750000	0.895800	0.148360)
(15.000000	0.917300	0.149750)
(15.250000	0.937200	0.151180)
(15.750000	0.972400	0.154270)
(16.750000	1.028100	0.161620)
(17.000000	1.019600	0.166960)
(17.250000	1.033000	0.168810)
(17.500000	1.057700	0.168630)
(17.750000	1.065200	0.171330)
(18.000000	1.071700	0.174260)
(18.250000	1.077200	0.177310)
(18.500000	1.081800	0.180590)
(18.750000	1.085800	0.183980)
(19.000000	0.693300	0.211020)
(19.250000	0.698500	0.213960)
(19.500000	0.705200	0.216900)
(19.750000	0.715400	0.219800)
(20.000000	0.725300	0.222670)
(20.250000	0.725900	0.225590)
(20.500000	0.727500	0.228680)
(20.750000	0.730100	0.231860)
(21.000000	0.733800	0.235090)
(21.250000	0.738200	0.238290)
(21.500000	0.743100	0.241470)
(21.750000	0.747600	0.244670)
(22.000000	0.751200	0.247920)
(22.250000	0.755000	0.251200)
(22.500000	0.759600	0.254440)
(22.750000	0.764400	0.257710)
(23.500000	0.774100	0.268550)
(23.750000	0.775700	0.272510)
(24.000000	0.778300	0.276450)
(24.250000	0.785300	0.279680)
(24.500000	0.787100	0.283500)
(24.750000	0.786900	0.287830)
(25.000000	0.793100	0.291200)
(25.250000	0.794300	0.295180)
(25.500000	0.795700	0.299340)
(25.750000	0.802200	0.302560)
(26.000000	0.801200	0.307070)
(26.250000	0.808600	0.310130)
(26.500000	0.807000	0.314740)
(26.750000	0.811900	0.318320)
(27.000000	0.812800	0.322420)
(31.500000	0.807462	0.407041)
(36.000000	0.800900	0.498606)
(40.500000	0.788088	0.594812)
(45.000000	0.766027	0.693236)
(49.500000	0.733013	0.791393)
(54.000000	0.688260	0.886801)
(58.500000	0.631693	0.977042)
(63.000000	0.563818	1.059820)
(67.500000	0.485629	1.133019)
(72.000000	0.398536	1.194756)
(76.500000	0.304290	1.243428)
(81.000000	0.204927	1.277752)
(85.500000	0.102696	1.296795)
(90.000000	0.000000	1.300000)
(94.500000	-0.071887	1.296795)
(99.000000	-0.143449	1.277752)
(103.500000	-0.213003	1.243428)
(108.000000	-0.278975	1.194756)
(112.500000	-0.339941	1.133019)
(117.000000	-0.394672	1.059820)
(121.500000	-0.442185	0.977042)
(126.000000	-0.481782	0.886801)
(130.500000	-0.513109	0.791393)
(135.000000	-0.536219	0.693236)
(139.500000	-0.551661	0.594812)
(144.000000	-0.560630	0.498606)
(148.500000	-0.565224	0.407041)
(153.000000	-0.568960	0.322420)
(154.928571	-0.528320	0.288815)
(156.857143	-0.487680	0.257034)
(158.785714	-0.447040	0.227224)
(160.714286	-0.406400	0.199523)
(162.642857	-0.365760	0.174059)
(164.571429	-0.325120	0.150950)
(166.500000	-0.284480	0.130301)
(168.428571	-0.243840	0.112209)
(170.357143	-0.203200	0.096757)
(172.285714	-0.162560	0.084016)
(174.214286	-0.121920	0.074044)
(176.142857	-0.081280	0.066889)
(178.071429	-0.040640	0.062582)
(180.000000	0.000000	0.061145)
