// Re = 0.07
(-180.000000	0.000000	0.064184)
(-178.482143	0.055630	0.065074)
(-176.964286	0.111260	0.067740)
(-175.446429	0.166890	0.072176)
(-173.928571	0.222520	0.078367)
(-172.410714	0.278150	0.086298)
(-170.892857	0.333780	0.095944)
(-169.375000	0.389410	0.107279)
(-167.857143	0.445040	0.120269)
(-166.339286	0.500670	0.134879)
(-164.821429	0.556300	0.151065)
(-163.303571	0.611930	0.168783)
(-161.785714	0.667560	0.187980)
(-160.267857	0.723190	0.208602)
(-158.750000	0.778820	0.230590)
(-153.839286	0.719534	0.310309)
(-148.928571	0.681880	0.401251)
(-144.017857	0.651867	0.500692)
(-139.107143	0.622032	0.605650)
(-134.196429	0.588153	0.712974)
(-129.285714	0.547869	0.819436)
(-124.375000	0.500036	0.921824)
(-119.464286	0.444380	1.017040)
(-114.553571	0.381293	1.102192)
(-109.642857	0.311701	1.174675)
(-104.732143	0.236959	1.232253)
(-99.821429	0.158760	1.273123)
(-94.910714	0.079060	1.295968)
(-90.000000	0.000000	1.300000)
(-85.089286	-0.079060	1.295968)
(-80.178571	-0.158760	1.273123)
(-75.267857	-0.236959	1.232253)
(-70.357143	-0.311701	1.174675)
(-65.446429	-0.381293	1.102192)
(-60.535714	-0.444380	1.017040)
(-55.625000	-0.500036	0.921824)
(-50.714286	-0.547869	0.819436)
(-45.803571	-0.588153	0.712974)
(-40.892857	-0.622032	0.605650)
(-35.982143	-0.651867	0.500692)
(-31.071429	-0.681880	0.401251)
(-26.160714	-0.719534	0.310309)
(-21.250000	-0.778820	0.230590)
(-20.089286	-0.747726	0.217037)
(-18.928571	-0.716631	0.203484)
(-17.767857	-0.685537	0.189931)
(-16.607143	-0.654443	0.176379)
(-15.446429	-0.623349	0.162826)
(-14.285714	-0.592254	0.149273)
(-13.125000	-0.561160	0.135720)
(-11.964286	-0.530066	0.122167)
(-10.803571	-0.498971	0.108614)
(-9.642857	-0.467877	0.095061)
(-8.482143	-0.436783	0.081509)
(-7.321429	-0.405689	0.067956)
(-5.000000	-0.343500	0.040850)
(-4.500000	-0.317800	0.044200)
(-4.250000	-0.298800	0.046070)
(-3.750000	-0.275800	0.049150)
(-3.500000	-0.272900	0.050340)
(-3.250000	-0.257600	0.051530)
(-3.000000	-0.248200	0.052500)
(-2.750000	-0.238600	0.053340)
(-2.500000	-0.213300	0.054050)
(-2.250000	-0.213400	0.054890)
(-2.000000	-0.207400	0.055810)
(-1.750000	-0.195200	0.056710)
(-1.500000	-0.183200	0.057500)
(-1.250000	-0.176300	0.058170)
(-1.000000	-0.163700	0.058810)
(0.000000	-0.178000	0.062760)
(0.250000	-0.161300	0.063130)
(0.500000	-0.139400	0.063900)
(0.750000	-0.112800	0.064910)
(1.000000	-0.101700	0.065230)
(1.250000	-0.080500	0.066090)
(1.500000	-0.051600	0.067150)
(1.750000	-0.034400	0.067740)
(2.000000	-0.011100	0.068830)
(2.250000	0.013000	0.069780)
(2.500000	0.028700	0.070500)
(2.750000	0.058200	0.072000)
(3.000000	0.078500	0.072880)
(3.250000	0.091200	0.073660)
(3.500000	0.121700	0.075350)
(3.750000	0.138000	0.076180)
(4.000000	0.152500	0.077210)
(4.250000	0.180500	0.078920)
(4.500000	0.197900	0.079950)
(4.750000	0.210100	0.081000)
(5.000000	0.229800	0.082470)
(5.250000	0.253900	0.083930)
(5.500000	0.264000	0.084960)
(5.750000	0.277900	0.086290)
(6.000000	0.308700	0.088240)
(6.250000	0.314800	0.089030)
(6.500000	0.323300	0.090100)
(6.750000	0.334600	0.091310)
(7.000000	0.360300	0.092970)
(7.250000	0.376900	0.094110)
(7.500000	0.397500	0.096230)
(7.750000	0.418600	0.098510)
(8.250000	0.461900	0.103380)
(8.500000	0.483700	0.105920)
(8.750000	0.505400	0.108490)
(9.000000	0.526700	0.111070)
(9.250000	0.547500	0.113660)
(9.500000	0.567700	0.116240)
(9.750000	0.587500	0.118810)
(10.250000	0.628100	0.123920)
(10.500000	0.650500	0.126500)
(10.750000	0.671600	0.129130)
(11.000000	0.676900	0.131440)
(11.250000	0.691300	0.133690)
(11.500000	0.721100	0.135970)
(11.750000	0.723800	0.138330)
(12.000000	0.803000	0.130770)
(12.250000	0.826500	0.131710)
(12.500000	0.839900	0.133500)
(12.750000	0.870100	0.133870)
(13.000000	0.870400	0.136810)
(13.250000	0.894200	0.137670)
(13.500000	0.906100	0.139590)
(13.750000	0.913800	0.141980)
(14.000000	0.935200	0.142810)
(14.250000	0.948100	0.144590)
(14.500000	0.949500	0.147870)
(14.750000	0.964100	0.149400)
(15.000000	0.985500	0.149870)
(15.250000	0.985200	0.153580)
(15.500000	0.988600	0.156770)
(15.750000	1.000400	0.158670)
(16.000000	1.019400	0.159250)
(16.250000	1.024400	0.162210)
(16.500000	1.021900	0.166610)
(16.750000	1.027100	0.169630)
(17.000000	1.039600	0.171250)
(17.250000	1.060400	0.171120)
(17.500000	1.052500	0.176930)
(17.750000	1.051800	0.181290)
(18.000000	1.054600	0.184980)
(18.250000	1.064300	0.187120)
(18.500000	1.076500	0.188610)
(18.750000	1.073500	0.193720)
(19.000000	1.073800	0.198060)
(19.250000	1.089700	0.198260)
(19.500000	1.086700	0.203360)
(19.750000	1.098100	0.204470)
(20.000000	1.111200	0.205020)
(20.250000	1.105800	0.211310)
(20.500000	1.118200	0.212190)
(20.750000	1.116200	0.217900)
(21.000000	1.109300	0.225620)
(21.250000	1.112600	0.230590)
(26.160714	1.027905	0.310309)
(31.071429	0.974115	0.401251)
(35.982143	0.931239	0.500692)
(40.892857	0.888617	0.605650)
(45.803571	0.840218	0.712974)
(50.714286	0.782670	0.819436)
(55.625000	0.714338	0.921824)
(60.535714	0.634828	1.017040)
(65.446429	0.544704	1.102192)
(70.357143	0.445288	1.174675)
(75.267857	0.338512	1.232253)
(80.178571	0.226799	1.273123)
(85.089286	0.112942	1.295968)
(90.000000	0.000000	1.300000)
(94.910714	-0.079060	1.295968)
(99.821429	-0.158760	1.273123)
(104.732143	-0.236959	1.232253)
(109.642857	-0.311701	1.174675)
(114.553571	-0.381293	1.102192)
(119.464286	-0.444380	1.017040)
(124.375000	-0.500036	0.921824)
(129.285714	-0.547869	0.819436)
(134.196429	-0.588153	0.712974)
(139.107143	-0.622032	0.605650)
(144.017857	-0.651867	0.500692)
(148.928571	-0.681880	0.401251)
(153.839286	-0.719534	0.310309)
(158.750000	-0.778820	0.230590)
(160.267857	-0.723190	0.208602)
(161.785714	-0.667560	0.187980)
(163.303571	-0.611930	0.168783)
(164.821429	-0.556300	0.151065)
(166.339286	-0.500670	0.134879)
(167.857143	-0.445040	0.120269)
(169.375000	-0.389410	0.107279)
(170.892857	-0.333780	0.095944)
(172.410714	-0.278150	0.086298)
(173.928571	-0.222520	0.078367)
(175.446429	-0.166890	0.072176)
(176.964286	-0.111260	0.067740)
(178.482143	-0.055630	0.065074)
(180.000000	0.000000	0.064184)
