// Re = 0.12
(-180.000000	0.000000	0.001000)
(-178.107143	0.070415	0.001000)
(-176.214286	0.140830	0.001000)
(-174.321429	0.211245	0.001000)
(-172.428571	0.281660	0.001000)
(-170.535714	0.352075	0.001000)
(-168.642857	0.422490	0.001000)
(-166.750000	0.492905	0.005208)
(-164.857143	0.563320	0.026152)
(-162.964286	0.633735	0.049613)
(-161.071429	0.704150	0.075492)
(-159.178571	0.774565	0.103677)
(-157.285714	0.844980	0.134048)
(-155.392857	0.915395	0.166476)
(-153.500000	0.985810	0.200820)
(-148.964286	0.895808	0.290027)
(-144.428571	0.824966	0.387198)
(-139.892857	0.763260	0.489955)
(-135.357143	0.704784	0.595785)
(-130.821429	0.645983	0.702107)
(-126.285714	0.584782	0.806331)
(-121.750000	0.520113	0.905925)
(-117.214286	0.451643	0.998478)
(-112.678571	0.379602	1.081758)
(-108.142857	0.304657	1.153768)
(-103.607143	0.227828	1.212799)
(-99.071429	0.150410	1.257466)
(-94.535714	0.073913	1.286745)
(-90.000000	0.000000	1.300000)
(-85.464286	-0.073913	1.286745)
(-80.928571	-0.150410	1.257466)
(-76.392857	-0.227828	1.212799)
(-71.857143	-0.304657	1.153768)
(-67.321429	-0.379602	1.081758)
(-62.785714	-0.451643	0.998478)
(-58.250000	-0.520113	0.905925)
(-53.714286	-0.584782	0.806331)
(-49.178571	-0.645983	0.702107)
(-44.642857	-0.704784	0.595785)
(-40.107143	-0.763260	0.489955)
(-35.571429	-0.824966	0.387198)
(-31.035714	-0.895808	0.290027)
(-26.500000	-0.985810	0.200820)
(-24.964286	-0.923545	0.188639)
(-23.428571	-0.861280	0.176459)
(-21.892857	-0.799015	0.164278)
(-20.357143	-0.736750	0.152097)
(-18.821429	-0.674485	0.139916)
(-17.285714	-0.612220	0.127736)
(-15.750000	-0.549955	0.115555)
(-14.214286	-0.487690	0.103374)
(-12.678571	-0.425425	0.091194)
(-11.142857	-0.363160	0.079013)
(-9.607143	-0.300895	0.066832)
(-8.071429	-0.238630	0.054651)
(-5.000000	-0.114100	0.030290)
(-4.500000	-0.069500	0.031350)
(-4.000000	-0.025200	0.033090)
(-3.750000	0.004900	0.033410)
(-3.500000	0.012700	0.033710)
(-3.250000	0.052300	0.034350)
(-3.000000	0.048900	0.034660)
(-2.750000	0.087100	0.034880)
(-2.250000	0.120600	0.034670)
(-1.750000	0.127300	0.036090)
(-1.250000	0.163500	0.036280)
(-0.750000	0.192900	0.037170)
(-0.250000	0.222400	0.037910)
(2.000000	0.287700	0.050410)
(2.250000	0.323800	0.050080)
(2.750000	0.352100	0.052600)
(3.250000	0.381200	0.055240)
(3.750000	0.410800	0.057960)
(4.250000	0.440200	0.060730)
(4.750000	0.469400	0.063540)
(5.250000	0.467200	0.068610)
(5.500000	0.487000	0.069480)
(6.000000	0.519000	0.072070)
(6.500000	0.553400	0.074460)
(6.750000	0.551400	0.077280)
(7.000000	0.591700	0.076620)
(7.250000	0.585400	0.079490)
(7.750000	0.625600	0.081390)
(8.000000	0.623200	0.083990)
(8.500000	0.664000	0.085580)
(8.750000	0.666400	0.088020)
(9.250000	0.704700	0.089500)
(9.500000	0.711000	0.091420)
(9.750000	0.715400	0.093450)
(10.250000	0.757300	0.094120)
(10.500000	0.761100	0.095990)
(10.750000	0.766100	0.097740)
(11.250000	0.799200	0.097660)
(11.500000	0.781100	0.101160)
(11.750000	0.824700	0.100540)
(12.000000	0.843000	0.102330)
(12.750000	0.896900	0.106950)
(13.000000	0.937800	0.105390)
(13.250000	0.949000	0.107260)
(14.000000	1.005500	0.109290)
(14.250000	1.049600	0.106230)
(14.500000	1.064500	0.107140)
(14.750000	1.108000	0.103800)
(15.500000	1.275100	0.088510)
(16.250000	1.386200	0.081860)
(16.500000	1.438100	0.077940)
(16.750000	1.436100	0.080670)
(17.000000	1.450500	0.081400)
(17.250000	1.467400	0.081790)
(17.500000	1.463900	0.084810)
(17.750000	1.462300	0.087620)
(18.000000	1.465700	0.089790)
(18.250000	1.465200	0.092540)
(18.500000	1.460300	0.095900)
(18.750000	1.464300	0.098050)
(19.000000	1.456600	0.101930)
(19.250000	1.458100	0.104500)
(19.500000	1.454700	0.107830)
(19.750000	1.452600	0.111020)
(20.000000	1.456900	0.113210)
(20.250000	1.451100	0.117000)
(20.500000	1.449300	0.120200)
(20.750000	1.451800	0.122690)
(21.000000	1.445600	0.126630)
(21.250000	1.444600	0.129750)
(21.500000	1.441300	0.133220)
(21.750000	1.438600	0.136660)
(22.000000	1.434700	0.140290)
(22.250000	1.435200	0.143170)
(22.500000	1.428400	0.147330)
(22.750000	1.427400	0.150510)
(23.000000	1.426200	0.153740)
(23.250000	1.424100	0.157110)
(23.500000	1.424900	0.160060)
(23.750000	1.428600	0.162350)
(24.000000	1.427700	0.165610)
(24.250000	1.428900	0.168460)
(24.500000	1.431200	0.171080)
(24.750000	1.435500	0.173300)
(25.000000	1.442900	0.174860)
(25.250000	1.434600	0.179600)
(25.500000	1.434100	0.182840)
(25.750000	1.444500	0.183730)
(26.000000	1.422100	0.191530)
(26.250000	1.392500	0.201210)
(26.500000	1.408300	0.200820)
(31.035714	1.279726	0.290027)
(35.571429	1.178523	0.387198)
(40.107143	1.090371	0.489955)
(44.642857	1.006834	0.595785)
(49.178571	0.922833	0.702107)
(53.714286	0.835403	0.806331)
(58.250000	0.743018	0.905925)
(62.785714	0.645205	0.998478)
(67.321429	0.542288	1.081758)
(71.857143	0.435224	1.153768)
(76.392857	0.325468	1.212799)
(80.928571	0.214872	1.257466)
(85.464286	0.105590	1.286745)
(90.000000	0.000000	1.300000)
(94.535714	-0.073913	1.286745)
(99.071429	-0.150410	1.257466)
(103.607143	-0.227828	1.212799)
(108.142857	-0.304657	1.153768)
(112.678571	-0.379602	1.081758)
(117.214286	-0.451643	0.998478)
(121.750000	-0.520113	0.905925)
(126.285714	-0.584782	0.806331)
(130.821429	-0.645983	0.702107)
(135.357143	-0.704784	0.595785)
(139.892857	-0.763260	0.489955)
(144.428571	-0.824966	0.387198)
(148.964286	-0.895808	0.290027)
(153.500000	-0.985810	0.200820)
(155.392857	-0.915395	0.166476)
(157.285714	-0.844980	0.134048)
(159.178571	-0.774565	0.103677)
(161.071429	-0.704150	0.075492)
(162.964286	-0.633735	0.049613)
(164.857143	-0.563320	0.026152)
(166.750000	-0.492905	0.005208)
(168.642857	-0.422490	0.001000)
(170.535714	-0.352075	0.001000)
(172.428571	-0.281660	0.001000)
(174.321429	-0.211245	0.001000)
(176.214286	-0.140830	0.001000)
(178.107143	-0.070415	0.001000)
(180.000000	0.000000	0.001000)
