// Re = 0.21
(-180.000000	0.000000	0.001000)
(-178.500000	0.062430	0.001000)
(-177.000000	0.124860	0.001000)
(-175.500000	0.187290	0.001000)
(-174.000000	0.249720	0.001000)
(-172.500000	0.312150	0.004078)
(-171.000000	0.374580	0.013811)
(-169.500000	0.437010	0.025251)
(-168.000000	0.499440	0.038367)
(-166.500000	0.561870	0.053123)
(-165.000000	0.624300	0.069478)
(-163.500000	0.686730	0.087388)
(-162.000000	0.749160	0.106805)
(-160.500000	0.811590	0.127674)
(-159.000000	0.874020	0.149940)
(-154.071429	0.791044	0.232152)
(-149.142857	0.737156	0.326339)
(-144.214286	0.695216	0.429735)
(-139.285714	0.656188	0.539307)
(-134.357143	0.614981	0.651842)
(-129.428571	0.568722	0.764040)
(-124.500000	0.515945	0.872616)
(-119.571429	0.456174	0.974390)
(-114.642857	0.389672	1.066387)
(-109.714286	0.317286	1.145923)
(-104.785714	0.240321	1.210680)
(-99.857143	0.160451	1.258781)
(-94.928571	0.079627	1.288839)
(-90.000000	0.000000	1.300000)
(-85.071429	-0.079627	1.288839)
(-80.142857	-0.160451	1.258781)
(-75.214286	-0.240321	1.210680)
(-70.285714	-0.317286	1.145923)
(-65.357143	-0.389672	1.066387)
(-60.428571	-0.456174	0.974390)
(-55.500000	-0.515945	0.872616)
(-50.571429	-0.568722	0.764040)
(-45.642857	-0.614981	0.651842)
(-40.714286	-0.656188	0.539307)
(-35.785714	-0.695216	0.429735)
(-30.857143	-0.737156	0.326339)
(-25.928571	-0.791044	0.232152)
(-21.000000	-0.874020	0.149940)
(-19.857143	-0.809897	0.140444)
(-18.714286	-0.745774	0.130947)
(-17.571429	-0.681651	0.121451)
(-16.428571	-0.617529	0.111954)
(-15.285714	-0.553406	0.102458)
(-14.142857	-0.489283	0.092961)
(-13.000000	-0.425160	0.083465)
(-11.857143	-0.361037	0.073969)
(-10.714286	-0.296914	0.064472)
(-9.571429	-0.232791	0.054976)
(-8.428571	-0.168669	0.045479)
(-7.285714	-0.104546	0.035983)
(-5.000000	0.023700	0.016990)
(-4.750000	0.054000	0.016340)
(-4.500000	0.078000	0.015850)
(-4.250000	0.103000	0.015350)
(-4.000000	0.130500	0.014800)
(-3.750000	0.158300	0.014140)
(-3.500000	0.177600	0.012560)
(-3.250000	0.202500	0.012320)
(-3.000000	0.233100	0.012310)
(-2.750000	0.257300	0.012400)
(-2.500000	0.283300	0.012500)
(-2.250000	0.313600	0.012570)
(-2.000000	0.336600	0.012750)
(-1.750000	0.361200	0.012950)
(-1.500000	0.390500	0.013040)
(-1.250000	0.413000	0.013180)
(-1.000000	0.438700	0.013260)
(-0.750000	0.467200	0.013270)
(-0.500000	0.490700	0.013330)
(-0.250000	0.517700	0.013350)
(0.000000	0.544800	0.013370)
(0.250000	0.568500	0.013430)
(0.500000	0.596700	0.013450)
(0.750000	0.620800	0.013500)
(1.000000	0.645000	0.013560)
(1.250000	0.674100	0.013570)
(1.500000	0.695800	0.013650)
(1.750000	0.720900	0.013710)
(2.000000	0.747500	0.013760)
(2.250000	0.769200	0.013840)
(2.500000	0.796000	0.013890)
(2.750000	0.818500	0.013960)
(3.000000	0.840600	0.014050)
(3.250000	0.868200	0.014080)
(3.500000	0.887200	0.014180)
(3.750000	0.909400	0.014240)
(4.000000	0.934300	0.014270)
(4.250000	0.952300	0.014350)
(4.500000	0.974300	0.014380)
(4.750000	0.996700	0.014370)
(5.000000	1.015500	0.014390)
(5.250000	1.042300	0.014390)
(5.500000	1.084600	0.014420)
(5.750000	1.120000	0.014500)
(6.000000	1.147100	0.014600)
(6.250000	1.172200	0.014710)
(6.500000	1.196300	0.014830)
(6.750000	1.219300	0.014970)
(7.000000	1.239700	0.015100)
(7.250000	1.257200	0.015170)
(7.500000	1.272900	0.015240)
(7.750000	1.286400	0.015370)
(8.000000	1.302200	0.015540)
(8.250000	1.311400	0.015740)
(8.500000	1.322600	0.015960)
(8.750000	1.330800	0.016250)
(9.000000	1.339100	0.016600)
(9.250000	1.346000	0.017030)
(9.500000	1.350000	0.017600)
(9.750000	1.351200	0.018360)
(10.000000	1.349000	0.019400)
(10.250000	1.343400	0.020770)
(10.500000	1.336000	0.022450)
(10.750000	1.327700	0.024390)
(11.000000	1.319600	0.026530)
(11.250000	1.311800	0.028810)
(11.500000	1.304300	0.031240)
(11.750000	1.297100	0.033780)
(12.000000	1.290800	0.036370)
(12.250000	1.285400	0.039010)
(12.500000	1.281200	0.041660)
(12.750000	1.278000	0.044300)
(13.000000	1.275300	0.046960)
(13.250000	1.272900	0.049690)
(13.500000	1.270100	0.052500)
(13.750000	1.268000	0.055320)
(14.000000	1.266000	0.058160)
(14.250000	1.264500	0.060990)
(14.500000	1.264400	0.063690)
(14.750000	1.265200	0.066300)
(15.000000	1.267200	0.068790)
(15.250000	1.270400	0.071130)
(15.500000	1.274800	0.073310)
(15.750000	1.280300	0.075360)
(16.000000	1.286200	0.077400)
(16.250000	1.292100	0.079470)
(16.500000	1.298300	0.081520)
(16.750000	1.305600	0.083410)
(17.000000	1.316200	0.084790)
(17.250000	1.319200	0.087410)
(17.500000	1.326100	0.089410)
(17.750000	1.329500	0.091950)
(18.000000	1.336600	0.093960)
(18.250000	1.334700	0.097370)
(18.500000	1.338600	0.099890)
(18.750000	1.341200	0.102600)
(19.000000	1.331400	0.107330)
(19.250000	1.322900	0.111910)
(19.500000	1.316800	0.116170)
(19.750000	1.326100	0.117790)
(20.250000	1.295200	0.129900)
(20.500000	1.279700	0.136320)
(20.750000	1.264000	0.143020)
(21.000000	1.248600	0.149940)
(25.928571	1.130063	0.232152)
(30.857143	1.053080	0.326339)
(35.785714	0.993166	0.429735)
(40.714286	0.937412	0.539307)
(45.642857	0.878545	0.651842)
(50.571429	0.812460	0.764040)
(55.500000	0.737064	0.872616)
(60.428571	0.651677	0.974390)
(65.357143	0.556675	1.066387)
(70.285714	0.453265	1.145923)
(75.214286	0.343316	1.210680)
(80.142857	0.229216	1.258781)
(85.071429	0.113754	1.288839)
(90.000000	0.000000	1.300000)
(94.928571	-0.079627	1.288839)
(99.857143	-0.160451	1.258781)
(104.785714	-0.240321	1.210680)
(109.714286	-0.317286	1.145923)
(114.642857	-0.389672	1.066387)
(119.571429	-0.456174	0.974390)
(124.500000	-0.515945	0.872616)
(129.428571	-0.568722	0.764040)
(134.357143	-0.614981	0.651842)
(139.285714	-0.656188	0.539307)
(144.214286	-0.695216	0.429735)
(149.142857	-0.737156	0.326339)
(154.071429	-0.791044	0.232152)
(159.000000	-0.874020	0.149940)
(160.500000	-0.811590	0.127674)
(162.000000	-0.749160	0.106805)
(163.500000	-0.686730	0.087388)
(165.000000	-0.624300	0.069478)
(166.500000	-0.561870	0.053123)
(168.000000	-0.499440	0.038367)
(169.500000	-0.437010	0.025251)
(171.000000	-0.374580	0.013811)
(172.500000	-0.312150	0.004078)
(174.000000	-0.249720	0.001000)
(175.500000	-0.187290	0.001000)
(177.000000	-0.124860	0.001000)
(178.500000	-0.062430	0.001000)
(180.000000	0.000000	0.001000)
