// Re = 0.05
(-180.000000	0.000000	0.080395)
(-178.875000	0.052270	0.080880)
(-177.750000	0.104540	0.082336)
(-176.625000	0.156810	0.084761)
(-175.500000	0.209080	0.088149)
(-174.375000	0.261350	0.092497)
(-173.250000	0.313620	0.097797)
(-172.125000	0.365890	0.104040)
(-171.000000	0.418160	0.111218)
(-169.875000	0.470430	0.119318)
(-168.750000	0.522700	0.128328)
(-167.625000	0.574970	0.138234)
(-166.500000	0.627240	0.149019)
(-165.375000	0.679510	0.160667)
(-164.250000	0.731780	0.173160)
(-158.946429	0.656068	0.242798)
(-153.642857	0.623820	0.328273)
(-148.339286	0.606383	0.426589)
(-143.035714	0.590919	0.534293)
(-137.732143	0.570801	0.647596)
(-132.428571	0.542444	0.762505)
(-127.125000	0.504060	0.874959)
(-121.821429	0.455068	0.980967)
(-116.517857	0.395801	1.076750)
(-111.214286	0.327309	1.158869)
(-105.910714	0.251223	1.224341)
(-100.607143	0.169635	1.270750)
(-95.303571	0.084996	1.296324)
(-90.000000	0.000000	1.300000)
(-84.696429	-0.084996	1.296324)
(-79.392857	-0.169635	1.270750)
(-74.089286	-0.251223	1.224341)
(-68.785714	-0.327309	1.158869)
(-63.482143	-0.395801	1.076750)
(-58.178571	-0.455068	0.980967)
(-52.875000	-0.504060	0.874959)
(-47.571429	-0.542444	0.762505)
(-42.267857	-0.570801	0.647596)
(-36.964286	-0.590919	0.534293)
(-31.660714	-0.606383	0.426589)
(-26.357143	-0.623820	0.328273)
(-21.053571	-0.656068	0.242798)
(-15.750000	-0.731780	0.173160)
(-14.803571	-0.694753	0.163390)
(-13.857143	-0.657726	0.153620)
(-12.910714	-0.620699	0.143850)
(-11.964286	-0.583671	0.134080)
(-11.017857	-0.546644	0.124310)
(-10.071429	-0.509617	0.114540)
(-9.125000	-0.472590	0.104770)
(-8.178571	-0.435563	0.095000)
(-7.232143	-0.398536	0.085230)
(-6.285714	-0.361509	0.075460)
(-5.339286	-0.324481	0.065690)
(-4.392857	-0.287454	0.055920)
(-2.500000	-0.213400	0.036380)
(-2.250000	-0.189600	0.035750)
(-2.000000	-0.167200	0.035230)
(-1.750000	-0.142800	0.034830)
(-1.500000	-0.063100	0.033210)
(-1.250000	-0.065800	0.034550)
(-1.000000	-0.064300	0.035410)
(-0.750000	-0.063500	0.035850)
(-0.500000	-0.065700	0.035920)
(-0.250000	-0.071600	0.035440)
(0.000000	-0.051400	0.035300)
(0.250000	-0.002700	0.036530)
(0.500000	0.041000	0.037700)
(0.750000	0.083600	0.038940)
(1.000000	0.123100	0.040190)
(1.250000	0.162600	0.041520)
(1.500000	0.195300	0.042760)
(1.750000	0.226900	0.044060)
(2.000000	0.257400	0.045410)
(2.250000	0.287100	0.046810)
(2.500000	0.316500	0.048260)
(2.750000	0.333300	0.049600)
(3.000000	0.359600	0.051140)
(3.250000	0.376200	0.052690)
(3.500000	0.393800	0.054400)
(4.250000	0.366700	0.058590)
(4.500000	0.397300	0.060920)
(4.750000	0.419900	0.062810)
(5.000000	0.446300	0.064980)
(5.250000	0.472500	0.067200)
(5.500000	0.496900	0.069380)
(5.750000	0.519200	0.071470)
(6.000000	0.539300	0.073520)
(6.250000	0.558700	0.075620)
(6.500000	0.580300	0.077900)
(6.750000	0.604600	0.080320)
(7.000000	0.628200	0.082670)
(7.250000	0.649400	0.084930)
(7.500000	0.667800	0.087080)
(7.750000	0.683300	0.089060)
(8.000000	0.807100	0.082940)
(8.250000	0.828300	0.084210)
(8.500000	0.851300	0.085270)
(8.750000	0.883500	0.085610)
(9.000000	0.909000	0.086120)
(9.250000	0.925600	0.087170)
(9.500000	0.957000	0.086870)
(9.750000	0.984300	0.086580)
(10.000000	1.014300	0.085590)
(10.250000	1.050400	0.083130)
(10.750000	1.283800	0.044560)
(11.000000	1.272100	0.047280)
(11.250000	1.269700	0.050130)
(11.500000	1.282900	0.052380)
(11.750000	1.309500	0.054360)
(12.000000	1.349400	0.056500)
(12.500000	1.406300	0.062640)
(12.750000	1.426800	0.066150)
(13.000000	1.430500	0.069750)
(13.250000	1.418100	0.073460)
(13.500000	1.414400	0.077350)
(13.750000	1.394800	0.081520)
(14.000000	1.373700	0.086020)
(14.250000	1.350000	0.090920)
(14.500000	1.324900	0.096260)
(14.750000	1.300000	0.102000)
(15.750000	1.045400	0.173160)
(21.053571	0.937239	0.242798)
(26.357143	0.891172	0.328273)
(31.660714	0.866262	0.426589)
(36.964286	0.844171	0.534293)
(42.267857	0.815429	0.647596)
(47.571429	0.774921	0.762505)
(52.875000	0.720085	0.874959)
(58.178571	0.650098	0.980967)
(63.482143	0.565431	1.076750)
(68.785714	0.467585	1.158869)
(74.089286	0.358890	1.224341)
(79.392857	0.242336	1.270750)
(84.696429	0.121423	1.296324)
(90.000000	0.000000	1.300000)
(95.303571	-0.084996	1.296324)
(100.607143	-0.169635	1.270750)
(105.910714	-0.251223	1.224341)
(111.214286	-0.327309	1.158869)
(116.517857	-0.395801	1.076750)
(121.821429	-0.455068	0.980967)
(127.125000	-0.504060	0.874959)
(132.428571	-0.542444	0.762505)
(137.732143	-0.570801	0.647596)
(143.035714	-0.590919	0.534293)
(148.339286	-0.606383	0.426589)
(153.642857	-0.623820	0.328273)
(158.946429	-0.656068	0.242798)
(164.250000	-0.731780	0.173160)
(165.375000	-0.679510	0.160667)
(166.500000	-0.627240	0.149019)
(167.625000	-0.574970	0.138234)
(168.750000	-0.522700	0.128328)
(169.875000	-0.470430	0.119318)
(171.000000	-0.418160	0.111218)
(172.125000	-0.365890	0.104040)
(173.250000	-0.313620	0.097797)
(174.375000	-0.261350	0.092497)
(175.500000	-0.209080	0.088149)
(176.625000	-0.156810	0.084761)
(177.750000	-0.104540	0.082336)
(178.875000	-0.052270	0.080880)
(180.000000	0.000000	0.080395)
