// Re = 0.1
(-180.000000	0.000000	0.001000)
(-178.553571	0.069585	0.001000)
(-177.107143	0.139170	0.001000)
(-175.660714	0.208755	0.001000)
(-174.214286	0.278340	0.005824)
(-172.767857	0.347925	0.013237)
(-171.321429	0.417510	0.022259)
(-169.875000	0.487095	0.032866)
(-168.428571	0.556680	0.045033)
(-166.982143	0.626265	0.058727)
(-165.535714	0.695850	0.073915)
(-164.089286	0.765435	0.090557)
(-162.642857	0.835020	0.108612)
(-161.196429	0.904605	0.128032)
(-159.750000	0.974190	0.148770)
(-154.767857	0.863194	0.229520)
(-149.785714	0.791754	0.322803)
(-144.803571	0.737817	0.425813)
(-139.821429	0.690043	0.535448)
(-134.839286	0.642121	0.648411)
(-129.857143	0.590479	0.761303)
(-124.875000	0.533232	0.870731)
(-119.892857	0.469648	0.973403)
(-114.910714	0.399842	1.066234)
(-109.928571	0.324579	1.146438)
(-104.946429	0.245137	1.211608)
(-99.964286	0.163199	1.259792)
(-94.982143	0.080751	1.289550)
(-90.000000	0.000000	1.300000)
(-85.017857	-0.080751	1.289550)
(-80.035714	-0.163199	1.259792)
(-75.053571	-0.245137	1.211608)
(-70.071429	-0.324579	1.146438)
(-65.089286	-0.399842	1.066234)
(-60.107143	-0.469648	0.973403)
(-55.125000	-0.533232	0.870731)
(-50.142857	-0.590479	0.761303)
(-45.160714	-0.642121	0.648411)
(-40.178571	-0.690043	0.535448)
(-35.196429	-0.737817	0.425813)
(-30.214286	-0.791754	0.322803)
(-25.232143	-0.863194	0.229520)
(-20.250000	-0.974190	0.148770)
(-19.160714	-0.913934	0.140114)
(-18.071429	-0.853677	0.131459)
(-16.982143	-0.793421	0.122803)
(-15.892857	-0.733164	0.114147)
(-14.803571	-0.672908	0.105491)
(-13.714286	-0.612651	0.096836)
(-12.625000	-0.552395	0.088180)
(-11.535714	-0.492139	0.079524)
(-10.446429	-0.431882	0.070869)
(-9.357143	-0.371626	0.062213)
(-8.267857	-0.311369	0.053557)
(-7.178571	-0.251113	0.044901)
(-5.000000	-0.130600	0.027590)
(-4.750000	-0.102500	0.026580)
(-4.500000	-0.052500	0.024920)
(-4.250000	-0.028200	0.025600)
(-4.000000	-0.005500	0.026370)
(-3.500000	0.048000	0.027710)
(-3.250000	0.064500	0.028500)
(-3.000000	0.081900	0.029200)
(-2.750000	0.097100	0.029900)
(-2.500000	0.129100	0.030100)
(-2.250000	0.144100	0.030760)
(-2.000000	0.154800	0.031510)
(-1.750000	0.168300	0.032120)
(-1.500000	0.197200	0.032210)
(-1.250000	0.217300	0.032540)
(-1.000000	0.229800	0.033090)
(-0.500000	0.273900	0.033620)
(-0.250000	0.297900	0.033840)
(0.250000	0.329800	0.035100)
(0.500000	0.368600	0.034700)
(0.750000	0.382600	0.035500)
(1.250000	0.436000	0.035910)
(1.500000	0.451700	0.036760)
(1.750000	0.466500	0.037780)
(2.250000	0.516000	0.038310)
(2.500000	0.528900	0.039380)
(2.750000	0.540800	0.040540)
(3.250000	0.568100	0.042810)
(3.500000	0.595600	0.042690)
(3.750000	0.611700	0.043550)
(4.000000	0.621000	0.044780)
(4.500000	0.639800	0.047120)
(4.750000	0.671800	0.046350)
(5.000000	0.658000	0.048900)
(5.250000	0.689500	0.048500)
(5.500000	0.716700	0.049950)
(5.750000	0.743500	0.051390)
(6.250000	0.795800	0.054190)
(6.750000	0.845700	0.056830)
(7.000000	0.897400	0.055670)
(7.250000	0.920900	0.056780)
(7.500000	0.917500	0.060170)
(7.750000	0.963200	0.058970)
(8.250000	1.023300	0.058740)
(11.000000	1.502100	0.034260)
(11.250000	1.507000	0.034950)
(11.500000	1.511900	0.035720)
(11.750000	1.507900	0.037270)
(12.000000	1.506200	0.038770)
(12.250000	1.500200	0.040800)
(12.500000	1.491700	0.043210)
(12.750000	1.481900	0.045880)
(13.000000	1.468500	0.049140)
(13.250000	1.455200	0.052580)
(13.500000	1.441400	0.056330)
(13.750000	1.428300	0.060190)
(14.000000	1.416700	0.064040)
(14.250000	1.406900	0.067840)
(14.500000	1.399900	0.071390)
(14.750000	1.395200	0.074740)
(15.000000	1.391800	0.077990)
(15.250000	1.389900	0.081080)
(15.500000	1.387000	0.084450)
(15.750000	1.386000	0.087500)
(16.000000	1.384900	0.090640)
(16.250000	1.387300	0.093210)
(16.500000	1.390300	0.095810)
(16.750000	1.397400	0.097820)
(17.000000	1.406800	0.099560)
(17.250000	1.416300	0.101410)
(17.500000	1.429700	0.102740)
(17.750000	1.439700	0.104660)
(18.000000	1.444100	0.107470)
(18.250000	1.448600	0.110260)
(18.500000	1.459700	0.112230)
(18.750000	1.448300	0.117340)
(19.000000	1.438400	0.122360)
(19.250000	1.429700	0.127270)
(19.500000	1.424800	0.131680)
(19.750000	1.432300	0.134170)
(20.000000	1.412300	0.141230)
(20.250000	1.391700	0.148770)
(25.232143	1.233135	0.229520)
(30.214286	1.131077	0.322803)
(35.196429	1.054024	0.425813)
(40.178571	0.985776	0.535448)
(45.160714	0.917316	0.648411)
(50.142857	0.843541	0.761303)
(55.125000	0.761759	0.870731)
(60.107143	0.670926	0.973403)
(65.089286	0.571202	1.066234)
(70.071429	0.463684	1.146438)
(75.053571	0.350196	1.211608)
(80.035714	0.233141	1.259792)
(85.017857	0.115359	1.289550)
(90.000000	0.000000	1.300000)
(94.982143	-0.080751	1.289550)
(99.964286	-0.163199	1.259792)
(104.946429	-0.245137	1.211608)
(109.928571	-0.324579	1.146438)
(114.910714	-0.399842	1.066234)
(119.892857	-0.469648	0.973403)
(124.875000	-0.533232	0.870731)
(129.857143	-0.590479	0.761303)
(134.839286	-0.642121	0.648411)
(139.821429	-0.690043	0.535448)
(144.803571	-0.737817	0.425813)
(149.785714	-0.791754	0.322803)
(154.767857	-0.863194	0.229520)
(159.750000	-0.974190	0.148770)
(161.196429	-0.904605	0.128032)
(162.642857	-0.835020	0.108612)
(164.089286	-0.765435	0.090557)
(165.535714	-0.695850	0.073915)
(166.982143	-0.626265	0.058727)
(168.428571	-0.556680	0.045033)
(169.875000	-0.487095	0.032866)
(171.321429	-0.417510	0.022259)
(172.767857	-0.347925	0.013237)
(174.214286	-0.278340	0.005824)
(175.660714	-0.208755	0.001000)
(177.107143	-0.139170	0.001000)
(178.553571	-0.069585	0.001000)
(180.000000	0.000000	0.001000)
