// Re = 0.06
(-180.000000	0.000000	0.001000)
(-177.857143	0.034140	0.001000)
(-175.714286	0.068280	0.001000)
(-173.571429	0.102420	0.001000)
(-171.428571	0.136560	0.001000)
(-169.285714	0.170700	0.014616)
(-167.142857	0.204840	0.034290)
(-165.000000	0.238980	0.057281)
(-162.857143	0.273120	0.083462)
(-160.714286	0.307260	0.112687)
(-158.571429	0.341400	0.144795)
(-156.428571	0.375540	0.179608)
(-154.285714	0.409680	0.216933)
(-152.142857	0.443820	0.256564)
(-150.000000	0.477960	0.298280)
(-145.714286	0.491346	0.387036)
(-141.428571	0.498440	0.481239)
(-137.142857	0.497927	0.578808)
(-132.857143	0.489035	0.677589)
(-128.571429	0.471409	0.775402)
(-124.285714	0.445034	0.870091)
(-120.000000	0.410192	0.959573)
(-115.714286	0.367423	1.041881)
(-111.428571	0.317500	1.115212)
(-107.142857	0.261397	1.177961)
(-102.857143	0.200259	1.228764)
(-98.571429	0.135370	1.266524)
(-94.285714	0.068128	1.290434)
(-90.000000	0.000000	1.300000)
(-85.714286	-0.068128	1.290434)
(-81.428571	-0.135370	1.266524)
(-77.142857	-0.200259	1.228764)
(-72.857143	-0.261397	1.177961)
(-68.571429	-0.317500	1.115212)
(-64.285714	-0.367423	1.041881)
(-60.000000	-0.410192	0.959573)
(-55.714286	-0.445034	0.870091)
(-51.428571	-0.471409	0.775402)
(-47.142857	-0.489035	0.677589)
(-42.857143	-0.497927	0.578808)
(-38.571429	-0.498440	0.481239)
(-34.285714	-0.491346	0.387036)
(-30.000000	-0.477960	0.298280)
(-28.178571	-0.494006	0.281061)
(-26.357143	-0.510051	0.263841)
(-24.535714	-0.526097	0.246622)
(-22.714286	-0.542143	0.229403)
(-20.892857	-0.558189	0.212184)
(-19.071429	-0.574234	0.194964)
(-17.250000	-0.590280	0.177745)
(-15.428571	-0.606326	0.160526)
(-13.607143	-0.622371	0.143306)
(-11.785714	-0.638417	0.126087)
(-9.964286	-0.654463	0.108868)
(-8.142857	-0.670509	0.091649)
(-4.500000	-0.702600	0.057210)
(-4.250000	-0.681600	0.059610)
(-4.000000	-0.658500	0.061570)
(-3.750000	-0.637600	0.064250)
(-3.500000	-0.620200	0.066200)
(-3.000000	-0.583500	0.068620)
(-2.750000	-0.566500	0.070130)
(-2.500000	-0.549900	0.071410)
(-2.250000	-0.533200	0.072390)
(-2.000000	-0.513700	0.072780)
(-1.750000	-0.497500	0.073460)
(-1.500000	-0.485500	0.073560)
(-1.250000	-0.471900	0.073710)
(-1.000000	-0.451100	0.074360)
(-0.750000	-0.436500	0.074290)
(-0.500000	-0.424400	0.074080)
(-0.250000	-0.402600	0.074690)
(0.000000	-0.389700	0.074740)
(0.250000	-0.377700	0.074670)
(0.500000	-0.350700	0.075520)
(0.750000	-0.339700	0.075020)
(1.000000	-0.321100	0.075440)
(1.250000	-0.300900	0.075830)
(1.500000	-0.285800	0.075850)
(1.750000	-0.255500	0.077000)
(2.000000	-0.246700	0.076750)
(2.250000	-0.220300	0.077730)
(2.500000	-0.203200	0.078070)
(2.750000	-0.186900	0.078540)
(3.000000	-0.155800	0.079860)
(3.250000	-0.146900	0.079960)
(3.500000	-0.115500	0.081640)
(3.750000	-0.102900	0.081860)
(4.000000	-0.087000	0.082650)
(4.250000	-0.058500	0.084110)
(4.500000	-0.047400	0.084590)
(4.750000	-0.020100	0.086330)
(5.000000	-0.007300	0.086850)
(5.250000	0.008300	0.087870)
(5.500000	0.036900	0.089690)
(5.750000	0.044400	0.090140)
(6.000000	0.061500	0.091450)
(6.250000	0.084900	0.092990)
(6.500000	0.094400	0.093780)
(6.750000	0.113900	0.095390)
(7.000000	0.133200	0.096760)
(7.250000	0.141300	0.097600)
(7.500000	0.159000	0.099170)
(7.750000	0.176200	0.100470)
(8.000000	0.183900	0.101340)
(8.250000	0.197900	0.102690)
(8.500000	0.224800	0.104700)
(8.750000	0.239900	0.105810)
(9.000000	0.256200	0.107130)
(9.250000	0.277800	0.109450)
(9.500000	0.306100	0.112310)
(9.750000	0.336100	0.115190)
(10.000000	0.353200	0.117240)
(10.500000	0.391700	0.122040)
(10.750000	0.413700	0.124730)
(11.000000	0.440600	0.127780)
(11.250000	0.465100	0.130570)
(11.500000	0.480600	0.132780)
(11.750000	0.496300	0.135100)
(12.000000	0.512100	0.137480)
(12.500000	0.543700	0.142360)
(12.750000	0.559200	0.144810)
(13.000000	0.574400	0.147260)
(13.250000	0.589200	0.149700)
(13.500000	0.603500	0.152120)
(13.750000	0.617400	0.154530)
(14.000000	0.630700	0.156940)
(14.250000	0.643700	0.159330)
(14.500000	0.656300	0.161720)
(14.750000	0.668600	0.164120)
(15.000000	0.680600	0.166520)
(15.250000	0.692300	0.168930)
(15.500000	0.703700	0.171340)
(15.750000	0.715000	0.173770)
(16.000000	0.725900	0.176200)
(16.250000	0.736600	0.178640)
(16.500000	0.747100	0.181090)
(16.750000	0.757500	0.183550)
(17.000000	0.767900	0.186030)
(17.250000	0.778400	0.188510)
(17.500000	0.789200	0.191050)
(17.750000	0.800400	0.193630)
(18.000000	0.811900	0.196220)
(18.250000	0.823500	0.198830)
(18.750000	0.842400	0.203660)
(19.000000	0.850100	0.205970)
(19.250000	0.858000	0.208320)
(19.500000	0.866100	0.210700)
(19.750000	0.874300	0.213120)
(20.000000	0.882700	0.215560)
(20.250000	0.891100	0.218010)
(20.500000	0.899600	0.220470)
(20.750000	0.908100	0.222950)
(21.000000	0.916700	0.225420)
(21.250000	0.925300	0.227900)
(21.500000	0.933900	0.230380)
(21.750000	0.942700	0.232850)
(22.000000	0.951900	0.235370)
(22.250000	0.962100	0.237970)
(22.500000	0.974000	0.240890)
(22.750000	0.977600	0.242990)
(23.000000	0.983200	0.245230)
(23.250000	0.992200	0.247690)
(23.500000	1.003800	0.250500)
(23.750000	1.011500	0.253190)
(24.000000	1.017000	0.255490)
(24.250000	1.023700	0.257990)
(24.500000	1.031400	0.260570)
(24.750000	1.039900	0.263180)
(25.000000	1.049600	0.266030)
(25.250000	1.053900	0.268070)
(25.500000	1.058800	0.270480)
(25.750000	1.065400	0.272930)
(26.000000	1.074800	0.275560)
(26.250000	1.082500	0.277940)
(26.500000	1.086900	0.280150)
(26.750000	1.094100	0.282600)
(27.000000	1.104100	0.285090)
(27.250000	1.107700	0.287230)
(27.500000	1.114700	0.289590)
(27.750000	1.123600	0.291980)
(28.000000	1.127700	0.294010)
(28.250000	1.135800	0.296420)
(28.500000	1.142100	0.298520)
(28.750000	1.147500	0.300740)
(29.000000	1.157000	0.303190)
(29.250000	1.160500	0.305030)
(29.500000	1.168300	0.307330)
(29.750000	0.680600	0.295790)
(30.000000	0.682800	0.298280)
(34.285714	0.701923	0.387036)
(38.571429	0.712058	0.481239)
(42.857143	0.711324	0.578808)
(47.142857	0.698622	0.677589)
(51.428571	0.673442	0.775402)
(55.714286	0.635763	0.870091)
(60.000000	0.585988	0.959573)
(64.285714	0.524890	1.041881)
(68.571429	0.453572	1.115212)
(72.857143	0.373425	1.177961)
(77.142857	0.286084	1.228764)
(81.428571	0.193386	1.266524)
(85.714286	0.097325	1.290434)
(90.000000	0.000000	1.300000)
(94.285714	-0.068128	1.290434)
(98.571429	-0.135370	1.266524)
(102.857143	-0.200259	1.228764)
(107.142857	-0.261397	1.177961)
(111.428571	-0.317500	1.115212)
(115.714286	-0.367423	1.041881)
(120.000000	-0.410192	0.959573)
(124.285714	-0.445034	0.870091)
(128.571429	-0.471409	0.775402)
(132.857143	-0.489035	0.677589)
(137.142857	-0.497927	0.578808)
(141.428571	-0.498440	0.481239)
(145.714286	-0.491346	0.387036)
(150.000000	-0.477960	0.298280)
(152.142857	-0.443820	0.256564)
(154.285714	-0.409680	0.216933)
(156.428571	-0.375540	0.179608)
(158.571429	-0.341400	0.144795)
(160.714286	-0.307260	0.112687)
(162.857143	-0.273120	0.083462)
(165.000000	-0.238980	0.057281)
(167.142857	-0.204840	0.034290)
(169.285714	-0.170700	0.014616)
(171.428571	-0.136560	0.001000)
(173.571429	-0.102420	0.001000)
(175.714286	-0.068280	0.001000)
(177.857143	-0.034140	0.001000)
(180.000000	0.000000	0.001000)
