// Re = 0.05
(-180.000000	0.000000	0.014965)
(-177.857143	0.065910	0.016772)
(-175.714286	0.131820	0.022183)
(-173.571429	0.197730	0.031168)
(-171.428571	0.263640	0.043675)
(-169.285714	0.329550	0.059636)
(-167.142857	0.395460	0.078960)
(-165.000000	0.461370	0.101538)
(-162.857143	0.527280	0.127245)
(-160.714286	0.593190	0.155935)
(-158.571429	0.659100	0.187447)
(-156.428571	0.725010	0.221604)
(-154.285714	0.790920	0.258215)
(-152.142857	0.856830	0.297073)
(-150.000000	0.922740	0.337960)
(-145.714286	0.850690	0.424893)
(-141.428571	0.789144	0.517061)
(-137.142857	0.732190	0.612396)
(-132.857143	0.676172	0.708753)
(-128.571429	0.618844	0.803969)
(-124.285714	0.558917	0.895902)
(-120.000000	0.495790	0.982482)
(-115.714286	0.429380	1.061761)
(-111.428571	0.360017	1.131951)
(-107.142857	0.288357	1.191466)
(-102.857143	0.215318	1.238960)
(-98.571429	0.142032	1.273353)
(-94.285714	0.069788	1.293858)
(-90.000000	0.000000	1.300000)
(-85.714286	-0.069788	1.293858)
(-81.428571	-0.142032	1.273353)
(-77.142857	-0.215318	1.238960)
(-72.857143	-0.288357	1.191466)
(-68.571429	-0.360017	1.131951)
(-64.285714	-0.429380	1.061761)
(-60.000000	-0.495790	0.982482)
(-55.714286	-0.558917	0.895902)
(-51.428571	-0.618844	0.803969)
(-47.142857	-0.676172	0.708753)
(-42.857143	-0.732190	0.612396)
(-38.571429	-0.789144	0.517061)
(-34.285714	-0.850690	0.424893)
(-30.000000	-0.922740	0.337960)
(-28.214286	-0.898916	0.316827)
(-26.428571	-0.875091	0.295694)
(-24.642857	-0.851267	0.274561)
(-22.857143	-0.827443	0.253429)
(-21.071429	-0.803619	0.232296)
(-19.285714	-0.779794	0.211163)
(-17.500000	-0.755970	0.190030)
(-15.714286	-0.732146	0.168897)
(-13.928571	-0.708321	0.147764)
(-12.142857	-0.684497	0.126631)
(-10.357143	-0.660673	0.105499)
(-8.571429	-0.636849	0.084366)
(-5.000000	-0.589200	0.042100)
(-4.750000	-0.542300	0.044000)
(-4.250000	-0.575600	0.043130)
(-3.750000	-0.561300	0.047090)
(-3.500000	-0.553000	0.048910)
(-3.250000	-0.547700	0.050770)
(-3.000000	-0.541700	0.052410)
(-2.750000	-0.537600	0.053940)
(-2.500000	-0.530600	0.055050)
(-2.250000	-0.520900	0.055800)
(-1.750000	-0.503200	0.056990)
(-1.500000	-0.491300	0.057340)
(-1.250000	-0.480200	0.058000)
(-1.000000	-0.459800	0.059200)
(-0.750000	-0.439900	0.060170)
(-0.500000	-0.419200	0.060890)
(-0.250000	-0.394200	0.061430)
(0.000000	-0.372500	0.061920)
(0.250000	-0.347300	0.062520)
(0.750000	-0.303000	0.063470)
(1.250000	-0.256700	0.064640)
(1.500000	-0.234700	0.065220)
(1.750000	-0.210700	0.065970)
(2.000000	-0.185600	0.066830)
(2.250000	-0.161300	0.067690)
(2.500000	-0.138700	0.068480)
(2.750000	-0.116400	0.069280)
(3.000000	-0.094500	0.070080)
(3.250000	-0.074800	0.070790)
(3.500000	-0.054500	0.071610)
(3.750000	-0.034400	0.072470)
(4.000000	-0.012500	0.073530)
(4.250000	0.014900	0.075010)
(4.500000	0.042600	0.076410)
(4.750000	0.067600	0.077570)
(5.000000	0.093000	0.078760)
(5.250000	0.113000	0.079840)
(5.500000	0.137100	0.081570)
(5.750000	0.165100	0.083720)
(6.000000	0.203100	0.086770)
(6.250000	0.228400	0.088720)
(6.500000	0.250700	0.090620)
(6.750000	0.274100	0.092770)
(7.000000	0.299000	0.095160)
(7.250000	0.326700	0.097860)
(7.500000	0.360600	0.101130)
(7.750000	0.384700	0.103570)
(8.000000	0.404600	0.105820)
(8.250000	0.424500	0.108190)
(8.500000	0.444500	0.110650)
(8.750000	0.464400	0.113180)
(9.000000	0.483900	0.115760)
(9.250000	0.503200	0.118370)
(9.500000	0.521900	0.120980)
(9.750000	0.540100	0.123600)
(10.000000	0.557700	0.126220)
(10.250000	0.574900	0.128850)
(10.500000	0.591800	0.131480)
(10.750000	0.608500	0.134130)
(11.250000	0.642100	0.139580)
(11.500000	0.659500	0.142440)
(12.000000	0.685100	0.147620)
(12.250000	0.694100	0.149850)
(12.500000	0.705800	0.152340)
(12.750000	0.719400	0.154970)
(13.000000	0.734200	0.157760)
(13.250000	0.750000	0.160710)
(13.500000	0.765100	0.163750)
(13.750000	0.772200	0.166100)
(14.000000	0.780300	0.168510)
(14.250000	0.789900	0.171040)
(14.500000	0.800600	0.173690)
(14.750000	0.811900	0.176410)
(15.000000	0.823600	0.179190)
(15.250000	0.835700	0.182030)
(15.500000	0.848100	0.184960)
(15.750000	0.861100	0.188010)
(16.000000	0.871500	0.190870)
(16.250000	0.879200	0.193470)
(16.500000	0.886900	0.196040)
(16.750000	0.894800	0.198640)
(17.000000	0.903400	0.201250)
(17.250000	0.912800	0.204010)
(17.500000	0.923100	0.206830)
(17.750000	0.934500	0.209800)
(18.000000	0.947400	0.213020)
(18.250000	0.957000	0.216010)
(18.500000	0.963100	0.218530)
(18.750000	0.969700	0.221070)
(19.000000	0.978100	0.223780)
(19.250000	0.988900	0.226730)
(19.500000	1.003700	0.230380)
(19.750000	1.007600	0.232700)
(20.000000	1.014000	0.235200)
(20.250000	1.027000	0.238430)
(20.500000	1.034900	0.241360)
(20.750000	1.040400	0.243790)
(21.000000	1.050000	0.246690)
(21.250000	1.061500	0.249970)
(21.500000	1.072100	0.253280)
(21.750000	1.080400	0.256250)
(22.000000	1.087000	0.258850)
(22.250000	1.092800	0.261330)
(22.500000	1.098900	0.263950)
(22.750000	1.106100	0.266660)
(23.000000	1.114800	0.269580)
(23.250000	1.126000	0.272940)
(23.500000	1.132300	0.275230)
(23.750000	1.137800	0.277620)
(24.000000	1.146400	0.280490)
(24.250000	1.157800	0.283790)
(24.500000	1.161600	0.285670)
(24.750000	1.169100	0.288290)
(25.000000	1.180900	0.291710)
(25.500000	1.192100	0.296000)
(25.750000	1.202200	0.298990)
(26.000000	1.206600	0.300930)
(26.250000	1.215500	0.303700)
(26.750000	1.228600	0.308200)
(27.000000	1.239100	0.311390)
(27.250000	1.243100	0.313010)
(27.500000	1.251500	0.315690)
(27.750000	1.258000	0.317850)
(28.000000	1.264500	0.320100)
(28.250000	1.272800	0.322670)
(28.500000	1.278000	0.324580)
(28.750000	1.287600	0.327640)
(29.000000	1.291600	0.329180)
(29.250000	1.299800	0.331800)
(29.500000	1.305000	0.333590)
(29.750000	1.312400	0.335940)
(30.000000	1.318200	0.337960)
(34.285714	1.215271	0.424893)
(38.571429	1.127349	0.517061)
(42.857143	1.045986	0.612396)
(47.142857	0.965959	0.708753)
(51.428571	0.884063	0.803969)
(55.714286	0.798453	0.895902)
(60.000000	0.708271	0.982482)
(64.285714	0.613400	1.061761)
(68.571429	0.514310	1.131951)
(72.857143	0.411938	1.191466)
(77.142857	0.307598	1.238960)
(81.428571	0.202902	1.273353)
(85.714286	0.099697	1.293858)
(90.000000	0.000000	1.300000)
(94.285714	-0.069788	1.293858)
(98.571429	-0.142032	1.273353)
(102.857143	-0.215318	1.238960)
(107.142857	-0.288357	1.191466)
(111.428571	-0.360017	1.131951)
(115.714286	-0.429380	1.061761)
(120.000000	-0.495790	0.982482)
(124.285714	-0.558917	0.895902)
(128.571429	-0.618844	0.803969)
(132.857143	-0.676172	0.708753)
(137.142857	-0.732190	0.612396)
(141.428571	-0.789144	0.517061)
(145.714286	-0.850690	0.424893)
(150.000000	-0.922740	0.337960)
(152.142857	-0.856830	0.297073)
(154.285714	-0.790920	0.258215)
(156.428571	-0.725010	0.221604)
(158.571429	-0.659100	0.187447)
(160.714286	-0.593190	0.155935)
(162.857143	-0.527280	0.127245)
(165.000000	-0.461370	0.101538)
(167.142857	-0.395460	0.078960)
(169.285714	-0.329550	0.059636)
(171.428571	-0.263640	0.043675)
(173.571429	-0.197730	0.031168)
(175.714286	-0.131820	0.022183)
(177.857143	-0.065910	0.016772)
(180.000000	0.000000	0.014965)
