// Re = 0.11
(-180.000000	0.000000	0.001000)
(-178.160714	0.070130	0.001000)
(-176.321429	0.140260	0.001000)
(-174.482143	0.210390	0.001000)
(-172.642857	0.280520	0.001000)
(-170.803571	0.350650	0.001000)
(-168.964286	0.420780	0.001000)
(-167.125000	0.490910	0.006668)
(-165.285714	0.561040	0.026446)
(-163.446429	0.631170	0.048617)
(-161.607143	0.701300	0.073089)
(-159.767857	0.771430	0.099765)
(-157.928571	0.841560	0.128536)
(-156.089286	0.911690	0.159286)
(-154.250000	0.981820	0.191890)
(-149.660714	0.890840	0.280449)
(-145.071429	0.820571	0.377488)
(-140.482143	0.760081	0.480571)
(-135.892857	0.703008	0.587114)
(-131.303571	0.645552	0.694449)
(-126.714286	0.585498	0.799893)
(-122.125000	0.521706	0.900818)
(-117.535714	0.453805	0.994713)
(-112.946429	0.382019	1.079254)
(-108.357143	0.307029	1.152359)
(-103.767857	0.229888	1.212240)
(-99.178571	0.151934	1.257452)
(-94.589286	0.074730	1.286927)
(-90.000000	0.000000	1.300000)
(-85.410714	-0.074730	1.286927)
(-80.821429	-0.151934	1.257452)
(-76.232143	-0.229888	1.212240)
(-71.642857	-0.307029	1.152359)
(-67.053571	-0.382019	1.079254)
(-62.464286	-0.453805	0.994713)
(-57.875000	-0.521706	0.900818)
(-53.285714	-0.585498	0.799893)
(-48.696429	-0.645552	0.694449)
(-44.107143	-0.703008	0.587114)
(-39.517857	-0.760081	0.480571)
(-34.928571	-0.820571	0.377488)
(-30.339286	-0.890840	0.280449)
(-25.750000	-0.981820	0.191890)
(-24.267857	-0.923583	0.180610)
(-22.785714	-0.865346	0.169330)
(-21.303571	-0.807109	0.158050)
(-19.821429	-0.748871	0.146770)
(-18.339286	-0.690634	0.135490)
(-16.857143	-0.632397	0.124210)
(-15.375000	-0.574160	0.112930)
(-13.892857	-0.515923	0.101650)
(-12.410714	-0.457686	0.090370)
(-10.928571	-0.399449	0.079090)
(-9.446429	-0.341211	0.067810)
(-7.964286	-0.282974	0.056530)
(-5.000000	-0.166500	0.033970)
(-4.750000	-0.126100	0.034530)
(-4.500000	-0.126800	0.035300)
(-4.250000	-0.086600	0.035720)
(-4.000000	-0.089100	0.037350)
(-3.750000	-0.066200	0.037900)
(-3.250000	-0.016400	0.039180)
(-2.750000	0.004000	0.039490)
(-2.250000	-0.025900	0.041690)
(-2.000000	0.010500	0.041750)
(-1.500000	0.029700	0.042880)
(-0.750000	0.050300	0.045650)
(-0.250000	0.078500	0.047260)
(0.250000	0.108500	0.048970)
(0.500000	0.142600	0.048650)
(0.750000	0.140800	0.050810)
(1.000000	0.172600	0.050590)
(1.250000	0.164500	0.053050)
(1.500000	0.203100	0.052750)
(2.000000	0.233000	0.055170)
(2.500000	0.257100	0.057880)
(3.000000	0.280100	0.060720)
(3.500000	0.305400	0.063650)
(3.750000	0.347800	0.063520)
(4.250000	0.377700	0.066350)
(4.500000	0.359100	0.069720)
(4.750000	0.401700	0.069430)
(5.000000	0.387000	0.072740)
(5.250000	0.429400	0.072430)
(5.500000	0.414400	0.075810)
(5.750000	0.462800	0.075140)
(6.000000	0.443500	0.078740)
(6.250000	0.397000	0.087120)
(6.500000	0.418700	0.089440)
(6.750000	0.414000	0.092180)
(7.000000	0.438700	0.093080)
(7.250000	0.515100	0.086000)
(7.500000	0.529000	0.087530)
(7.750000	0.562200	0.087560)
(8.000000	0.559900	0.090080)
(8.250000	0.432000	0.106010)
(8.500000	0.451800	0.107190)
(8.750000	0.464700	0.106860)
(9.000000	0.473700	0.109320)
(9.250000	0.560200	0.101650)
(9.500000	0.562900	0.103860)
(9.750000	0.569100	0.105800)
(10.000000	0.577300	0.107540)
(10.250000	0.587000	0.109160)
(10.500000	0.597500	0.110620)
(10.750000	0.635300	0.109260)
(11.000000	0.640800	0.110930)
(11.250000	0.644800	0.112560)
(11.500000	0.647700	0.114010)
(11.750000	0.651600	0.115270)
(12.000000	0.665200	0.116700)
(12.250000	0.683700	0.118550)
(12.500000	0.701500	0.120330)
(12.750000	0.718400	0.122030)
(13.000000	0.734600	0.123660)
(13.250000	0.750100	0.125210)
(13.500000	0.927400	0.114890)
(13.750000	0.925200	0.118400)
(14.000000	0.959600	0.117030)
(15.000000	1.050500	0.116450)
(15.750000	1.127900	0.113500)
(16.000000	1.179500	0.108340)
(16.250000	1.243100	0.101640)
(16.500000	1.332800	0.091770)
(16.750000	1.388000	0.087050)
(17.000000	1.382600	0.090340)
(17.250000	1.444100	0.084890)
(17.500000	1.436000	0.088500)
(17.750000	1.444800	0.089950)
(18.000000	1.460700	0.090450)
(18.250000	1.453900	0.094020)
(18.500000	1.456900	0.096260)
(18.750000	1.457600	0.098870)
(19.000000	1.455300	0.101910)
(19.250000	1.454900	0.104740)
(19.500000	1.454900	0.107510)
(19.750000	1.450900	0.110930)
(20.000000	1.457000	0.112820)
(20.250000	1.450100	0.116750)
(20.500000	1.448300	0.119910)
(20.750000	1.451600	0.122240)
(21.000000	1.444700	0.126280)
(21.250000	1.445600	0.129050)
(21.500000	1.440600	0.132770)
(21.750000	1.439900	0.135850)
(22.000000	1.434500	0.139680)
(22.250000	1.436900	0.142220)
(22.500000	1.428900	0.146560)
(22.750000	1.429200	0.149510)
(23.000000	1.426700	0.152930)
(23.250000	1.426800	0.155930)
(23.500000	1.424600	0.159370)
(23.750000	1.429800	0.161440)
(24.000000	1.432700	0.163890)
(24.250000	1.433100	0.166890)
(24.500000	1.435800	0.169400)
(24.750000	1.429400	0.173730)
(25.000000	1.421000	0.178540)
(25.250000	1.423800	0.181040)
(25.500000	1.400000	0.189170)
(25.750000	1.402600	0.191890)
(30.339286	1.272629	0.280449)
(34.928571	1.172245	0.377488)
(39.517857	1.085829	0.480571)
(44.107143	1.004297	0.587114)
(48.696429	0.922217	0.694449)
(53.285714	0.836426	0.799893)
(57.875000	0.745294	0.900818)
(62.464286	0.648293	0.994713)
(67.053571	0.545741	1.079254)
(71.642857	0.438613	1.152359)
(76.232143	0.328411	1.212240)
(80.821429	0.217049	1.257452)
(85.410714	0.106757	1.286927)
(90.000000	0.000000	1.300000)
(94.589286	-0.074730	1.286927)
(99.178571	-0.151934	1.257452)
(103.767857	-0.229888	1.212240)
(108.357143	-0.307029	1.152359)
(112.946429	-0.382019	1.079254)
(117.535714	-0.453805	0.994713)
(122.125000	-0.521706	0.900818)
(126.714286	-0.585498	0.799893)
(131.303571	-0.645552	0.694449)
(135.892857	-0.703008	0.587114)
(140.482143	-0.760081	0.480571)
(145.071429	-0.820571	0.377488)
(149.660714	-0.890840	0.280449)
(154.250000	-0.981820	0.191890)
(156.089286	-0.911690	0.159286)
(157.928571	-0.841560	0.128536)
(159.767857	-0.771430	0.099765)
(161.607143	-0.701300	0.073089)
(163.446429	-0.631170	0.048617)
(165.285714	-0.561040	0.026446)
(167.125000	-0.490910	0.006668)
(168.964286	-0.420780	0.001000)
(170.803571	-0.350650	0.001000)
(172.642857	-0.280520	0.001000)
(174.482143	-0.210390	0.001000)
(176.321429	-0.140260	0.001000)
(178.160714	-0.070130	0.001000)
(180.000000	0.000000	0.001000)
