// Re = 0.05
(-180.000000	0.000000	0.073544)
(-177.892857	0.067440	0.075252)
(-175.785714	0.134879	0.080366)
(-173.678571	0.202319	0.088858)
(-171.571429	0.269759	0.100680)
(-169.464286	0.337199	0.115768)
(-167.357143	0.404638	0.134038)
(-165.250000	0.472078	0.155390)
(-163.142857	0.539518	0.179704)
(-161.035714	0.606958	0.206847)
(-158.928571	0.674397	0.236668)
(-156.821429	0.741837	0.269003)
(-154.714286	0.809277	0.303673)
(-152.607143	0.876717	0.340485)
(-150.500000	0.944156	0.379235)
(-146.178571	0.867470	0.463853)
(-141.857143	0.802783	0.553738)
(-137.535714	0.743580	0.646795)
(-133.214286	0.685855	0.740848)
(-128.892857	0.627150	0.833696)
(-124.571429	0.566041	0.923157)
(-120.250000	0.501842	1.007125)
(-115.928571	0.434424	1.083613)
(-111.607143	0.364090	1.150801)
(-107.285714	0.291490	1.207075)
(-102.964286	0.217553	1.251070)
(-98.642857	0.143425	1.281695)
(-94.321429	0.070426	1.298160)
(-90.000000	0.000000	1.300000)
(-85.678571	-0.070426	1.298160)
(-81.357143	-0.143425	1.281695)
(-77.035714	-0.217553	1.251070)
(-72.714286	-0.291490	1.207075)
(-68.392857	-0.364090	1.150801)
(-64.071429	-0.434424	1.083613)
(-59.750000	-0.501842	1.007125)
(-55.428571	-0.566041	0.923157)
(-51.107143	-0.627150	0.833696)
(-46.785714	-0.685855	0.740848)
(-42.464286	-0.743580	0.646795)
(-38.142857	-0.802783	0.553738)
(-33.821429	-0.867470	0.463853)
(-29.500000	-0.944156	0.379235)
(-27.750000	-0.922086	0.355222)
(-26.000000	-0.900016	0.331209)
(-24.250000	-0.877945	0.307196)
(-22.500000	-0.855875	0.283183)
(-20.750000	-0.833805	0.259170)
(-19.000000	-0.811734	0.235157)
(-17.250000	-0.789664	0.211145)
(-15.500000	-0.767593	0.187132)
(-13.750000	-0.745523	0.163119)
(-12.000000	-0.723453	0.139106)
(-10.250000	-0.701382	0.115093)
(-8.500000	-0.679312	0.091080)
(-5.000000	-0.635171	0.043054)
(-4.750000	-0.611290	0.046041)
(-4.500000	-0.587857	0.048461)
(-4.250000	-0.565244	0.050290)
(-4.000000	-0.539798	0.052293)
(-3.750000	-0.518826	0.053127)
(-3.500000	-0.496586	0.053821)
(-3.250000	-0.477553	0.053926)
(-3.000000	-0.455238	0.054169)
(-2.750000	-0.442469	0.053798)
(-2.500000	-0.427016	0.053451)
(-2.250000	-0.410071	0.053208)
(-2.000000	-0.396407	0.052802)
(-1.750000	-0.387292	0.052189)
(-1.500000	-0.368930	0.052015)
(-1.250000	-0.360860	0.051448)
(-1.000000	-0.350999	0.050985)
(-0.750000	-0.338901	0.050695)
(-0.500000	-0.336200	0.050058)
(-0.250000	-0.419111	0.044212)
(0.000000	-0.402986	0.043980)
(0.250000	-0.385967	0.043853)
(0.500000	-0.369096	0.043760)
(0.750000	-0.351256	0.043772)
(1.000000	-0.332447	0.043887)
(1.250000	-0.312444	0.044131)
(1.500000	-0.289980	0.044582)
(1.750000	-0.263863	0.045346)
(2.000000	-0.233121	0.046481)
(2.250000	-0.198502	0.047986)
(2.500000	-0.147028	0.051239)
(2.750000	-0.096748	0.054308)
(3.000000	-0.049451	0.057306)
(3.250000	-0.029150	0.058453)
(3.500000	-0.015636	0.058927)
(3.750000	0.000340	0.059749)
(4.000000	0.022281	0.061208)
(4.250000	0.043776	0.062621)
(4.500000	0.067507	0.064427)
(4.750000	0.097876	0.067125)
(5.000000	0.120115	0.068908)
(5.250000	0.144220	0.071142)
(5.500000	0.173768	0.074048)
(5.750000	0.194367	0.076074)
(6.000000	0.217651	0.078622)
(6.250000	0.244813	0.081609)
(6.750000	0.284296	0.086460)
(7.000000	0.310265	0.089679)
(7.250000	0.329149	0.092203)
(7.500000	0.346541	0.094761)
(7.750000	0.364680	0.097517)
(8.000000	0.383415	0.100412)
(8.250000	0.402075	0.103364)
(8.500000	0.420139	0.106328)
(8.750000	0.437307	0.109269)
(9.000000	0.454253	0.112221)
(9.250000	0.472689	0.115255)
(9.500000	0.493810	0.118508)
(9.750000	0.505461	0.121217)
(10.000000	0.524568	0.123903)
(10.250000	0.612210	0.113391)
(10.500000	0.638328	0.113819)
(10.750000	0.663029	0.114051)
(11.250000	0.700946	0.115521)
(11.500000	0.730271	0.113715)
(12.000000	1.005113	0.054736)
(12.250000	1.019895	0.056091)
(12.500000	1.032664	0.058291)
(12.750000	1.050429	0.060328)
(13.000000	1.064541	0.063049)
(13.250000	1.081709	0.065712)
(13.500000	1.099475	0.068514)
(13.750000	1.112766	0.071872)
(14.000000	1.103237	0.077209)
(14.500000	1.104761	0.086726)
(14.750000	1.078975	0.095051)
(15.000000	1.063853	0.102739)
(15.500000	0.821219	0.192365)
(16.750000	0.829356	0.225339)
(17.000000	0.840782	0.229113)
(17.250000	0.852955	0.232957)
(17.500000	0.865873	0.236952)
(17.750000	0.876479	0.240333)
(18.000000	0.884699	0.243239)
(18.250000	0.893739	0.246376)
(18.500000	0.903972	0.249746)
(18.750000	0.915697	0.253462)
(19.000000	0.929584	0.257538)
(19.250000	0.939072	0.260421)
(19.500000	0.947217	0.263130)
(19.750000	0.957525	0.266476)
(20.000000	0.971189	0.270563)
(20.250000	0.981124	0.273446)
(20.500000	0.989269	0.276063)
(20.750000	1.000994	0.279733)
(21.000000	1.013838	0.283438)
(21.250000	1.021013	0.285580)
(21.500000	1.032813	0.289296)
(21.750000	1.044165	0.292469)
(22.000000	1.052161	0.294900)
(22.250000	1.066346	0.299381)
(22.500000	1.073522	0.301106)
(22.750000	1.084427	0.304545)
(23.000000	1.095182	0.307485)
(23.250000	1.104148	0.310241)
(23.500000	1.116693	0.313923)
(23.750000	1.124391	0.316018)
(24.000000	1.137756	0.320210)
(24.250000	1.144708	0.321842)
(24.500000	1.157850	0.326022)
(24.750000	1.164876	0.327620)
(25.000000	1.177347	0.331429)
(25.250000	1.185045	0.333374)
(25.500000	1.196322	0.336604)
(25.750000	1.205213	0.339244)
(26.000000	1.215223	0.341814)
(26.250000	1.225904	0.345242)
(26.500000	1.234347	0.347152)
(26.750000	1.247116	0.351795)
(27.000000	1.253695	0.352628)
(27.250000	1.264301	0.355615)
(27.500000	1.273640	0.358394)
(27.750000	1.282531	0.360525)
(28.000000	1.294330	0.364635)
(28.250000	1.301431	0.365885)
(28.500000	1.311143	0.368432)
(28.750000	1.321674	0.372010)
(29.000000	1.329372	0.373446)
(29.250000	1.339232	0.376155)
(29.500000	1.348795	0.379235)
(33.821429	1.239243	0.463853)
(38.142857	1.146833	0.553738)
(42.464286	1.062257	0.646795)
(46.785714	0.979793	0.740848)
(51.107143	0.895929	0.833696)
(55.428571	0.808630	0.923157)
(59.750000	0.716917	1.007125)
(64.071429	0.620605	1.083613)
(68.392857	0.520128	1.150801)
(72.714286	0.416415	1.207075)
(77.035714	0.310790	1.251070)
(81.357143	0.204893	1.281695)
(85.678571	0.100609	1.298160)
(90.000000	0.000000	1.300000)
(94.321429	-0.070426	1.298160)
(98.642857	-0.143425	1.281695)
(102.964286	-0.217553	1.251070)
(107.285714	-0.291490	1.207075)
(111.607143	-0.364090	1.150801)
(115.928571	-0.434424	1.083613)
(120.250000	-0.501842	1.007125)
(124.571429	-0.566041	0.923157)
(128.892857	-0.627150	0.833696)
(133.214286	-0.685855	0.740848)
(137.535714	-0.743580	0.646795)
(141.857143	-0.802783	0.553738)
(146.178571	-0.867470	0.463853)
(150.500000	-0.944156	0.379235)
(152.607143	-0.876717	0.340485)
(154.714286	-0.809277	0.303673)
(156.821429	-0.741837	0.269003)
(158.928571	-0.674397	0.236668)
(161.035714	-0.606958	0.206847)
(163.142857	-0.539518	0.179704)
(165.250000	-0.472078	0.155390)
(167.357143	-0.404638	0.134038)
(169.464286	-0.337199	0.115768)
(171.571429	-0.269759	0.100680)
(173.678571	-0.202319	0.088858)
(175.785714	-0.134879	0.080366)
(177.892857	-0.067440	0.075252)
(180.000000	0.000000	0.073544)
