// Re = 0.06
(-180.000000	0.000000	0.170214)
(-177.857143	0.059251	0.171913)
(-175.714286	0.118503	0.176998)
(-173.571429	0.177754	0.185441)
(-171.428571	0.237005	0.197191)
(-169.285714	0.296256	0.212179)
(-167.142857	0.355508	0.230317)
(-165.000000	0.414759	0.251498)
(-162.857143	0.474010	0.275597)
(-160.714286	0.533262	0.302472)
(-158.571429	0.592513	0.331964)
(-156.428571	0.651764	0.363900)
(-154.285714	0.711016	0.398090)
(-152.142857	0.770267	0.434331)
(-150.000000	0.829518	0.472410)
(-145.714286	0.775375	0.553166)
(-141.428571	0.728216	0.638440)
(-137.142857	0.683091	0.726201)
(-132.857143	0.636950	0.814350)
(-128.571429	0.587943	0.900766)
(-124.285714	0.535048	0.983357)
(-120.000000	0.477849	1.060107)
(-115.714286	0.416394	1.129122)
(-111.428571	0.351106	1.188670)
(-107.142857	0.282706	1.237227)
(-102.857143	0.212162	1.273506)
(-98.571429	0.140635	1.296491)
(-94.285714	0.069440	1.305460)
(-90.000000	0.000000	1.300000)
(-85.714286	-0.069440	1.305460)
(-81.428571	-0.140635	1.296491)
(-77.142857	-0.212162	1.273506)
(-72.857143	-0.282706	1.237227)
(-68.571429	-0.351106	1.188670)
(-64.285714	-0.416394	1.129122)
(-60.000000	-0.477849	1.060107)
(-55.714286	-0.535048	0.983357)
(-51.428571	-0.587943	0.900766)
(-47.142857	-0.636950	0.814350)
(-42.857143	-0.683091	0.726201)
(-38.571429	-0.728216	0.638440)
(-34.285714	-0.775375	0.553166)
(-30.000000	-0.829518	0.472410)
(-28.214286	-0.806575	0.441518)
(-26.428571	-0.783631	0.410627)
(-24.642857	-0.760687	0.379735)
(-22.857143	-0.737744	0.348843)
(-21.071429	-0.714800	0.317952)
(-19.285714	-0.691857	0.287060)
(-17.500000	-0.668913	0.256169)
(-15.714286	-0.645970	0.225277)
(-13.928571	-0.623026	0.194385)
(-12.142857	-0.600082	0.163494)
(-10.357143	-0.577139	0.132602)
(-8.571429	-0.554195	0.101710)
(-5.000000	-0.508308	0.039927)
(-4.750000	-0.486730	0.042241)
(-4.500000	-0.466438	0.043941)
(-4.250000	-0.445350	0.045745)
(-4.000000	-0.424507	0.047118)
(-3.750000	-0.403602	0.048072)
(-3.500000	-0.381657	0.048726)
(-3.250000	-0.368342	0.048700)
(-3.000000	-0.353985	0.048713)
(-2.750000	-0.337426	0.048791)
(-2.500000	-0.321295	0.048464)
(-2.250000	-0.305042	0.048491)
(-2.000000	-0.293868	0.048151)
(-1.750000	-0.277676	0.047955)
(-1.500000	-0.262402	0.047863)
(-1.250000	-0.250188	0.047667)
(-1.000000	-0.230997	0.047589)
(-0.750000	-0.221537	0.047432)
(-0.500000	-0.202529	0.047575)
(-0.250000	-0.191723	0.047575)
(0.000000	-0.171430	0.047850)
(0.250000	-0.161114	0.047955)
(0.500000	-0.147431	0.048216)
(0.750000	-0.130626	0.048634)
(1.000000	-0.114434	0.049144)
(1.250000	-0.107606	0.049628)
(3.750000	0.068575	0.061355)
(4.000000	0.098170	0.063630)
(4.250000	0.111730	0.064362)
(4.500000	0.134838	0.066427)
(4.750000	0.152254	0.067826)
(5.000000	0.179278	0.070506)
(5.250000	0.197857	0.072363)
(5.500000	0.225188	0.075278)
(5.750000	0.243583	0.077396)
(6.000000	0.271464	0.080612)
(6.250000	0.289064	0.082808)
(6.500000	0.309723	0.085554)
(6.750000	0.335218	0.088705)
(7.000000	0.355694	0.091372)
(7.250000	0.374150	0.094038)
(7.750000	0.468958	0.089580)
(8.000000	0.494514	0.090744)
(8.250000	0.515051	0.092352)
(8.500000	0.535649	0.093869)
(8.750000	0.555942	0.095333)
(9.000000	0.575745	0.096758)
(9.250000	0.594997	0.098144)
(9.500000	0.614310	0.099346)
(9.750000	0.635092	0.100065)
(10.000000	0.658628	0.099935)
(10.250000	0.685897	0.098483)
(10.500000	0.718307	0.095019)
(10.750000	0.757878	0.088495)
(11.250000	0.929491	0.045575)
(11.500000	0.944765	0.045078)
(11.750000	0.955204	0.046477)
(12.000000	0.963746	0.048948)
(12.250000	0.975349	0.051380)
(12.500000	0.988542	0.053916)
(12.750000	1.004244	0.056361)
(13.000000	1.025149	0.058439)
(13.500000	1.059002	0.064192)
(13.750000	1.073052	0.067604)
(14.000000	1.086796	0.071186)
(14.250000	1.100601	0.074899)
(14.500000	1.117100	0.078455)
(14.750000	1.110219	0.084508)
(15.000000	1.105604	0.090705)
(15.250000	1.116900	0.095019)
(15.500000	1.104695	0.102837)
(15.750000	1.090839	0.111688)
(16.000000	1.075697	0.121663)
(17.000000	0.754664	0.248658)
(17.250000	0.761676	0.252083)
(17.500000	0.769667	0.255639)
(17.750000	0.779311	0.259509)
(18.000000	0.790729	0.263810)
(18.250000	0.796946	0.266791)
(18.500000	0.803285	0.270151)
(18.750000	0.811521	0.273929)
(19.000000	0.822817	0.278309)
(19.250000	0.830442	0.281708)
(19.500000	0.836842	0.285238)
(19.750000	0.846424	0.289343)
(20.000000	0.856986	0.293539)
(20.250000	0.862529	0.296952)
(20.500000	0.871990	0.301083)
(20.750000	0.881633	0.305162)
(21.000000	0.887972	0.308888)
(21.250000	0.899207	0.313620)
(21.500000	0.905669	0.317085)
(21.750000	0.914272	0.321320)
(22.000000	0.923855	0.325504)
(22.250000	0.930806	0.329557)
(22.500000	0.942102	0.334224)
(22.750000	0.947706	0.337976)
(23.000000	0.959492	0.343009)
(23.250000	0.964730	0.346578)
(23.500000	0.975964	0.351533)
(23.750000	0.981691	0.355298)
(24.000000	0.992804	0.360292)
(24.250000	0.998470	0.364149)
(24.500000	1.009399	0.369039)
(24.750000	1.015248	0.373144)
(25.000000	1.025137	0.377824)
(25.250000	1.032088	0.382256)
(25.500000	1.040936	0.386701)
(25.750000	1.049172	0.391446)
(26.000000	1.056980	0.395918)
(26.250000	1.066685	0.400912)
(26.500000	1.073269	0.405252)
(26.750000	1.082484	0.409971)
(27.000000	1.089863	0.414756)
(27.250000	1.097916	0.419345)
(27.500000	1.107131	0.424287)
(27.750000	1.113837	0.428902)
(28.000000	1.122441	0.433595)
(28.250000	1.130432	0.438576)
(28.500000	1.137873	0.443257)
(28.750000	1.146721	0.448081)
(29.000000	1.153917	0.452996)
(29.250000	1.161602	0.457807)
(29.500000	1.170450	0.462579)
(29.750000	1.177340	0.467599)
(30.000000	1.185026	0.472410)
(34.285714	1.107678	0.553166)
(38.571429	1.040308	0.638440)
(42.857143	0.975844	0.726201)
(47.142857	0.909928	0.814350)
(51.428571	0.839919	0.900766)
(55.714286	0.764355	0.983357)
(60.000000	0.682642	1.060107)
(64.285714	0.594849	1.129122)
(68.571429	0.501580	1.188670)
(72.857143	0.403866	1.237227)
(77.142857	0.303089	1.273506)
(81.428571	0.200908	1.296491)
(85.714286	0.099200	1.305460)
(90.000000	0.000000	1.300000)
(94.285714	-0.069440	1.305460)
(98.571429	-0.140635	1.296491)
(102.857143	-0.212162	1.273506)
(107.142857	-0.282706	1.237227)
(111.428571	-0.351106	1.188670)
(115.714286	-0.416394	1.129122)
(120.000000	-0.477849	1.060107)
(124.285714	-0.535048	0.983357)
(128.571429	-0.587943	0.900766)
(132.857143	-0.636950	0.814350)
(137.142857	-0.683091	0.726201)
(141.428571	-0.728216	0.638440)
(145.714286	-0.775375	0.553166)
(150.000000	-0.829518	0.472410)
(152.142857	-0.770267	0.434331)
(154.285714	-0.711016	0.398090)
(156.428571	-0.651764	0.363900)
(158.571429	-0.592513	0.331964)
(160.714286	-0.533262	0.302472)
(162.857143	-0.474010	0.275597)
(165.000000	-0.414759	0.251498)
(167.142857	-0.355508	0.230317)
(169.285714	-0.296256	0.212179)
(171.428571	-0.237005	0.197191)
(173.571429	-0.177754	0.185441)
(175.714286	-0.118503	0.176998)
(177.857143	-0.059251	0.171913)
(180.000000	0.000000	0.170214)
