// Re = 0.05
(-180.000000	0.000000	0.001000)
(-177.892857	0.059980	0.001000)
(-175.785714	0.119959	0.001431)
(-173.678571	0.179938	0.010190)
(-171.571429	0.239918	0.022386)
(-169.464286	0.299898	0.037953)
(-167.357143	0.359877	0.056808)
(-165.250000	0.419856	0.078849)
(-163.142857	0.479836	0.103956)
(-161.035714	0.539816	0.131994)
(-158.928571	0.599795	0.162812)
(-156.821429	0.659774	0.196243)
(-154.714286	0.719754	0.232107)
(-152.607143	0.779733	0.270210)
(-150.500000	0.839713	0.310347)
(-146.178571	0.783283	0.398097)
(-141.857143	0.734789	0.491490)
(-137.535714	0.688854	0.588407)
(-133.214286	0.642178	0.686653)
(-128.892857	0.592763	0.784000)
(-124.571429	0.539493	0.878245)
(-120.250000	0.481895	0.967252)
(-115.928571	0.419990	1.049005)
(-111.607143	0.354188	1.121655)
(-107.285714	0.285213	1.183557)
(-102.964286	0.214047	1.233313)
(-98.642857	0.141875	1.269800)
(-94.321429	0.070040	1.292196)
(-90.000000	0.000000	1.300000)
(-85.678571	-0.070040	1.292196)
(-81.357143	-0.141875	1.269800)
(-77.035714	-0.214047	1.233313)
(-72.714286	-0.285213	1.183557)
(-68.392857	-0.354188	1.121655)
(-64.071429	-0.419990	1.049005)
(-59.750000	-0.481895	0.967252)
(-55.428571	-0.539493	0.878245)
(-51.107143	-0.592763	0.784000)
(-46.785714	-0.642178	0.686653)
(-42.464286	-0.688854	0.588407)
(-38.142857	-0.734789	0.491490)
(-33.821429	-0.783283	0.398097)
(-29.500000	-0.839713	0.310347)
(-27.750000	-0.825124	0.291268)
(-26.000000	-0.810536	0.272189)
(-24.250000	-0.795947	0.253111)
(-22.500000	-0.781358	0.234032)
(-20.750000	-0.766770	0.214953)
(-19.000000	-0.752181	0.195874)
(-17.250000	-0.737592	0.176795)
(-15.500000	-0.723004	0.157717)
(-13.750000	-0.708415	0.138638)
(-12.000000	-0.693827	0.119559)
(-10.250000	-0.679238	0.100480)
(-8.500000	-0.664649	0.081402)
(-5.000000	-0.635472	0.043244)
(-4.750000	-0.608411	0.045617)
(-4.500000	-0.581998	0.047540)
(-4.250000	-0.556772	0.048993)
(-4.000000	-0.527443	0.050585)
(-3.750000	-0.504594	0.051247)
(-3.500000	-0.479909	0.051799)
(-3.250000	-0.459867	0.051882)
(-3.000000	-0.435074	0.052075)
(-2.750000	-0.424105	0.051781)
(-2.500000	-0.409247	0.051505)
(-2.250000	-0.392230	0.051312)
(-2.000000	-0.379965	0.050990)
(-1.750000	-0.374288	0.050502)
(-1.500000	-0.355218	0.050364)
(-1.250000	-0.351053	0.049913)
(-1.000000	-0.344296	0.049545)
(-0.750000	-0.334298	0.049315)
(-0.500000	-0.337909	0.048809)
(-0.250000	-0.465503	0.044164)
(0.000000	-0.449674	0.043980)
(0.250000	-0.432549	0.043879)
(0.500000	-0.415640	0.043805)
(0.750000	-0.397326	0.043814)
(1.000000	-0.377609	0.043906)
(1.250000	-0.356164	0.044100)
(1.500000	-0.331154	0.044458)
(1.750000	-0.300853	0.045065)
(2.000000	-0.263856	0.045967)
(2.250000	-0.221243	0.047163)
(2.500000	-0.154222	0.049748)
(2.750000	-0.088928	0.052186)
(3.000000	-0.027955	0.054568)
(3.250000	-0.006078	0.055479)
(3.500000	0.005971	0.055856)
(3.750000	0.021585	0.056509)
(4.000000	0.045838	0.057668)
(4.250000	0.069443	0.058790)
(4.500000	0.096288	0.060225)
(4.750000	0.132746	0.062369)
(5.000000	0.157431	0.063785)
(5.250000	0.184816	0.065561)
(5.500000	0.220085	0.067870)
(5.750000	0.242395	0.069480)
(6.000000	0.268592	0.071503)
(6.250000	0.300405	0.073877)
(6.750000	0.342540	0.077731)
(7.000000	0.372625	0.080289)
(7.250000	0.392450	0.082294)
(7.500000	0.410116	0.084327)
(7.750000	0.428861	0.086516)
(8.000000	0.448470	0.088816)
(8.250000	0.467971	0.091162)
(8.500000	0.486609	0.093517)
(8.750000	0.503950	0.095853)
(9.000000	0.520967	0.098199)
(9.250000	0.540145	0.100609)
(9.500000	0.563210	0.103194)
(9.750000	0.572559	0.105347)
(10.000000	0.592708	0.107481)
(10.250000	0.712109	0.099128)
(10.500000	0.742411	0.099468)
(10.750000	0.770660	0.099652)
(11.250000	0.810526	0.100821)
(11.500000	0.845472	0.099386)
(12.000000	1.228454	0.052526)
(12.250000	1.242339	0.053602)
(12.500000	1.253308	0.055350)
(12.750000	1.271513	0.056969)
(13.000000	1.284427	0.059131)
(13.250000	1.301768	0.061247)
(13.500000	1.319973	0.063473)
(13.750000	1.331699	0.066140)
(14.000000	1.310376	0.070381)
(14.500000	1.297539	0.077943)
(14.750000	1.252672	0.084557)
(15.000000	1.223249	0.090665)
(15.500000	0.856821	0.161875)
(16.750000	0.830991	0.188073)
(17.000000	0.840017	0.191072)
(17.250000	0.850122	0.194126)
(17.500000	0.861307	0.197300)
(17.750000	0.869145	0.199986)
(18.000000	0.873526	0.202295)
(18.250000	0.879095	0.204788)
(18.500000	0.886393	0.207465)
(18.750000	0.895850	0.210418)
(19.000000	0.908439	0.213656)
(19.250000	0.914656	0.215946)
(19.500000	0.918930	0.218099)
(19.750000	0.926335	0.220757)
(20.000000	0.938600	0.224005)
(20.250000	0.945466	0.226295)
(20.500000	0.949739	0.228374)
(20.750000	0.959196	0.231290)
(21.000000	0.970274	0.234234)
(21.250000	0.973143	0.235936)
(21.500000	0.982708	0.238889)
(21.750000	0.991625	0.241409)
(22.000000	0.995683	0.243341)
(22.250000	1.008704	0.246901)
(22.500000	1.011573	0.248272)
(22.750000	1.019843	0.251004)
(23.000000	1.027896	0.253340)
(23.250000	1.033357	0.255530)
(23.500000	1.044003	0.258455)
(23.750000	1.047628	0.260120)
(24.000000	1.059461	0.263450)
(24.250000	1.062007	0.264747)
(24.500000	1.073516	0.268068)
(24.750000	1.076169	0.269337)
(25.000000	1.086706	0.272364)
(25.250000	1.090332	0.273909)
(25.500000	1.099141	0.276476)
(25.750000	1.104494	0.278573)
(26.000000	1.111468	0.280615)
(26.250000	1.119413	0.283338)
(26.500000	1.124118	0.284856)
(26.750000	1.135088	0.288545)
(27.000000	1.137093	0.289207)
(27.250000	1.144930	0.291581)
(27.500000	1.150931	0.293788)
(27.750000	1.156285	0.295481)
(28.000000	1.165850	0.298747)
(28.250000	1.168611	0.299740)
(28.500000	1.175153	0.301764)
(28.750000	1.182882	0.304606)
(29.000000	1.186507	0.305747)
(29.250000	1.193265	0.307900)
(29.500000	1.199590	0.310347)
(33.821429	1.118976	0.398097)
(38.142857	1.049699	0.491490)
(42.464286	0.984077	0.588407)
(46.785714	0.917397	0.686653)
(51.107143	0.846804	0.784000)
(55.428571	0.770704	0.878245)
(59.750000	0.688422	0.967252)
(64.071429	0.599986	1.049005)
(68.392857	0.505982	1.121655)
(72.714286	0.407447	1.183557)
(77.035714	0.305781	1.233313)
(81.357143	0.202678	1.269800)
(85.678571	0.100057	1.292196)
(90.000000	0.000000	1.300000)
(94.321429	-0.070040	1.292196)
(98.642857	-0.141875	1.269800)
(102.964286	-0.214047	1.233313)
(107.285714	-0.285213	1.183557)
(111.607143	-0.354188	1.121655)
(115.928571	-0.419990	1.049005)
(120.250000	-0.481895	0.967252)
(124.571429	-0.539493	0.878245)
(128.892857	-0.592763	0.784000)
(133.214286	-0.642178	0.686653)
(137.535714	-0.688854	0.588407)
(141.857143	-0.734789	0.491490)
(146.178571	-0.783283	0.398097)
(150.500000	-0.839713	0.310347)
(152.607143	-0.779733	0.270210)
(154.714286	-0.719754	0.232107)
(156.821429	-0.659774	0.196243)
(158.928571	-0.599795	0.162812)
(161.035714	-0.539815	0.131994)
(163.142857	-0.479836	0.103956)
(165.250000	-0.419856	0.078849)
(167.357143	-0.359877	0.056808)
(169.464286	-0.299897	0.037953)
(171.571429	-0.239918	0.022386)
(173.678571	-0.179938	0.010190)
(175.785714	-0.119959	0.001431)
(177.892857	-0.059980	0.001000)
(180.000000	0.000000	0.001000)
