// Re = 0.12
(-180.000000	0.000000	0.002527)
(-178.642857	0.064206	0.003255)
(-177.285714	0.128413	0.005439)
(-175.928571	0.192619	0.009074)
(-174.571429	0.256826	0.014150)
(-173.214286	0.321032	0.020658)
(-171.857143	0.385238	0.028582)
(-170.500000	0.449445	0.037905)
(-169.142857	0.513651	0.048605)
(-167.785714	0.577858	0.060659)
(-166.428571	0.642064	0.074039)
(-165.071429	0.706270	0.088716)
(-163.714286	0.770477	0.104657)
(-162.357143	0.834683	0.121825)
(-161.000000	0.898890	0.140182)
(-155.928571	0.799439	0.218578)
(-150.857143	0.740033	0.310512)
(-145.785714	0.697172	0.413110)
(-140.714286	0.659172	0.523161)
(-135.642857	0.619655	0.637222)
(-130.571429	0.575061	0.751725)
(-125.500000	0.523547	0.863087)
(-120.428571	0.464433	0.967822)
(-115.357143	0.397903	1.062654)
(-110.285714	0.324807	1.144613)
(-105.214286	0.246523	1.211133)
(-100.142857	0.164848	1.260129)
(-95.071429	0.081895	1.290065)
(-90.000000	0.000000	1.300000)
(-84.928571	-0.081895	1.290065)
(-79.857143	-0.164848	1.260129)
(-74.785714	-0.246523	1.211133)
(-69.714286	-0.324807	1.144613)
(-64.642857	-0.397903	1.062654)
(-59.571429	-0.464433	0.967822)
(-54.500000	-0.523547	0.863087)
(-49.428571	-0.575061	0.751725)
(-44.357143	-0.619655	0.637222)
(-39.285714	-0.659172	0.523161)
(-34.214286	-0.697172	0.413110)
(-29.142857	-0.740033	0.310512)
(-24.071429	-0.799439	0.218578)
(-19.000000	-0.898890	0.140182)
(-18.000000	-0.852156	0.131812)
(-17.000000	-0.805422	0.123443)
(-16.000000	-0.758688	0.115073)
(-15.000000	-0.711954	0.106703)
(-14.000000	-0.665220	0.098333)
(-13.000000	-0.618486	0.089964)
(-12.000000	-0.571752	0.081594)
(-11.000000	-0.525018	0.073224)
(-10.000000	-0.478285	0.064855)
(-9.000000	-0.431551	0.056485)
(-8.000000	-0.384817	0.048115)
(-7.000000	-0.338083	0.039745)
(-5.000000	-0.244615	0.023006)
(-4.750000	-0.218933	0.023487)
(-4.500000	-0.192159	0.024028)
(-4.250000	-0.166659	0.024258)
(-4.000000	-0.142342	0.024739)
(-3.750000	-0.118116	0.025099)
(-3.500000	-0.093617	0.025320)
(-3.250000	-0.067389	0.025380)
(-3.000000	-0.042708	0.025430)
(-2.750000	-0.019210	0.025480)
(-2.500000	0.004834	0.025480)
(-2.250000	0.030971	0.025560)
(-2.000000	0.055743	0.025560)
(-1.750000	0.079060	0.025590)
(-1.500000	0.103650	0.025550)
(-1.250000	0.131971	0.025320)
(-1.000000	0.154195	0.025520)
(-0.750000	0.177693	0.025610)
(-0.500000	0.205650	0.025450)
(-0.250000	0.230331	0.025470)
(0.000000	0.252828	0.025670)
(0.250000	0.277873	0.025730)
(0.500000	0.304920	0.025670)
(0.750000	0.327872	0.025880)
(1.000000	0.352280	0.026020)
(1.250000	0.379327	0.025970)
(1.500000	0.400915	0.026291)
(1.750000	0.424231	0.026521)
(2.000000	0.454008	0.026371)
(2.250000	0.475413	0.026751)
(2.500000	0.496181	0.027102)
(2.750000	0.526595	0.026862)
(3.000000	0.546271	0.027302)
(3.250000	0.566493	0.027713)
(3.500000	0.597453	0.027442)
(3.750000	0.618494	0.027783)
(4.000000	0.637625	0.028233)
(4.250000	0.657574	0.028614)
(4.500000	0.691173	0.028083)
(4.750000	0.709757	0.028494)
(5.000000	0.729069	0.028844)
(5.250000	0.749291	0.029115)
(5.500000	0.782162	0.028434)
(5.750000	0.803294	0.028444)
(6.000000	0.823971	0.028484)
(6.250000	0.844649	0.028364)
(6.500000	0.867510	0.028083)
(6.750000	0.891645	0.027663)
(7.000000	0.917782	0.027132)
(7.250000	0.950198	0.026431)
(7.500000	0.995080	0.025360)
(7.750000	1.039599	0.024569)
(8.000000	1.077111	0.023657)
(8.250000	1.106069	0.023317)
(8.500000	1.134208	0.023097)
(8.750000	1.161619	0.022906)
(9.000000	1.187574	0.022766)
(9.250000	1.206704	0.022916)
(9.500000	1.223832	0.023107)
(9.750000	1.233954	0.023537)
(10.000000	1.240344	0.024278)
(10.250000	1.243095	0.025390)
(10.500000	1.242296	0.026952)
(10.750000	1.237949	0.029024)
(11.000000	1.231145	0.031558)
(11.250000	1.223522	0.034412)
(11.500000	1.216535	0.037416)
(11.750000	1.211460	0.040420)
(12.000000	1.209024	0.043273)
(12.250000	1.209772	0.045917)
(12.500000	1.213524	0.048330)
(12.750000	1.220278	0.050483)
(13.000000	1.228762	0.052556)
(13.250000	1.239702	0.054378)
(13.500000	1.253463	0.055960)
(13.750000	1.269590	0.057362)
(14.000000	1.286446	0.058774)
(14.250000	1.301117	0.060456)
(14.500000	1.316334	0.062169)
(14.750000	1.333281	0.063791)
(15.000000	1.354595	0.065082)
(15.250000	1.369084	0.067015)
(15.500000	1.382117	0.069218)
(15.750000	1.406252	0.070460)
(16.000000	1.405545	0.073904)
(16.250000	1.413937	0.076558)
(16.500000	1.427426	0.078891)
(16.750000	1.418528	0.083237)
(17.000000	1.415364	0.087142)
(17.250000	1.438862	0.088494)
(17.500000	1.421047	0.093981)
(17.750000	1.403050	0.099829)
(18.000000	1.384143	0.106157)
(18.250000	1.362870	0.113186)
(18.500000	1.338594	0.121197)
(18.750000	1.311588	0.130259)
(19.000000	1.284128	0.140182)
(24.071429	1.142055	0.218578)
(29.142857	1.057190	0.310512)
(34.214286	0.995961	0.413110)
(39.285714	0.941674	0.523161)
(44.357143	0.885221	0.637222)
(49.428571	0.821516	0.751725)
(54.500000	0.747924	0.863087)
(59.571429	0.663476	0.967822)
(64.642857	0.568433	1.062654)
(69.714286	0.464009	1.144613)
(74.785714	0.352176	1.211133)
(79.857143	0.235498	1.260129)
(84.928571	0.116992	1.290065)
(90.000000	0.000000	1.300000)
(95.071429	-0.081895	1.290065)
(100.142857	-0.164848	1.260129)
(105.214286	-0.246523	1.211133)
(110.285714	-0.324807	1.144613)
(115.357143	-0.397903	1.062654)
(120.428571	-0.464433	0.967822)
(125.500000	-0.523547	0.863087)
(130.571429	-0.575061	0.751725)
(135.642857	-0.619655	0.637222)
(140.714286	-0.659172	0.523161)
(145.785714	-0.697172	0.413110)
(150.857143	-0.740033	0.310512)
(155.928571	-0.799439	0.218578)
(161.000000	-0.898890	0.140182)
(162.357143	-0.834683	0.121825)
(163.714286	-0.770477	0.104657)
(165.071429	-0.706270	0.088716)
(166.428571	-0.642064	0.074039)
(167.785714	-0.577858	0.060659)
(169.142857	-0.513651	0.048605)
(170.500000	-0.449445	0.037905)
(171.857143	-0.385238	0.028582)
(173.214286	-0.321032	0.020658)
(174.571429	-0.256826	0.014150)
(175.928571	-0.192619	0.009074)
(177.285714	-0.128413	0.005439)
(178.642857	-0.064206	0.003255)
(180.000000	0.000000	0.002527)
