// Re = 0.1
(-180.000000	0.000000	0.020541)
(-178.696429	0.063963	0.021209)
(-177.392857	0.127926	0.023210)
(-176.089286	0.191889	0.026540)
(-174.785714	0.255852	0.031193)
(-173.482143	0.319814	0.037159)
(-172.178571	0.383777	0.044425)
(-170.875000	0.447740	0.052977)
(-169.571429	0.511703	0.062796)
(-168.267857	0.575666	0.073862)
(-166.964286	0.639629	0.086151)
(-165.660714	0.703592	0.099640)
(-164.357143	0.767555	0.114298)
(-163.053571	0.831518	0.130096)
(-161.750000	0.895481	0.147001)
(-156.625000	0.792162	0.223486)
(-151.500000	0.732751	0.314037)
(-146.375000	0.691248	0.415742)
(-141.250000	0.655031	0.525334)
(-136.125000	0.617306	0.639288)
(-131.000000	0.574301	0.753939)
(-125.875000	0.524062	0.865594)
(-120.750000	0.465856	0.970656)
(-115.625000	0.399852	1.065734)
(-110.500000	0.326914	1.147755)
(-105.375000	0.248456	1.214060)
(-100.250000	0.166325	1.262492)
(-95.125000	0.082702	1.291461)
(-90.000000	0.000000	1.300000)
(-84.875000	-0.082702	1.291461)
(-79.750000	-0.166325	1.262492)
(-74.625000	-0.248456	1.214060)
(-69.500000	-0.326914	1.147755)
(-64.375000	-0.399852	1.065734)
(-59.250000	-0.465856	0.970656)
(-54.125000	-0.524062	0.865594)
(-49.000000	-0.574301	0.753939)
(-43.875000	-0.617306	0.639288)
(-38.750000	-0.655031	0.525334)
(-33.625000	-0.691248	0.415742)
(-28.500000	-0.732751	0.314037)
(-23.375000	-0.792162	0.223486)
(-18.250000	-0.895481	0.147001)
(-17.303571	-0.849644	0.138465)
(-16.357143	-0.803808	0.129929)
(-15.410714	-0.757972	0.121393)
(-14.464286	-0.712136	0.112857)
(-13.517857	-0.666299	0.104321)
(-12.571429	-0.620463	0.095785)
(-11.625000	-0.574627	0.087250)
(-10.678571	-0.528791	0.078714)
(-9.732143	-0.482954	0.070178)
(-8.785714	-0.437118	0.061642)
(-7.839286	-0.391282	0.053106)
(-6.892857	-0.345446	0.044570)
(-5.000000	-0.253773	0.027498)
(-4.750000	-0.229478	0.028532)
(-4.500000	-0.207300	0.029060)
(-4.250000	-0.183913	0.029915)
(-4.000000	-0.160979	0.030555)
(-3.750000	-0.138197	0.030948)
(-3.250000	-0.092103	0.030960)
(-3.000000	-0.072422	0.031117)
(-2.750000	-0.052666	0.031229)
(-2.500000	-0.032531	0.031274)
(-2.250000	-0.009446	0.031308)
(-2.000000	0.014092	0.031308)
(-1.750000	0.032487	0.031432)
(-1.500000	0.051336	0.031533)
(-1.000000	0.098489	0.031297)
(-0.750000	0.116430	0.031488)
(-0.500000	0.134825	0.031701)
(-0.250000	0.153144	0.032027)
(0.000000	0.181448	0.031780)
(0.250000	0.198330	0.032196)
(0.500000	0.215364	0.032645)
(1.000000	0.264105	0.032758)
(1.250000	0.279247	0.033421)
(1.500000	0.294011	0.034151)
(2.000000	0.341694	0.034421)
(2.250000	0.355852	0.035286)
(2.500000	0.369860	0.036185)
(2.750000	0.383338	0.037140)
(3.500000	0.443212	0.038511)
(3.750000	0.456842	0.039410)
(4.000000	0.452089	0.041950)
(4.250000	0.481301	0.041489)
(4.500000	0.494476	0.042467)
(4.750000	0.509013	0.043389)
(5.000000	0.523323	0.044231)
(5.250000	0.538314	0.044984)
(5.750000	0.571246	0.046198)
(6.250000	0.627703	0.046839)
(8.000000	0.944672	0.033252)
(8.250000	1.000360	0.029701)
(8.500000	1.032069	0.028577)
(8.750000	1.063777	0.027487)
(9.000000	1.092308	0.026678)
(9.250000	1.118192	0.026038)
(9.500000	1.136133	0.025959)
(9.750000	1.151805	0.025914)
(10.000000	1.160366	0.026431)
(10.250000	1.164993	0.027487)
(10.500000	1.168864	0.028836)
(10.750000	1.170314	0.030701)
(11.000000	1.168966	0.033196)
(11.250000	1.166256	0.036163)
(11.500000	1.163394	0.039433)
(11.750000	1.161970	0.042737)
(12.000000	1.163420	0.045850)
(12.250000	1.167897	0.048693)
(12.500000	1.175777	0.051165)
(12.750000	1.186153	0.053413)
(13.000000	1.198799	0.055458)
(13.250000	1.214319	0.057189)
(13.500000	1.230974	0.058908)
(13.750000	1.247554	0.060728)
(14.000000	1.265797	0.062459)
(14.250000	1.285251	0.064167)
(14.500000	1.306142	0.065853)
(14.750000	1.330740	0.067314)
(15.000000	1.336351	0.070663)
(15.250000	1.355956	0.072775)
(15.500000	1.362399	0.076169)
(15.750000	1.379810	0.078630)
(16.000000	1.376646	0.083148)
(16.250000	1.384678	0.086519)
(16.500000	1.393920	0.089969)
(16.750000	1.382813	0.095689)
(17.000000	1.371479	0.101803)
(17.250000	1.358708	0.108534)
(17.500000	1.342912	0.116221)
(17.750000	1.323257	0.125244)
(18.000000	1.301106	0.135639)
(18.250000	1.279258	0.147001)
(23.375000	1.131660	0.223486)
(28.500000	1.046787	0.314037)
(33.625000	0.987497	0.415742)
(38.750000	0.935759	0.525334)
(43.875000	0.881866	0.639288)
(49.000000	0.820430	0.753939)
(54.125000	0.748659	0.865594)
(59.250000	0.665509	0.970656)
(64.375000	0.571218	1.065734)
(69.500000	0.467020	1.147755)
(74.625000	0.354936	1.214060)
(79.750000	0.237608	1.262492)
(84.875000	0.118146	1.291461)
(90.000000	0.000000	1.300000)
(95.125000	-0.082702	1.291461)
(100.250000	-0.166325	1.262492)
(105.375000	-0.248456	1.214060)
(110.500000	-0.326914	1.147755)
(115.625000	-0.399852	1.065734)
(120.750000	-0.465856	0.970656)
(125.875000	-0.524062	0.865594)
(131.000000	-0.574301	0.753939)
(136.125000	-0.617306	0.639288)
(141.250000	-0.655031	0.525334)
(146.375000	-0.691248	0.415742)
(151.500000	-0.732751	0.314037)
(156.625000	-0.792162	0.223486)
(161.750000	-0.895481	0.147001)
(163.053571	-0.831518	0.130096)
(164.357143	-0.767555	0.114298)
(165.660714	-0.703592	0.099640)
(166.964286	-0.639629	0.086151)
(168.267857	-0.575666	0.073862)
(169.571429	-0.511703	0.062796)
(170.875000	-0.447740	0.052977)
(172.178571	-0.383777	0.044425)
(173.482143	-0.319814	0.037159)
(174.785714	-0.255852	0.031193)
(176.089286	-0.191889	0.026540)
(177.392857	-0.127926	0.023210)
(178.696429	-0.063963	0.021209)
(180.000000	0.000000	0.020541)
