// Re = 0.07
(-180.000000	0.000000	0.006513)
(-177.857143	0.035884	0.008325)
(-175.714286	0.071768	0.013754)
(-173.571429	0.107652	0.022768)
(-171.428571	0.143536	0.035317)
(-169.285714	0.179420	0.051331)
(-167.142857	0.215305	0.070719)
(-165.000000	0.251189	0.093374)
(-162.857143	0.287073	0.119168)
(-160.714286	0.322957	0.147957)
(-158.571429	0.358841	0.179579)
(-156.428571	0.394725	0.213857)
(-154.285714	0.430609	0.250599)
(-152.142857	0.466493	0.289600)
(-150.000000	0.502377	0.330640)
(-145.714286	0.511074	0.417909)
(-141.428571	0.514399	0.510453)
(-137.142857	0.510788	0.606199)
(-132.857143	0.499309	0.703004)
(-128.571429	0.479503	0.798699)
(-124.285714	0.451286	0.891140)
(-120.000000	0.414891	0.978256)
(-115.714286	0.370824	1.058094)
(-111.428571	0.319834	1.128863)
(-107.142857	0.262877	1.188975)
(-102.857143	0.201085	1.237079)
(-98.571429	0.135736	1.272093)
(-94.285714	0.068219	1.293227)
(-90.000000	0.000000	1.300000)
(-85.714286	-0.068219	1.293227)
(-81.428571	-0.135736	1.272093)
(-77.142857	-0.201085	1.237079)
(-72.857143	-0.262877	1.188975)
(-68.571429	-0.319834	1.128863)
(-64.285714	-0.370824	1.058094)
(-60.000000	-0.414891	0.978256)
(-55.714286	-0.451286	0.891140)
(-51.428571	-0.479503	0.798699)
(-47.142857	-0.499309	0.703004)
(-42.857143	-0.510788	0.606199)
(-38.571429	-0.514399	0.510453)
(-34.285714	-0.511074	0.417909)
(-30.000000	-0.502377	0.330640)
(-28.214286	-0.497883	0.309816)
(-26.428571	-0.493388	0.288991)
(-24.642857	-0.488893	0.268167)
(-22.857143	-0.484398	0.247343)
(-21.071429	-0.479903	0.226518)
(-19.285714	-0.475409	0.205694)
(-17.500000	-0.470914	0.184869)
(-15.714286	-0.466419	0.164045)
(-13.928571	-0.461924	0.143221)
(-12.142857	-0.457429	0.122396)
(-10.357143	-0.452934	0.101572)
(-8.571429	-0.448440	0.080748)
(-5.000000	-0.439450	0.039099)
(-4.750000	-0.411729	0.040395)
(-4.500000	-0.382185	0.041570)
(-4.250000	-0.354787	0.042475)
(-4.000000	-0.336726	0.042962)
(-3.750000	-0.317377	0.043562)
(-3.500000	-0.300712	0.043858)
(-3.250000	-0.286944	0.043858)
(-3.000000	-0.266629	0.044137)
(-2.750000	-0.242880	0.044198)
(-2.500000	-0.229863	0.044067)
(-2.250000	-0.220281	0.044128)
(-2.000000	-0.208231	0.044145)
(-1.750000	-0.190599	0.044111)
(-1.500000	-0.169426	0.044032)
(-1.250000	-0.162312	0.044024)
(-1.000000	-0.148222	0.044111)
(-0.750000	-0.122863	0.044180)
(-0.500000	-0.113818	0.044328)
(-0.250000	-0.100372	0.044502)
(0.000000	-0.074798	0.044650)
(0.250000	-0.065645	0.044928)
(0.500000	-0.050267	0.045207)
(0.750000	-0.023299	0.045451)
(1.000000	-0.017580	0.045868)
(1.250000	0.001661	0.046234)
(1.500000	0.020474	0.046634)
(1.750000	0.031451	0.047147)
(2.000000	0.054556	0.047574)
(2.250000	0.064353	0.048122)
(2.500000	0.078657	0.048670)
(2.750000	0.103158	0.049166)
(3.000000	0.109091	0.049845)
(3.250000	0.125864	0.050454)
(3.500000	0.147896	0.051019)
(3.750000	0.173362	0.051594)
(4.000000	0.190028	0.052490)
(4.250000	0.233095	0.053282)
(4.500000	0.268542	0.054535)
(4.750000	0.305278	0.055727)
(5.000000	0.321729	0.056571)
(5.250000	0.351488	0.057441)
(5.500000	0.381891	0.058398)
(5.750000	0.403172	0.059677)
(6.000000	0.442161	0.060477)
(6.250000	0.462905	0.061826)
(6.500000	0.498781	0.062670)
(6.750000	0.520598	0.063967)
(7.000000	0.559480	0.064558)
(7.250000	0.577004	0.065959)
(7.500000	0.615349	0.066359)
(7.750000	0.635879	0.067517)
(8.000000	0.657052	0.068587)
(8.250000	0.698724	0.068378)
(8.500000	0.715390	0.069535)
(8.750000	0.736563	0.070327)
(9.000000	0.784353	0.069065)
(9.500000	0.831851	0.069353)
(9.750000	0.864615	0.068413)
(10.000000	0.933226	0.063523)
(10.250000	1.048093	0.052820)
(10.500000	1.181634	0.041787)
(10.750000	1.213003	0.040030)
(11.000000	1.218829	0.040317)
(11.250000	1.222294	0.041004)
(11.500000	1.219963	0.042457)
(11.750000	1.214413	0.044502)
(12.000000	1.212833	0.046538)
(12.250000	1.216942	0.048391)
(12.500000	1.224807	0.050167)
(12.750000	1.241044	0.051576)
(13.000000	1.258675	0.053064)
(13.250000	1.284356	0.054282)
(13.500000	1.297051	0.056240)
(13.750000	1.315648	0.058015)
(14.000000	1.333924	0.059912)
(14.250000	1.346511	0.062139)
(14.500000	1.361352	0.064367)
(14.750000	1.384028	0.066386)
(15.000000	1.363989	0.070075)
(15.250000	1.354145	0.073520)
(15.500000	1.361796	0.076279)
(15.750000	1.333063	0.080899)
(16.000000	1.301755	0.086033)
(16.250000	1.266798	0.091836)
(16.500000	1.228728	0.098458)
(16.750000	1.189585	0.105924)
(17.750000	0.614771	0.187184)
(18.000000	0.617055	0.189716)
(18.250000	0.626960	0.192648)
(18.500000	0.623448	0.194667)
(18.750000	0.622191	0.197138)
(19.000000	0.627910	0.199870)
(19.250000	0.631589	0.202376)
(19.500000	0.629044	0.204821)
(19.750000	0.634547	0.207605)
(20.000000	0.637368	0.210111)
(20.250000	0.636003	0.212730)
(20.500000	0.645156	0.215784)
(20.750000	0.641967	0.218047)
(21.000000	0.644895	0.220883)
(21.250000	0.649111	0.223555)
(21.500000	0.648498	0.226330)
(21.750000	0.656363	0.229254)
(22.000000	0.653281	0.231873)
(22.250000	0.662326	0.235066)
(22.500000	0.658386	0.237529)
(22.750000	0.665714	0.240661)
(23.000000	0.663276	0.243280)
(23.250000	0.670175	0.246456)
(23.500000	0.668059	0.249092)
(23.750000	0.675388	0.252295)
(24.000000	0.672628	0.255027)
(24.250000	0.679098	0.258116)
(24.500000	0.677303	0.261030)
(24.750000	0.681841	0.264041)
(25.000000	0.682194	0.267165)
(25.250000	0.684907	0.270097)
(25.500000	0.687621	0.273264)
(25.750000	0.688295	0.276292)
(26.250000	0.692327	0.282557)
(26.500000	0.695577	0.285611)
(26.750000	0.697003	0.288892)
(27.000000	0.698214	0.291972)
(27.500000	0.701709	0.298393)
(27.750000	0.704100	0.301508)
(28.000000	0.706385	0.304789)
(28.250000	0.706630	0.308017)
(28.500000	0.709343	0.311149)
(28.750000	0.710447	0.314525)
(29.000000	0.711228	0.317727)
(29.250000	0.713942	0.320886)
(29.500000	0.714402	0.324288)
(29.750000	0.715291	0.327516)
(30.000000	0.717682	0.330640)
(34.285714	0.730105	0.417909)
(38.571429	0.734856	0.510453)
(42.857143	0.729697	0.606199)
(47.142857	0.713298	0.703004)
(51.428571	0.685004	0.798699)
(55.714286	0.644695	0.891140)
(60.000000	0.592701	0.978256)
(64.285714	0.529749	1.058094)
(68.571429	0.456906	1.128863)
(72.857143	0.375539	1.188975)
(77.142857	0.287265	1.237079)
(81.428571	0.193909	1.272093)
(85.714286	0.097455	1.293227)
(90.000000	0.000000	1.300000)
(94.285714	-0.068219	1.293227)
(98.571429	-0.135736	1.272093)
(102.857143	-0.201085	1.237079)
(107.142857	-0.262877	1.188975)
(111.428571	-0.319834	1.128863)
(115.714286	-0.370824	1.058094)
(120.000000	-0.414891	0.978256)
(124.285714	-0.451286	0.891140)
(128.571429	-0.479503	0.798699)
(132.857143	-0.499309	0.703004)
(137.142857	-0.510788	0.606199)
(141.428571	-0.514399	0.510453)
(145.714286	-0.511074	0.417909)
(150.000000	-0.502377	0.330640)
(152.142857	-0.466493	0.289600)
(154.285714	-0.430609	0.250599)
(156.428571	-0.394725	0.213857)
(158.571429	-0.358841	0.179579)
(160.714286	-0.322957	0.147957)
(162.857143	-0.287073	0.119168)
(165.000000	-0.251189	0.093374)
(167.142857	-0.215305	0.070719)
(169.285714	-0.179420	0.051331)
(171.428571	-0.143536	0.035317)
(173.571429	-0.107652	0.022768)
(175.714286	-0.071768	0.013754)
(177.857143	-0.035884	0.008325)
(180.000000	0.000000	0.006513)
