// Re = 0.13
(-180.000000	0.000000	0.001000)
(-178.625000	0.062742	0.001000)
(-177.250000	0.125485	0.002347)
(-175.875000	0.188227	0.006082)
(-174.500000	0.250970	0.011299)
(-173.125000	0.313713	0.017986)
(-171.750000	0.376455	0.026128)
(-170.375000	0.439197	0.035705)
(-169.000000	0.501940	0.046697)
(-167.625000	0.564682	0.059076)
(-166.250000	0.627425	0.072816)
(-164.875000	0.690167	0.087883)
(-163.500000	0.752910	0.104245)
(-162.125000	0.815653	0.121862)
(-160.750000	0.878395	0.140695)
(-155.696429	0.785621	0.219620)
(-150.642857	0.729955	0.311888)
(-145.589286	0.689413	0.414638)
(-140.535714	0.652967	0.524680)
(-135.482143	0.614570	0.638601)
(-130.428571	0.570843	0.752864)
(-125.375000	0.520049	0.863925)
(-120.321429	0.461570	0.968338)
(-115.267857	0.395624	1.062862)
(-110.214286	0.323076	1.144567)
(-105.160714	0.245307	1.210916)
(-100.107143	0.164104	1.259851)
(-95.053571	0.081563	1.289856)
(-90.000000	0.000000	1.300000)
(-84.946429	-0.081563	1.289856)
(-79.892857	-0.164104	1.259851)
(-74.839286	-0.245307	1.210916)
(-69.785714	-0.323076	1.144567)
(-64.732143	-0.395624	1.062862)
(-59.678571	-0.461570	0.968338)
(-54.625000	-0.520049	0.863925)
(-49.571429	-0.570843	0.752864)
(-44.517857	-0.614570	0.638601)
(-39.464286	-0.652967	0.524680)
(-34.410714	-0.689413	0.414638)
(-29.357143	-0.729955	0.311888)
(-24.303571	-0.785621	0.219620)
(-19.250000	-0.878395	0.140695)
(-18.232143	-0.832974	0.132160)
(-17.214286	-0.787554	0.123625)
(-16.196429	-0.742133	0.115089)
(-15.178571	-0.696712	0.106554)
(-14.160714	-0.651291	0.098019)
(-13.142857	-0.605871	0.089484)
(-12.125000	-0.560450	0.080949)
(-11.107143	-0.515029	0.072413)
(-10.089286	-0.469609	0.063878)
(-9.071429	-0.424188	0.055343)
(-8.053571	-0.378767	0.046808)
(-7.035714	-0.333346	0.038272)
(-5.000000	-0.242505	0.021202)
(-4.750000	-0.216336	0.021679)
(-4.500000	-0.190357	0.021932)
(-4.250000	-0.163526	0.022361)
(-4.000000	-0.138589	0.022760)
(-3.750000	-0.113653	0.023061)
(-3.500000	-0.088242	0.023256)
(-3.250000	-0.060937	0.023285)
(-3.000000	-0.036474	0.023373)
(-2.750000	-0.011822	0.023421)
(-2.500000	0.013683	0.023402)
(-2.250000	0.041463	0.023266)
(-2.000000	0.065452	0.023441)
(-1.750000	0.090294	0.023470)
(-1.500000	0.117504	0.023363)
(-1.250000	0.143957	0.023285)
(-1.000000	0.168041	0.023412)
(-0.750000	0.194019	0.023412)
(-0.500000	0.221704	0.023314)
(-0.250000	0.246640	0.023373)
(0.000000	0.271672	0.023470)
(0.250000	0.299451	0.023402)
(0.500000	0.323819	0.023538)
(0.750000	0.350366	0.023587)
(1.250000	0.400524	0.023801)
(1.500000	0.426597	0.023888)
(1.750000	0.455040	0.023850)
(2.000000	0.477608	0.024122)
(2.250000	0.502449	0.024258)
(2.500000	0.530229	0.024239)
(2.750000	0.552796	0.024531)
(3.000000	0.577828	0.024687)
(3.250000	0.607028	0.024599)
(3.500000	0.629028	0.024920)
(3.750000	0.651975	0.025154)
(4.000000	0.682312	0.024920)
(4.250000	0.703080	0.025251)
(4.500000	0.724890	0.025514)
(5.000000	0.779595	0.025339)
(5.250000	0.800363	0.025553)
(5.500000	0.821510	0.025679)
(5.750000	0.844077	0.025669)
(6.000000	0.869014	0.025485)
(6.250000	0.896225	0.025134)
(6.500000	0.925330	0.024560)
(6.750000	0.949319	0.024297)
(7.000000	0.968476	0.024171)
(7.250000	0.988771	0.023879)
(7.500000	1.013897	0.023275)
(7.750000	1.047834	0.022468)
(8.000000	1.087930	0.021903)
(8.250000	1.118552	0.021699)
(8.500000	1.145857	0.021601)
(8.750000	1.172499	0.021543)
(9.000000	1.197909	0.021514)
(9.250000	1.216498	0.021747)
(9.500000	1.232528	0.022059)
(9.750000	1.242400	0.022545)
(10.000000	1.247725	0.023373)
(10.250000	1.249259	0.024570)
(10.500000	1.246719	0.026224)
(10.750000	1.240579	0.028356)
(11.000000	1.232544	0.030876)
(11.250000	1.223941	0.033679)
(11.500000	1.215811	0.036609)
(11.750000	1.209861	0.039518)
(12.000000	1.206847	0.042292)
(12.250000	1.206392	0.044891)
(12.500000	1.208684	0.047304)
(12.750000	1.213629	0.049523)
(13.000000	1.220659	0.051586)
(13.250000	1.229678	0.053494)
(13.500000	1.240687	0.055236)
(13.750000	1.253307	0.056852)
(14.000000	1.267158	0.058389)
(14.250000	1.281957	0.059888)
(14.500000	1.298461	0.061289)
(14.750000	1.318187	0.062418)
(15.000000	1.332417	0.064141)
(15.250000	1.346648	0.065961)
(15.500000	1.370353	0.066963)
(15.750000	1.374540	0.069737)
(16.000000	1.396824	0.070983)
(16.250000	1.394852	0.074389)
(16.500000	1.422253	0.075236)
(16.750000	1.412512	0.079382)
(17.000000	1.406277	0.083362)
(17.250000	1.412454	0.086126)
(17.500000	1.421284	0.088744)
(17.750000	1.404153	0.094058)
(18.000000	1.386833	0.099673)
(18.250000	1.368376	0.105717)
(18.500000	1.346887	0.112520)
(18.750000	1.320282	0.120510)
(19.000000	1.288466	0.130019)
(19.250000	1.254850	0.140695)
(24.303571	1.122316	0.219620)
(29.357143	1.042793	0.311888)
(34.410714	0.984876	0.414638)
(39.464286	0.932810	0.524680)
(44.517857	0.877957	0.638601)
(49.571429	0.815491	0.752864)
(54.625000	0.742927	0.863925)
(59.678571	0.659386	0.968338)
(64.732143	0.565177	1.062862)
(69.785714	0.461537	1.144567)
(74.839286	0.350439	1.210916)
(79.892857	0.234434	1.259851)
(84.946429	0.116518	1.289856)
(90.000000	0.000000	1.300000)
(95.053571	-0.081563	1.289856)
(100.107143	-0.164104	1.259851)
(105.160714	-0.245307	1.210916)
(110.214286	-0.323076	1.144567)
(115.267857	-0.395624	1.062862)
(120.321429	-0.461570	0.968338)
(125.375000	-0.520049	0.863925)
(130.428571	-0.570843	0.752864)
(135.482143	-0.614570	0.638601)
(140.535714	-0.652967	0.524680)
(145.589286	-0.689413	0.414638)
(150.642857	-0.729955	0.311888)
(155.696429	-0.785621	0.219620)
(160.750000	-0.878395	0.140695)
(162.125000	-0.815653	0.121862)
(163.500000	-0.752910	0.104245)
(164.875000	-0.690167	0.087883)
(166.250000	-0.627425	0.072816)
(167.625000	-0.564682	0.059076)
(169.000000	-0.501940	0.046697)
(170.375000	-0.439197	0.035705)
(171.750000	-0.376455	0.026128)
(173.125000	-0.313713	0.017986)
(174.500000	-0.250970	0.011299)
(175.875000	-0.188227	0.006082)
(177.250000	-0.125485	0.002347)
(178.625000	-0.062742	0.001000)
(180.000000	0.000000	0.001000)
