// Re = 0.13
(-180.000000	0.000000	0.001000)
(-178.625000	0.061784	0.001000)
(-177.250000	0.123567	0.001000)
(-175.875000	0.185351	0.004216)
(-174.500000	0.247134	0.009436)
(-173.125000	0.308918	0.016128)
(-171.750000	0.370701	0.024276)
(-170.375000	0.432485	0.033860)
(-169.000000	0.494268	0.044859)
(-167.625000	0.556052	0.057248)
(-166.250000	0.617836	0.070998)
(-164.875000	0.679619	0.086077)
(-163.500000	0.741403	0.102450)
(-162.125000	0.803186	0.120081)
(-160.750000	0.864970	0.138928)
(-155.696429	0.775599	0.217914)
(-150.642857	0.722260	0.310257)
(-145.589286	0.683432	0.413094)
(-140.535714	0.648310	0.523235)
(-135.482143	0.610969	0.637266)
(-130.428571	0.568100	0.751650)
(-125.375000	0.518008	0.862842)
(-120.321429	0.460104	0.967393)
(-115.267857	0.394623	1.062064)
(-110.214286	0.322444	1.143920)
(-105.160714	0.244955	1.210426)
(-100.107143	0.163948	1.259523)
(-95.053571	0.081524	1.289691)
(-90.000000	0.000000	1.300000)
(-84.946429	-0.081524	1.289691)
(-79.892857	-0.163948	1.259523)
(-74.839286	-0.244955	1.210426)
(-69.785714	-0.322444	1.143920)
(-64.732143	-0.394623	1.062064)
(-59.678571	-0.460104	0.967393)
(-54.625000	-0.518008	0.862842)
(-49.571429	-0.568100	0.751650)
(-44.517857	-0.610969	0.637266)
(-39.464286	-0.648310	0.523235)
(-34.410714	-0.683432	0.413094)
(-29.357143	-0.722260	0.310257)
(-24.303571	-0.775599	0.217914)
(-19.250000	-0.864970	0.138928)
(-18.232143	-0.820510	0.130521)
(-17.214286	-0.776051	0.122115)
(-16.196429	-0.731591	0.113708)
(-15.178571	-0.687132	0.105302)
(-14.160714	-0.642673	0.096895)
(-13.142857	-0.598213	0.088489)
(-12.125000	-0.553754	0.080083)
(-11.107143	-0.509294	0.071676)
(-10.089286	-0.464835	0.063270)
(-9.071429	-0.420376	0.054863)
(-8.053571	-0.375916	0.046456)
(-7.035714	-0.331457	0.038050)
(-5.000000	-0.242538	0.021237)
(-4.750000	-0.216359	0.021706)
(-4.500000	-0.190372	0.021955)
(-4.250000	-0.163517	0.022377)
(-4.000000	-0.138593	0.022770)
(-3.750000	-0.113669	0.023067)
(-3.500000	-0.088262	0.023259)
(-3.250000	-0.060924	0.023288)
(-3.000000	-0.036483	0.023374)
(-2.750000	-0.011849	0.023422)
(-2.500000	0.013654	0.023403)
(-2.250000	0.041476	0.023269)
(-2.000000	0.065434	0.023441)
(-1.750000	0.090261	0.023470)
(-1.500000	0.117503	0.023365)
(-1.250000	0.143972	0.023288)
(-1.000000	0.168026	0.023412)
(-0.750000	0.194013	0.023412)
(-0.500000	0.221737	0.023317)
(-0.250000	0.246661	0.023374)
(0.000000	0.271682	0.023470)
(0.250000	0.299503	0.023403)
(0.500000	0.323847	0.023537)
(0.750000	0.350413	0.023585)
(1.250000	0.400550	0.023796)
(1.500000	0.426633	0.023882)
(1.750000	0.455131	0.023844)
(2.000000	0.477640	0.024112)
(2.250000	0.502467	0.024246)
(2.500000	0.530289	0.024227)
(2.750000	0.552798	0.024515)
(3.000000	0.577818	0.024668)
(3.250000	0.607088	0.024582)
(3.500000	0.629018	0.024898)
(3.750000	0.651913	0.025128)
(4.000000	0.682343	0.024898)
(4.250000	0.703017	0.025224)
(4.500000	0.724753	0.025483)
(5.000000	0.779527	0.025310)
(5.250000	0.800201	0.025521)
(5.500000	0.821261	0.025646)
(5.750000	0.843770	0.025636)
(6.000000	0.868694	0.025454)
(6.250000	0.895936	0.025109)
(6.500000	0.925109	0.024544)
(6.750000	0.949067	0.024285)
(7.000000	0.968099	0.024160)
(7.250000	0.988290	0.023873)
(7.500000	1.013407	0.023278)
(7.750000	1.047507	0.022483)
(8.000000	1.087885	0.021927)
(8.250000	1.118604	0.021725)
(8.500000	1.145942	0.021630)
(8.750000	1.172604	0.021572)
(9.000000	1.198011	0.021543)
(9.250000	1.216464	0.021773)
(9.500000	1.232308	0.022080)
(9.750000	1.241875	0.022559)
(10.000000	1.246805	0.023374)
(10.250000	1.247872	0.024553)
(10.500000	1.244786	0.026183)
(10.750000	1.238029	0.028282)
(11.000000	1.229341	0.030765)
(11.250000	1.220073	0.033525)
(11.500000	1.211288	0.036410)
(11.750000	1.204725	0.039277)
(12.000000	1.201156	0.042008)
(12.250000	1.200195	0.044568)
(12.500000	1.202034	0.046945)
(12.750000	1.206578	0.049130)
(13.000000	1.213247	0.051163)
(13.250000	1.221945	0.053041)
(13.500000	1.232670	0.054757)
(13.750000	1.245038	0.056348)
(14.000000	1.258661	0.057863)
(14.250000	1.273250	0.059339)
(14.500000	1.289578	0.060719)
(14.750000	1.309189	0.061831)
(15.000000	1.323199	0.063528)
(15.250000	1.337208	0.065320)
(15.500000	1.360876	0.066308)
(15.750000	1.364648	0.069040)
(16.000000	1.386867	0.070267)
(16.250000	1.384360	0.073622)
(16.500000	1.411795	0.074455)
(16.750000	1.401369	0.078539)
(17.000000	1.394515	0.082459)
(17.250000	1.400315	0.085182)
(17.500000	1.408819	0.087760)
(17.750000	1.390859	0.092994)
(18.000000	1.372705	0.098525)
(18.250000	1.353392	0.104477)
(18.500000	1.330989	0.111178)
(18.750000	1.303369	0.119047)
(19.000000	1.270438	0.128412)
(19.250000	1.235671	0.138928)
(24.303571	1.107998	0.217914)
(29.357143	1.031800	0.310257)
(34.410714	0.976331	0.413094)
(39.464286	0.926158	0.523235)
(44.517857	0.872813	0.637266)
(49.571429	0.811571	0.751650)
(54.625000	0.740011	0.862842)
(59.678571	0.657291	0.967393)
(64.732143	0.563748	1.062064)
(69.785714	0.460635	1.143920)
(74.839286	0.349936	1.210426)
(79.892857	0.234212	1.259523)
(84.946429	0.116463	1.289691)
(90.000000	0.000000	1.300000)
(95.053571	-0.081524	1.289691)
(100.107143	-0.163948	1.259523)
(105.160714	-0.244955	1.210426)
(110.214286	-0.322444	1.143920)
(115.267857	-0.394623	1.062064)
(120.321429	-0.460104	0.967393)
(125.375000	-0.518008	0.862842)
(130.428571	-0.568100	0.751650)
(135.482143	-0.610969	0.637266)
(140.535714	-0.648310	0.523235)
(145.589286	-0.683432	0.413094)
(150.642857	-0.722260	0.310257)
(155.696429	-0.775599	0.217914)
(160.750000	-0.864970	0.138928)
(162.125000	-0.803186	0.120081)
(163.500000	-0.741403	0.102450)
(164.875000	-0.679619	0.086077)
(166.250000	-0.617836	0.070998)
(167.625000	-0.556052	0.057248)
(169.000000	-0.494268	0.044859)
(170.375000	-0.432485	0.033860)
(171.750000	-0.370701	0.024276)
(173.125000	-0.308918	0.016128)
(174.500000	-0.247134	0.009436)
(175.875000	-0.185351	0.004216)
(177.250000	-0.123567	0.001000)
(178.625000	-0.061784	0.001000)
(180.000000	0.000000	0.001000)
