// Re = 0.02
(-180.000000	-0.000000	4.011667)
(-177.928571	-0.940434	4.015038)
(-175.857143	-1.880868	4.025124)
(-173.785714	-2.821302	4.041840)
(-171.714286	-3.761736	4.065048)
(-169.642857	-4.702170	4.094555)
(-167.571429	-5.642604	4.130116)
(-165.500000	-6.583038	4.171431)
(-163.428571	-7.523472	4.218152)
(-161.357143	-8.463906	4.269883)
(-159.285714	-9.404341	4.326183)
(-157.214286	-10.344775	4.386564)
(-155.142857	-11.285209	4.450502)
(-153.071429	-12.225643	4.517432)
(-151.000000	-13.166077	4.586756)
(-146.642857	-10.207405	4.737551)
(-142.285714	-7.865145	4.889908)
(-137.928571	-5.974534	5.037243)
(-133.571429	-4.433892	5.172769)
(-129.214286	-3.177129	5.289672)
(-124.857143	-2.159296	5.381293)
(-120.500000	-1.348503	5.441305)
(-116.142857	-0.721190	5.463877)
(-111.785714	-0.259242	5.443842)
(-107.428571	0.051801	5.376838)
(-103.071429	0.223861	5.259441)
(-98.714286	0.267021	5.089266)
(-94.357143	0.189928	4.865061)
(-90.000000	0.000000	4.586756)
(-85.642857	-0.189928	4.865061)
(-81.285714	-0.267021	5.089266)
(-76.928571	-0.223861	5.259441)
(-72.571429	-0.051801	5.376838)
(-68.214286	0.259242	5.443842)
(-63.857143	0.721190	5.463877)
(-59.500000	1.348503	5.441305)
(-55.142857	2.159296	5.381293)
(-50.785714	3.177129	5.289672)
(-46.428571	4.433892	5.172769)
(-42.071429	5.974534	5.037243)
(-37.714286	7.865145	4.889908)
(-33.357143	10.207405	4.737551)
(-29.000000	13.166077	4.586756)
(-27.285714	12.186291	4.269633)
(-25.571429	11.206504	3.952510)
(-23.857143	10.226718	3.635387)
(-22.142857	9.246932	3.318265)
(-20.428571	8.267146	3.001142)
(-18.714286	7.287360	2.684019)
(-17.000000	6.307573	2.366896)
(-15.285714	5.327787	2.049773)
(-13.571429	4.348001	1.732650)
(-11.857143	3.368215	1.415527)
(-10.142857	2.388429	1.098405)
(-8.428571	1.408642	0.781282)
(-5.000000	-0.550930	0.147036)
(-4.750000	-0.484483	0.141941)
(-4.500000	-0.422364	0.136845)
(-4.250000	-0.364572	0.131915)
(-4.000000	-0.312548	0.127148)
(-3.750000	-0.264852	0.122382)
(-3.500000	-0.221483	0.117779)
(-3.250000	-0.182441	0.113342)
(-3.000000	-0.147725	0.108904)
(-2.750000	-0.115895	0.104631)
(-2.500000	-0.086949	0.100522)
(-2.250000	-0.059445	0.096413)
(-2.000000	-0.036268	0.092303)
(-1.750000	-0.013092	0.088359)
(-1.500000	0.008643	0.084414)
(-1.250000	0.030377	0.080469)
(-1.000000	0.050669	0.076525)
(-0.750000	0.072404	0.072580)
(-0.500000	0.094138	0.068471)
(-0.250000	0.115873	0.064198)
(0.000000	0.140492	0.059760)
(0.250000	0.167996	0.055158)
(0.500000	0.196942	0.050063)
(0.750000	0.228772	0.044639)
(1.000000	0.262045	0.038886)
(1.250000	0.299645	0.032476)
(1.500000	0.338687	0.025737)
(1.750000	0.380614	0.018177)
(2.000000	0.422541	0.010287)
(2.250000	0.460141	0.002069)
(2.500000	0.490530	0.001000)
(2.750000	0.489187	0.001000)
(3.000000	0.424382	0.001000)
(3.250000	0.288904	0.001000)
(3.500000	0.098617	0.001000)
(3.750000	-0.130612	0.009959)
(4.000000	-0.387245	0.025902)
(4.250000	-0.658302	0.044639)
(4.500000	-0.936570	0.065513)
(4.750000	-1.219165	0.088359)
(5.000000	-1.501760	0.113013)
(5.250000	-1.781470	0.138982)
(5.500000	-2.056853	0.166430)
(5.750000	-2.327910	0.195029)
(6.000000	-2.593197	0.224778)
(6.250000	-2.852715	0.255843)
(6.500000	-3.106463	0.287893)
(6.750000	-3.353000	0.321094)
(7.000000	-3.595210	0.355446)
(7.250000	-3.830209	0.390783)
(7.500000	-4.060880	0.427436)
(7.750000	-4.284340	0.465074)
(8.000000	-4.503473	0.503864)
(8.250000	-4.718279	0.543639)
(8.500000	-4.927315	0.584729)
(8.750000	-5.132025	0.626806)
(9.000000	-5.330966	0.669868)
(9.250000	-5.527021	0.714081)
(9.500000	-5.718750	0.759445)
(9.750000	-6.040288	0.827490)
(10.000000	-6.560866	0.929394)
(10.250000	-6.938654	1.003850)
(10.500000	-7.312115	1.082086)
(10.750000	-7.642306	1.154405)
(11.000000	-7.927786	1.218341)
(11.250000	-8.175765	1.275539)
(11.500000	-8.410764	1.332079)
(11.750000	-8.673166	1.398481)
(12.000000	-8.935569	1.465540)
(12.250000	-9.115759	1.513534)
(12.500000	-9.389700	1.588975)
(12.750000	-9.541044	1.630723)
(13.000000	-9.806331	1.707480)
(13.250000	-9.943252	1.747748)
(13.500000	-10.149404	1.808562)
(13.750000	-10.375748	1.878415)
(14.000000	-10.527092	1.925422)
(14.250000	-10.692859	1.977689)
(14.500000	-10.868722	2.033408)
(14.750000	-11.054682	2.093235)
(15.000000	-11.259392	2.159144)
(15.250000	-11.364581	2.192180)
(15.750000	-11.722077	2.309370)
(16.000000	-11.848902	2.350953)
(16.250000	-12.027650	2.408644)
(16.500000	-12.186205	2.461732)
(16.750000	-12.315914	2.502001)
(17.000000	-12.506201	2.564951)
(17.250000	-12.663314	2.617875)
(17.750000	-12.935713	2.701371)
(18.000000	-13.107250	2.758240)
(18.500000	-13.425803	2.863431)
(18.750000	-13.554070	2.901891)
(19.000000	-13.690990	2.943310)
(19.250000	-13.833680	2.988017)
(19.500000	-13.980697	3.034366)
(19.750000	-14.129157	3.080387)
(20.000000	-14.277616	3.128874)
(20.250000	-14.426075	3.175059)
(20.500000	-14.571650	3.221409)
(20.750000	-14.717224	3.266115)
(21.000000	-14.857030	3.311150)
(21.250000	-14.996835	3.354377)
(21.500000	-15.133756	3.396782)
(21.750000	-15.267792	3.438530)
(22.000000	-15.401828	3.479949)
(22.250000	-15.535864	3.521204)
(22.500000	-15.671342	3.563938)
(22.750000	-15.809705	3.609630)
(23.000000	-15.953838	3.657623)
(23.250000	-16.105181	3.711205)
(23.500000	-16.249314	3.760678)
(23.750000	-16.348734	3.780072)
(24.000000	-16.459693	3.810972)
(24.250000	-16.586518	3.852227)
(24.500000	-16.730650	3.904494)
(24.750000	-16.886321	3.965143)
(25.000000	-16.969876	3.973690)
(25.250000	-17.080835	4.007055)
(25.500000	-17.222082	4.061130)
(25.750000	-17.359003	4.108466)
(26.000000	-17.442558	4.120957)
(26.250000	-17.567940	4.167471)
(26.500000	-17.720726	4.233216)
(26.750000	-17.791300	4.232723)
(27.000000	-17.915240	4.279237)
(27.250000	-18.047834	4.328874)
(27.500000	-18.127062	4.339722)
(27.750000	-18.266867	4.402179)
(28.000000	-18.353307	4.415821)
(28.250000	-18.462823	4.456254)
(28.500000	-18.583878	4.499645)
(28.750000	-18.665991	4.517560)
(29.000000	-18.808681	4.586756)
(33.357143	-14.582006	4.737551)
(37.714286	-11.235921	4.889908)
(42.071429	-8.535049	5.037243)
(46.428571	-6.334132	5.172769)
(50.785714	-4.538756	5.289672)
(55.142857	-3.084708	5.381293)
(59.500000	-1.926433	5.441305)
(63.857143	-1.030272	5.463877)
(68.214286	-0.370345	5.443842)
(72.571429	0.074002	5.376838)
(76.928571	0.319802	5.259441)
(81.285714	0.381458	5.089266)
(85.642857	0.271325	4.865061)
(90.000000	0.000000	4.586756)
(94.357143	-0.189928	4.865061)
(98.714286	-0.267021	5.089266)
(103.071429	-0.223861	5.259441)
(107.428571	-0.051801	5.376838)
(111.785714	0.259242	5.443842)
(116.142857	0.721190	5.463877)
(120.500000	1.348503	5.441305)
(124.857143	2.159296	5.381293)
(129.214286	3.177129	5.289672)
(133.571429	4.433892	5.172769)
(137.928571	5.974534	5.037243)
(142.285714	7.865145	4.889908)
(146.642857	10.207405	4.737551)
(151.000000	13.166077	4.586756)
(153.071429	12.225643	4.517432)
(155.142857	11.285209	4.450502)
(157.214286	10.344775	4.386564)
(159.285714	9.404341	4.326183)
(161.357143	8.463906	4.269883)
(163.428571	7.523472	4.218152)
(165.500000	6.583038	4.171431)
(167.571429	5.642604	4.130116)
(169.642857	4.702170	4.094555)
(171.714286	3.761736	4.065048)
(173.785714	2.821302	4.041840)
(175.857143	1.880868	4.025124)
(177.928571	0.940434	4.015038)
(180.000000	-0.000000	4.011667)
