// Re = 0.09
(-180.000000	0.000000	0.036494)
(-178.732143	0.061262	0.037122)
(-177.464286	0.122524	0.039003)
(-176.196429	0.183787	0.042135)
(-174.928571	0.245049	0.046510)
(-173.660714	0.306311	0.052120)
(-172.392857	0.367573	0.058955)
(-171.125000	0.428835	0.067000)
(-169.857143	0.490098	0.076240)
(-168.589286	0.551360	0.086656)
(-167.321429	0.612622	0.098228)
(-166.053571	0.673884	0.110933)
(-164.785714	0.735146	0.124745)
(-163.517857	0.796409	0.139638)
(-162.250000	0.857671	0.155582)
(-157.089286	0.761025	0.230632)
(-151.928571	0.707853	0.320071)
(-146.767857	0.671795	0.420968)
(-141.607143	0.640244	0.530017)
(-136.446429	0.606464	0.643644)
(-131.285714	0.566742	0.758118)
(-126.125000	0.519168	0.869677)
(-120.964286	0.463050	0.974648)
(-115.803571	0.398594	1.069568)
(-110.642857	0.326706	1.151294)
(-105.482143	0.248847	1.217109)
(-100.321429	0.166915	1.264806)
(-95.160714	0.083143	1.292764)
(-90.000000	0.000000	1.300000)
(-84.839286	-0.083143	1.292764)
(-79.678571	-0.166915	1.264806)
(-74.517857	-0.248847	1.217109)
(-69.357143	-0.326706	1.151294)
(-64.196429	-0.398594	1.069568)
(-59.035714	-0.463050	0.974648)
(-53.875000	-0.519168	0.869677)
(-48.714286	-0.566742	0.758118)
(-43.553571	-0.606464	0.643644)
(-38.392857	-0.640244	0.530017)
(-33.232143	-0.671795	0.420968)
(-28.071429	-0.707853	0.320071)
(-22.910714	-0.761025	0.230632)
(-17.750000	-0.857671	0.155582)
(-16.839286	-0.816509	0.146619)
(-15.928571	-0.775347	0.137656)
(-15.017857	-0.734185	0.128694)
(-14.107143	-0.693023	0.119731)
(-13.196429	-0.651861	0.110768)
(-12.285714	-0.610698	0.101805)
(-11.375000	-0.569536	0.092843)
(-10.464286	-0.528374	0.083880)
(-9.553571	-0.487212	0.074917)
(-8.642857	-0.446050	0.065954)
(-7.732143	-0.404888	0.056991)
(-6.821429	-0.363726	0.048029)
(-5.000000	-0.281402	0.030103)
(-4.750000	-0.259251	0.031063)
(-4.500000	-0.235441	0.032414)
(-4.250000	-0.214213	0.032958)
(-4.000000	-0.184990	0.033880)
(-3.750000	-0.165545	0.034423)
(-3.500000	-0.148868	0.034309)
(-3.250000	-0.130530	0.034650)
(-3.000000	-0.112561	0.034877)
(-2.750000	-0.094531	0.035016)
(-2.500000	-0.074410	0.035029)
(-2.250000	-0.051767	0.034903)
(-2.000000	-0.036381	0.035004)
(-1.750000	-0.020933	0.035117)
(-1.500000	-0.005178	0.035256)
(-1.250000	0.011868	0.035370)
(-1.000000	0.038016	0.035079)
(-0.750000	0.052480	0.035433)
(-0.500000	0.066328	0.035900)
(-0.250000	0.080915	0.036355)
(0.250000	0.123556	0.036595)
(0.500000	0.136605	0.037277)
(0.750000	0.148855	0.037997)
(1.000000	0.162458	0.038729)
(1.250000	0.193279	0.038489)
(1.500000	0.205037	0.039411)
(1.750000	0.217348	0.040409)
(2.000000	0.231197	0.041407)
(2.250000	0.246952	0.042316)
(2.500000	0.268672	0.042708)
(2.750000	0.287502	0.043327)
(3.000000	0.300797	0.044476)
(3.250000	0.314954	0.045550)
(3.500000	0.330032	0.046547)
(3.750000	0.346956	0.047431)
(4.000000	0.372734	0.047280)
(4.250000	0.386645	0.048366)
(4.500000	0.401108	0.049389)
(4.750000	0.416187	0.050336)
(5.000000	0.431819	0.051183)
(5.250000	0.449419	0.051953)
(5.500000	0.472308	0.052686)
(5.750000	0.503682	0.053405)
(6.000000	0.532044	0.054024)
(6.250000	0.548598	0.056108)
(6.500000	0.573946	0.057043)
(7.000000	0.630731	0.057750)
(7.250000	0.660753	0.057573)
(7.500000	0.691451	0.057043)
(7.750000	0.722948	0.056108)
(8.500000	0.891972	0.037012)
(8.750000	0.924638	0.034612)
(9.000000	0.966775	0.030962)
(9.250000	0.996181	0.029194)
(9.500000	1.021284	0.027956)
(9.750000	1.038023	0.027565)
(10.000000	1.051933	0.027514)
(10.250000	1.059878	0.028348)
(10.500000	1.066963	0.029522)
(10.750000	1.071956	0.031290)
(11.000000	1.075105	0.033690)
(11.250000	1.076655	0.036734)
(11.500000	1.077774	0.040195)
(11.750000	1.079816	0.043794)
(12.000000	1.084502	0.047128)
(12.250000	1.091710	0.050197)
(12.500000	1.101561	0.052951)
(12.750000	1.114119	0.055338)
(13.000000	1.129197	0.057384)
(13.250000	1.145137	0.059443)
(13.500000	1.163844	0.061198)
(13.750000	1.180767	0.063358)
(14.000000	1.198982	0.065467)
(14.250000	1.217812	0.067639)
(14.500000	1.237626	0.069824)
(14.750000	1.260514	0.071807)
(15.000000	1.264647	0.076051)
(15.250000	1.284768	0.078539)
(15.500000	1.286133	0.083326)
(15.750000	1.308653	0.085637)
(16.000000	1.303623	0.091396)
(16.250000	1.299392	0.097383)
(16.500000	1.295654	0.103559)
(16.750000	1.292100	0.109987)
(17.000000	1.288546	0.116694)
(17.250000	1.268265	0.127846)
(17.500000	1.244787	0.141436)
(17.750000	1.225244	0.155582)
(22.910714	1.087179	0.230632)
(28.071429	1.011218	0.320071)
(33.232143	0.959708	0.420968)
(38.392857	0.914634	0.530017)
(43.553571	0.866378	0.643644)
(48.714286	0.809632	0.758118)
(53.875000	0.741669	0.869677)
(59.035714	0.661500	0.974648)
(64.196429	0.569420	1.069568)
(69.357143	0.466723	1.151294)
(74.517857	0.355496	1.217109)
(79.678571	0.238450	1.264806)
(84.839286	0.118775	1.292764)
(90.000000	0.000000	1.300000)
(95.160714	-0.083143	1.292764)
(100.321429	-0.166915	1.264806)
(105.482143	-0.248847	1.217109)
(110.642857	-0.326706	1.151294)
(115.803571	-0.398594	1.069568)
(120.964286	-0.463050	0.974648)
(126.125000	-0.519168	0.869677)
(131.285714	-0.566742	0.758118)
(136.446429	-0.606464	0.643644)
(141.607143	-0.640244	0.530017)
(146.767857	-0.671795	0.420968)
(151.928571	-0.707853	0.320071)
(157.089286	-0.761025	0.230632)
(162.250000	-0.857671	0.155582)
(163.517857	-0.796409	0.139638)
(164.785714	-0.735146	0.124745)
(166.053571	-0.673884	0.110933)
(167.321429	-0.612622	0.098228)
(168.589286	-0.551360	0.086656)
(169.857143	-0.490098	0.076240)
(171.125000	-0.428835	0.067000)
(172.392857	-0.367573	0.058955)
(173.660714	-0.306311	0.052120)
(174.928571	-0.245049	0.046510)
(176.196429	-0.183787	0.042135)
(177.464286	-0.122524	0.039003)
(178.732143	-0.061262	0.037122)
(180.000000	0.000000	0.036494)
