// Re = 0.09
(-180.000000	0.000000	0.012749)
(-178.732143	0.059209	0.013382)
(-177.464286	0.118418	0.015281)
(-176.196429	0.177627	0.018442)
(-174.928571	0.236836	0.022857)
(-173.660714	0.296045	0.028520)
(-172.392857	0.355254	0.035419)
(-171.125000	0.414463	0.043539)
(-169.857143	0.473672	0.052866)
(-168.589286	0.532881	0.063380)
(-167.321429	0.592090	0.075062)
(-166.053571	0.651299	0.087888)
(-164.785714	0.710508	0.101832)
(-163.517857	0.769717	0.116869)
(-162.250000	0.828926	0.132967)
(-157.089286	0.739969	0.208760)
(-151.928571	0.691868	0.299119)
(-146.767857	0.659461	0.401106)
(-141.607143	0.630688	0.511406)
(-136.446429	0.599100	0.626435)
(-131.285714	0.561145	0.742451)
(-126.125000	0.515011	0.855678)
(-120.964286	0.460067	0.962431)
(-115.803571	0.396561	1.059232)
(-110.642857	0.325423	1.142923)
(-105.482143	0.248133	1.210771)
(-100.321429	0.166600	1.260552)
(-95.160714	0.083064	1.290629)
(-90.000000	0.000000	1.300000)
(-84.839286	-0.083064	1.290629)
(-79.678571	-0.166600	1.260552)
(-74.517857	-0.248133	1.210771)
(-69.357143	-0.325423	1.142923)
(-64.196429	-0.396561	1.059232)
(-59.035714	-0.460067	0.962431)
(-53.875000	-0.515011	0.855678)
(-48.714286	-0.561145	0.742451)
(-43.553571	-0.599100	0.626435)
(-38.392857	-0.630688	0.511406)
(-33.232143	-0.659461	0.401106)
(-28.071429	-0.691868	0.299119)
(-22.910714	-0.739969	0.208760)
(-17.750000	-0.828926	0.132967)
(-16.839286	-0.790544	0.125706)
(-15.928571	-0.752163	0.118445)
(-15.017857	-0.713781	0.111184)
(-14.107143	-0.675399	0.103923)
(-13.196429	-0.637018	0.096662)
(-12.285714	-0.598636	0.089401)
(-11.375000	-0.560254	0.082140)
(-10.464286	-0.521873	0.074879)
(-9.553571	-0.483491	0.067618)
(-8.642857	-0.445110	0.060357)
(-7.732143	-0.406728	0.053096)
(-6.821429	-0.368346	0.045835)
(-5.000000	-0.291583	0.031313)
(-4.750000	-0.267624	0.032091)
(-4.500000	-0.241366	0.033185)
(-4.250000	-0.218683	0.033625)
(-4.000000	-0.184935	0.034372)
(-3.750000	-0.164720	0.034812)
(-3.500000	-0.148336	0.034720)
(-3.250000	-0.129653	0.034996)
(-3.000000	-0.111481	0.035181)
(-2.750000	-0.093224	0.035293)
(-2.500000	-0.072073	0.035303)
(-2.250000	-0.047432	0.035201)
(-2.000000	-0.032835	0.035283)
(-1.750000	-0.018153	0.035375)
(-1.500000	-0.003045	0.035488)
(-1.250000	0.013851	0.035580)
(-1.000000	0.043343	0.035344)
(-0.750000	0.056663	0.035631)
(-0.500000	0.069133	0.036009)
(-0.250000	0.082623	0.036378)
(0.250000	0.128245	0.036572)
(0.500000	0.139608	0.037125)
(0.750000	0.149864	0.037708)
(1.000000	0.161993	0.038301)
(1.250000	0.197954	0.038107)
(1.500000	0.207529	0.038854)
(1.750000	0.217871	0.039662)
(2.000000	0.230340	0.040471)
(2.250000	0.245448	0.041207)
(2.500000	0.268812	0.041524)
(2.750000	0.288176	0.042026)
(3.000000	0.299879	0.042957)
(3.250000	0.312774	0.043827)
(3.500000	0.326945	0.044635)
(3.750000	0.343671	0.045351)
(4.000000	0.372652	0.045228)
(4.250000	0.385206	0.046108)
(4.500000	0.398527	0.046937)
(4.750000	0.412699	0.047704)
(5.000000	0.427636	0.048390)
(5.250000	0.445298	0.049014)
(5.500000	0.470279	0.049608)
(5.750000	0.507005	0.050191)
(6.000000	0.539562	0.050692)
(6.250000	0.555776	0.052380)
(6.500000	0.584162	0.053138)
(7.000000	0.649359	0.053711)
(7.250000	0.684214	0.053567)
(7.500000	0.720004	0.053138)
(7.750000	0.756901	0.052380)
(8.500000	0.970750	0.036910)
(8.750000	1.009264	0.034966)
(9.000000	1.060886	0.032009)
(9.250000	1.094889	0.030576)
(9.500000	1.122934	0.029574)
(9.750000	1.139404	0.029256)
(10.000000	1.151959	0.029215)
(10.250000	1.156257	0.029891)
(10.500000	1.159364	0.030842)
(10.750000	1.159577	0.032275)
(11.000000	1.157236	0.034219)
(11.250000	1.152683	0.036685)
(11.500000	1.147534	0.039488)
(11.750000	1.143661	0.042404)
(12.000000	1.143449	0.045106)
(12.250000	1.146726	0.047592)
(12.500000	1.153663	0.049822)
(12.750000	1.164345	0.051756)
(13.000000	1.178517	0.053414)
(13.250000	1.193880	0.055082)
(13.500000	1.213073	0.056504)
(13.750000	1.229798	0.058254)
(14.000000	1.248311	0.059962)
(14.250000	1.267674	0.061722)
(14.500000	1.288400	0.063492)
(14.750000	1.313381	0.065099)
(15.000000	1.312402	0.068537)
(15.250000	1.333553	0.070552)
(15.500000	1.328744	0.074430)
(15.750000	1.353215	0.076303)
(16.000000	1.339554	0.080968)
(16.250000	1.327000	0.085818)
(16.500000	1.315127	0.090822)
(16.750000	1.303509	0.096030)
(17.000000	1.291891	0.101463)
(17.250000	1.257123	0.110497)
(17.500000	1.217928	0.121507)
(17.750000	1.184180	0.132967)
(22.910714	1.057099	0.208760)
(28.071429	0.988383	0.299119)
(33.232143	0.942087	0.401106)
(38.392857	0.900982	0.511406)
(43.553571	0.855857	0.626435)
(48.714286	0.801636	0.742451)
(53.875000	0.735730	0.855678)
(59.035714	0.657239	0.962431)
(64.196429	0.566515	1.059232)
(69.357143	0.464890	1.142923)
(74.517857	0.354475	1.210771)
(79.678571	0.237999	1.260552)
(84.839286	0.118663	1.290629)
(90.000000	0.000000	1.300000)
(95.160714	-0.083064	1.290629)
(100.321429	-0.166600	1.260552)
(105.482143	-0.248133	1.210771)
(110.642857	-0.325423	1.142923)
(115.803571	-0.396561	1.059232)
(120.964286	-0.460067	0.962431)
(126.125000	-0.515011	0.855678)
(131.285714	-0.561145	0.742451)
(136.446429	-0.599100	0.626435)
(141.607143	-0.630688	0.511406)
(146.767857	-0.659461	0.401106)
(151.928571	-0.691868	0.299119)
(157.089286	-0.739969	0.208760)
(162.250000	-0.828926	0.132967)
(163.517857	-0.769717	0.116869)
(164.785714	-0.710508	0.101832)
(166.053571	-0.651299	0.087888)
(167.321429	-0.592090	0.075062)
(168.589286	-0.532881	0.063380)
(169.857143	-0.473672	0.052866)
(171.125000	-0.414463	0.043539)
(172.392857	-0.355254	0.035419)
(173.660714	-0.296045	0.028520)
(174.928571	-0.236836	0.022857)
(176.196429	-0.177627	0.018442)
(177.464286	-0.118418	0.015281)
(178.732143	-0.059209	0.013382)
(180.000000	0.000000	0.012749)
