// Re = 0.1
(-180.000000	0.000000	0.006302)
(-178.696429	0.060945	0.006973)
(-177.392857	0.121891	0.008985)
(-176.089286	0.182836	0.012334)
(-174.785714	0.243782	0.017013)
(-173.482143	0.304727	0.023012)
(-172.178571	0.365672	0.030319)
(-170.875000	0.426618	0.038918)
(-169.571429	0.487563	0.048792)
(-168.267857	0.548509	0.059920)
(-166.964286	0.609454	0.072279)
(-165.660714	0.670399	0.085844)
(-164.357143	0.731345	0.100586)
(-163.053571	0.792290	0.116475)
(-161.750000	0.853236	0.133478)
(-156.625000	0.761011	0.210416)
(-151.500000	0.709009	0.301523)
(-146.375000	0.672882	0.403885)
(-141.250000	0.640778	0.514229)
(-136.125000	0.606309	0.629024)
(-131.000000	0.565936	0.744597)
(-125.875000	0.517845	0.857250)
(-120.750000	0.461394	0.963375)
(-115.625000	0.396810	1.059576)
(-110.500000	0.324993	1.142768)
(-105.375000	0.247386	1.210285)
(-100.250000	0.165853	1.259958)
(-95.125000	0.082585	1.290189)
(-90.000000	0.000000	1.300000)
(-84.875000	-0.082585	1.290189)
(-79.750000	-0.165853	1.259958)
(-74.625000	-0.247386	1.210285)
(-69.500000	-0.324993	1.142768)
(-64.375000	-0.396810	1.059576)
(-59.250000	-0.461394	0.963375)
(-54.125000	-0.517845	0.857250)
(-49.000000	-0.565936	0.744597)
(-43.875000	-0.606309	0.629024)
(-38.750000	-0.640778	0.514229)
(-33.625000	-0.672882	0.403885)
(-28.500000	-0.709009	0.301523)
(-23.375000	-0.761011	0.210416)
(-18.250000	-0.853236	0.133478)
(-17.303571	-0.810756	0.125944)
(-16.357143	-0.768277	0.118410)
(-15.410714	-0.725797	0.110876)
(-14.464286	-0.683318	0.103342)
(-13.517857	-0.640839	0.095808)
(-12.571429	-0.598359	0.088274)
(-11.625000	-0.555880	0.080740)
(-10.678571	-0.513400	0.073205)
(-9.732143	-0.470921	0.065671)
(-8.785714	-0.428442	0.058137)
(-7.839286	-0.385962	0.050603)
(-6.892857	-0.343483	0.043069)
(-5.000000	-0.258524	0.028001)
(-4.750000	-0.233338	0.028913)
(-4.500000	-0.210674	0.029380)
(-4.250000	-0.186569	0.030133)
(-4.000000	-0.163004	0.030699)
(-3.750000	-0.139619	0.031046)
(-3.250000	-0.092220	0.031056)
(-3.000000	-0.072528	0.031195)
(-2.750000	-0.052745	0.031294)
(-2.500000	-0.032513	0.031334)
(-2.250000	-0.008768	0.031363)
(-2.000000	0.015517	0.031363)
(-1.750000	0.033679	0.031473)
(-1.500000	0.052380	0.031562)
(-1.000000	0.101041	0.031353)
(-0.750000	0.118661	0.031522)
(-0.500000	0.136823	0.031711)
(-0.250000	0.154894	0.031998)
(0.000000	0.184853	0.031780)
(0.250000	0.201213	0.032147)
(0.500000	0.217753	0.032544)
(1.000000	0.268305	0.032643)
(1.250000	0.282593	0.033228)
(1.500000	0.296431	0.033873)
(2.000000	0.345722	0.034111)
(2.250000	0.358840	0.034875)
(2.500000	0.371778	0.035668)
(2.750000	0.384085	0.036511)
(3.500000	0.444152	0.037721)
(3.750000	0.456639	0.038515)
(4.000000	0.447242	0.040757)
(4.250000	0.478282	0.040350)
(4.500000	0.490229	0.041213)
(4.750000	0.503797	0.042026)
(5.000000	0.517094	0.042770)
(5.250000	0.531203	0.043435)
(5.750000	0.562932	0.044506)
(6.250000	0.622670	0.045071)
(8.000000	0.973870	0.033079)
(8.250000	1.036431	0.029945)
(8.500000	1.070443	0.028953)
(8.750000	1.104455	0.027991)
(9.000000	1.134684	0.027277)
(9.250000	1.161761	0.026711)
(9.500000	1.179382	0.026642)
(9.750000	1.194301	0.026602)
(10.000000	1.200754	0.027059)
(10.250000	1.202524	0.027991)
(10.500000	1.203394	0.029181)
(10.750000	1.201381	0.030828)
(11.000000	1.196036	0.033030)
(11.250000	1.189070	0.035648)
(11.500000	1.181924	0.038535)
(11.750000	1.176490	0.041451)
(12.000000	1.174477	0.044198)
(12.250000	1.176067	0.046708)
(12.500000	1.181710	0.048890)
(12.750000	1.190324	0.050874)
(13.000000	1.201641	0.052679)
(13.250000	1.216380	0.054207)
(13.500000	1.232469	0.055724)
(13.750000	1.248469	0.057331)
(14.000000	1.266450	0.058858)
(14.250000	1.285872	0.060366)
(14.500000	1.307005	0.061854)
(14.750000	1.332551	0.063143)
(15.000000	1.335492	0.066099)
(15.250000	1.355094	0.067964)
(15.500000	1.359026	0.070960)
(15.750000	1.376016	0.073132)
(16.000000	1.368510	0.077119)
(16.250000	1.374333	0.080095)
(16.500000	1.381596	0.083140)
(16.750000	1.364634	0.088189)
(17.000000	1.347401	0.093584)
(17.250000	1.328457	0.099526)
(17.500000	1.305910	0.106310)
(17.750000	1.278771	0.114275)
(18.000000	1.248659	0.123450)
(18.250000	1.218908	0.133478)
(23.375000	1.087158	0.210416)
(28.500000	1.012870	0.301523)
(33.625000	0.961260	0.403885)
(38.750000	0.915397	0.514229)
(43.875000	0.866155	0.629024)
(49.000000	0.808480	0.744597)
(54.125000	0.739778	0.857250)
(59.250000	0.659135	0.963375)
(64.375000	0.566871	1.059576)
(69.500000	0.464276	1.142768)
(74.625000	0.353409	1.210285)
(79.750000	0.236933	1.259958)
(84.875000	0.117979	1.290189)
(90.000000	0.000000	1.300000)
(95.125000	-0.082585	1.290189)
(100.250000	-0.165853	1.259958)
(105.375000	-0.247386	1.210285)
(110.500000	-0.324993	1.142768)
(115.625000	-0.396810	1.059576)
(120.750000	-0.461394	0.963375)
(125.875000	-0.517845	0.857250)
(131.000000	-0.565936	0.744597)
(136.125000	-0.606309	0.629024)
(141.250000	-0.640778	0.514229)
(146.375000	-0.672882	0.403885)
(151.500000	-0.709009	0.301523)
(156.625000	-0.761011	0.210416)
(161.750000	-0.853236	0.133478)
(163.053571	-0.792290	0.116475)
(164.357143	-0.731345	0.100586)
(165.660714	-0.670399	0.085844)
(166.964286	-0.609454	0.072279)
(168.267857	-0.548509	0.059920)
(169.571429	-0.487563	0.048792)
(170.875000	-0.426618	0.038918)
(172.178571	-0.365672	0.030319)
(173.482143	-0.304727	0.023012)
(174.785714	-0.243782	0.017013)
(176.089286	-0.182836	0.012334)
(177.392857	-0.121891	0.008985)
(178.696429	-0.060945	0.006973)
(180.000000	0.000000	0.006302)
