// Re = 3.30e6
// (alpha_deg cl cd)
(-180.0000	0.0000	0.0010)
(-178.1786	0.0794	0.0010)
(-176.3571	0.1588	0.0010)
(-174.5357	0.2382	0.0010)
(-172.7143	0.3175	0.0010)
(-170.8929	0.3969	0.0010)
(-169.0714	0.4763	0.0010)
(-167.2500	0.5557	0.0010)
(-165.4286	0.6351	0.0010)
(-163.6071	0.7145	0.0177)
(-161.7857	0.7938	0.0420)
(-159.9643	0.8732	0.0685)
(-158.1429	0.9526	0.0971)
(-156.3214	1.0320	0.1277)
(-154.5000	1.1114	0.1601)
(-149.8929	0.9923	0.2497)
(-145.2857	0.9011	0.3480)
(-140.6786	0.8243	0.4527)
(-136.0714	0.7541	0.5612)
(-131.4643	0.6858	0.6707)
(-126.8571	0.6168	0.7786)
(-122.2500	0.5455	0.8821)
(-117.6429	0.4713	0.9786)
(-113.0357	0.3943	1.0659)
(-108.4286	0.3151	1.1418)
(-103.8214	0.2346	1.2044)
(-99.2143	0.1542	1.2523)
(-94.6071	0.0755	1.2844)
(-90.0000	0.0000	1.3000)
(-85.3929	-0.0755	1.2844)
(-80.7857	-0.1542	1.2523)
(-76.1786	-0.2346	1.2044)
(-71.5714	-0.3151	1.1418)
(-66.9643	-0.3943	1.0659)
(-62.3571	-0.4713	0.9786)
(-57.7500	-0.5455	0.8821)
(-53.1429	-0.6168	0.7786)
(-48.5357	-0.6858	0.6707)
(-43.9286	-0.7541	0.5612)
(-39.3214	-0.8243	0.4527)
(-34.7143	-0.9011	0.3480)
(-30.1071	-0.9923	0.2497)
(-25.5000	-1.1114	0.1601)
(-24.0357	-1.0329	0.1492)
(-22.5714	-0.9544	0.1382)
(-21.1071	-0.8759	0.1273)
(-19.6429	-0.7974	0.1163)
(-18.1786	-0.7189	0.1053)
(-16.7143	-0.6404	0.0944)
(-15.2500	-0.5619	0.0834)
(-13.7857	-0.4835	0.0724)
(-12.3214	-0.4050	0.0615)
(-10.8571	-0.3265	0.0505)
(-9.3929	-0.2480	0.0396)
(-7.9286	-0.1695	0.0286)
(-5.0000	-0.0125	0.0067)
(-4.7500	0.0158	0.0065)
(-4.5000	0.0447	0.0063)
(-4.2500	0.0734	0.0061)
(-4.0000	0.1026	0.0060)
(-3.7500	0.1316	0.0060)
(-3.5000	0.1608	0.0059)
(-3.2500	0.1900	0.0059)
(-3.0000	0.2190	0.0059)
(-2.7500	0.2483	0.0059)
(-2.5000	0.2771	0.0059)
(-2.2500	0.3066	0.0059)
(-2.0000	0.3354	0.0059)
(-1.7500	0.3646	0.0059)
(-1.5000	0.3936	0.0059)
(-1.2500	0.4224	0.0059)
(-1.0000	0.4516	0.0060)
(-0.7500	0.4802	0.0060)
(-0.5000	0.5092	0.0060)
(-0.2500	0.5380	0.0060)
(0.0000	0.5664	0.0061)
(0.2500	0.5955	0.0061)
(0.5000	0.6240	0.0061)
(1.0000	0.6813	0.0062)
(1.2500	0.7095	0.0062)
(1.5000	0.7378	0.0063)
(1.7500	0.7664	0.0063)
(2.0000	0.7942	0.0063)
(2.2500	0.8225	0.0064)
(2.5000	0.8507	0.0064)
(2.7500	0.8782	0.0065)
(3.0000	0.9063	0.0066)
(3.2500	0.9341	0.0066)
(3.5000	0.9611	0.0067)
(3.7500	0.9890	0.0067)
(4.0000	1.0162	0.0068)
(4.2500	1.0432	0.0069)
(4.5000	1.0705	0.0069)
(4.7500	1.0967	0.0070)
(5.0000	1.1230	0.0070)
(5.2500	1.1481	0.0071)
(5.5000	1.1729	0.0072)
(5.7500	1.1979	0.0073)
(6.0000	1.2226	0.0074)
(6.2500	1.2483	0.0075)
(6.5000	1.2729	0.0076)
(6.7500	1.2970	0.0077)
(7.0000	1.3213	0.0079)
(7.2500	1.3456	0.0080)
(7.5000	1.3693	0.0082)
(7.7500	1.3932	0.0083)
(8.0000	1.4167	0.0085)
(8.2500	1.4392	0.0087)
(8.5000	1.4611	0.0089)
(9.0000	1.5019	0.0095)
(9.2500	1.5202	0.0098)
(9.5000	1.5366	0.0103)
(9.7500	1.5527	0.0107)
(10.0000	1.5667	0.0113)
(10.2500	1.5773	0.0120)
(10.5000	1.5836	0.0130)
(10.7500	1.5880	0.0141)
(11.0000	1.5933	0.0152)
(11.5000	1.6027	0.0178)
(11.7500	1.6053	0.0192)
(12.0000	1.6070	0.0208)
(12.2500	1.6080	0.0225)
(12.5000	1.6082	0.0243)
(12.7500	1.6081	0.0261)
(13.0000	1.6081	0.0281)
(13.2500	1.6081	0.0301)
(13.5000	1.6073	0.0322)
(13.7500	1.6065	0.0344)
(14.0000	1.6062	0.0366)
(14.2500	1.6066	0.0387)
(14.5000	1.6072	0.0409)
(14.7500	1.6090	0.0431)
(15.0000	1.6103	0.0453)
(15.2500	1.6111	0.0476)
(15.5000	1.6120	0.0499)
(15.7500	1.6119	0.0523)
(16.0000	1.6119	0.0548)
(16.2500	1.6110	0.0573)
(16.5000	1.6100	0.0599)
(16.7500	1.6081	0.0626)
(17.2500	1.6030	0.0683)
(17.5000	1.5999	0.0712)
(17.7500	1.5967	0.0742)
(18.0000	1.5937	0.0772)
(18.2500	1.5908	0.0802)
(18.5000	1.5882	0.0832)
(18.7500	1.5848	0.0860)
(19.0000	1.5801	0.0889)
(19.2500	1.5764	0.0920)
(19.5000	1.5721	0.0953)
(19.7500	1.5679	0.0985)
(20.0000	1.5645	0.1017)
(20.5000	1.5616	0.1077)
(21.0000	1.5624	0.1132)
(21.2500	1.5630	0.1159)
(21.5000	1.5648	0.1185)
(21.7500	1.5661	0.1211)
(22.0000	1.5680	0.1237)
(22.2500	1.5698	0.1263)
(22.5000	1.5711	0.1289)
(22.7500	1.5722	0.1316)
(23.0000	1.5747	0.1341)
(23.2500	1.5769	0.1366)
(23.5000	1.5784	0.1392)
(23.7500	1.5795	0.1418)
(24.0000	1.5800	0.1446)
(24.2500	1.5818	0.1471)
(24.5000	1.5840	0.1496)
(24.7500	1.5855	0.1521)
(25.0000	1.5866	0.1548)
(25.2500	1.5874	0.1574)
(25.5000	1.5877	0.1601)
(30.1071	1.4176	0.2497)
(34.7143	1.2873	0.3480)
(39.3214	1.1776	0.4527)
(43.9286	1.0773	0.5612)
(48.5357	0.9798	0.6707)
(53.1429	0.8812	0.7786)
(57.7500	0.7793	0.8821)
(62.3571	0.6733	0.9786)
(66.9643	0.5633	1.0659)
(71.5714	0.4501	1.1418)
(76.1786	0.3352	1.2044)
(80.7857	0.2203	1.2523)
(85.3929	0.1078	1.2844)
(90.0000	0.0000	1.3000)
(94.6071	-0.0755	1.2844)
(99.2143	-0.1542	1.2523)
(103.8214	-0.2346	1.2044)
(108.4286	-0.3151	1.1418)
(113.0357	-0.3943	1.0659)
(117.6429	-0.4713	0.9786)
(122.2500	-0.5455	0.8821)
(126.8571	-0.6168	0.7786)
(131.4643	-0.6858	0.6707)
(136.0714	-0.7541	0.5612)
(140.6786	-0.8243	0.4527)
(145.2857	-0.9011	0.3480)
(149.8929	-0.9923	0.2497)
(154.5000	-1.1114	0.1601)
(156.3214	-1.0320	0.1277)
(158.1429	-0.9526	0.0971)
(159.9643	-0.8732	0.0685)
(161.7857	-0.7938	0.0420)
(163.6071	-0.7145	0.0177)
(165.4286	-0.6351	0.0010)
(167.2500	-0.5557	0.0010)
(169.0714	-0.4763	0.0010)
(170.8929	-0.3969	0.0010)
(172.7143	-0.3175	0.0010)
(174.5357	-0.2382	0.0010)
(176.3571	-0.1588	0.0010)
(178.1786	-0.0794	0.0010)
(180.0000	0.0000	0.0010)
