// Re = 4.10e6
// (alpha_deg cl cd)
(-180.0000	0.0000	0.0010)
(-177.8571	0.0761	0.0010)
(-175.7143	0.1521	0.0010)
(-173.5714	0.2282	0.0010)
(-171.4286	0.3043	0.0010)
(-169.2857	0.3803	0.0010)
(-167.1429	0.4564	0.0010)
(-165.0000	0.5325	0.0230)
(-162.8571	0.6085	0.0495)
(-160.7143	0.6846	0.0792)
(-158.5714	0.7607	0.1117)
(-156.4286	0.8367	0.1470)
(-154.2857	0.9128	0.1849)
(-152.1429	0.9888	0.2252)
(-150.0000	1.0649	0.2675)
(-145.7143	0.9656	0.3577)
(-141.4286	0.8821	0.4535)
(-137.1429	0.8071	0.5528)
(-132.8571	0.7360	0.6534)
(-128.5714	0.6660	0.7532)
(-124.2857	0.5953	0.8501)
(-120.0000	0.5232	0.9418)
(-115.7143	0.4492	1.0265)
(-111.4286	0.3736	1.1022)
(-107.1429	0.2970	1.1675)
(-102.8571	0.2201	1.2209)
(-98.5714	0.1442	1.2612)
(-94.2857	0.0703	1.2878)
(-90.0000	0.0000	1.3000)
(-85.7143	-0.0703	1.2878)
(-81.4286	-0.1442	1.2612)
(-77.1429	-0.2201	1.2209)
(-72.8571	-0.2970	1.1675)
(-68.5714	-0.3736	1.1022)
(-64.2857	-0.4492	1.0265)
(-60.0000	-0.5232	0.9418)
(-55.7143	-0.5953	0.8501)
(-51.4286	-0.6660	0.7532)
(-47.1429	-0.7360	0.6534)
(-42.8571	-0.8071	0.5528)
(-38.5714	-0.8821	0.4535)
(-34.2857	-0.9656	0.3577)
(-30.0000	-1.0649	0.2675)
(-28.2143	-0.9842	0.2489)
(-26.4286	-0.9035	0.2303)
(-24.6429	-0.8228	0.2117)
(-22.8571	-0.7421	0.1930)
(-21.0714	-0.6614	0.1744)
(-19.2857	-0.5807	0.1558)
(-17.5000	-0.5000	0.1372)
(-15.7143	-0.4193	0.1186)
(-13.9286	-0.3386	0.0999)
(-12.1429	-0.2579	0.0813)
(-10.3571	-0.1772	0.0627)
(-8.5714	-0.0965	0.0441)
(-5.0000	0.0649	0.0068)
(-4.7500	0.0940	0.0067)
(-4.5000	0.1232	0.0067)
(-4.2500	0.1525	0.0066)
(-4.0000	0.1818	0.0065)
(-3.7500	0.2112	0.0063)
(-3.5000	0.2408	0.0062)
(-3.2500	0.2703	0.0060)
(-3.0000	0.2999	0.0059)
(-2.7500	0.3297	0.0058)
(-2.5000	0.3596	0.0056)
(-2.2500	0.3897	0.0054)
(-2.0000	0.4199	0.0052)
(-1.7500	0.4497	0.0051)
(-1.5000	0.4796	0.0050)
(-1.2500	0.5090	0.0050)
(-1.0000	0.5384	0.0050)
(-0.7500	0.5677	0.0050)
(-0.5000	0.5968	0.0050)
(-0.2500	0.6260	0.0050)
(0.0000	0.6551	0.0050)
(0.2500	0.6840	0.0050)
(0.5000	0.7131	0.0051)
(0.7500	0.7420	0.0051)
(1.2500	0.7996	0.0052)
(1.5000	0.8282	0.0052)
(1.7500	0.8567	0.0053)
(2.0000	0.8854	0.0053)
(2.2500	0.9138	0.0054)
(2.5000	0.9420	0.0054)
(2.7500	0.9700	0.0055)
(3.2500	1.0258	0.0057)
(3.5000	1.0534	0.0058)
(3.7500	1.0807	0.0059)
(4.0000	1.1081	0.0060)
(4.2500	1.1349	0.0061)
(4.5000	1.1615	0.0063)
(4.7500	1.1875	0.0064)
(5.0000	1.2129	0.0066)
(5.2500	1.2381	0.0068)
(5.5000	1.2617	0.0071)
(5.7500	1.2845	0.0075)
(6.0000	1.3065	0.0078)
(6.2500	1.3270	0.0083)
(6.5000	1.3466	0.0088)
(6.7500	1.3652	0.0093)
(7.0000	1.3831	0.0098)
(7.2500	1.4006	0.0103)
(7.5000	1.4179	0.0108)
(7.7500	1.4318	0.0113)
(8.0000	1.4465	0.0118)
(8.2500	1.4615	0.0123)
(8.5000	1.4754	0.0128)
(8.7500	1.4894	0.0134)
(9.0000	1.5043	0.0139)
(9.2500	1.5192	0.0144)
(9.5000	1.5343	0.0149)
(9.7500	1.5484	0.0155)
(10.0000	1.5614	0.0161)
(10.2500	1.5704	0.0170)
(10.5000	1.5775	0.0181)
(10.7500	1.5883	0.0190)
(11.0000	1.6005	0.0198)
(11.2500	1.6130	0.0206)
(11.5000	1.6250	0.0215)
(11.7500	1.6370	0.0224)
(12.2500	1.6591	0.0244)
(12.5000	1.6690	0.0255)
(12.7500	1.6755	0.0266)
(13.0000	1.6825	0.0276)
(13.2500	1.6924	0.0289)
(13.5000	1.7014	0.0302)
(13.7500	1.7093	0.0317)
(14.0000	1.7172	0.0332)
(14.2500	1.7257	0.0347)
(14.5000	1.7334	0.0362)
(14.7500	1.7402	0.0379)
(15.0000	1.7461	0.0397)
(15.2500	1.7511	0.0416)
(15.5000	1.7575	0.0434)
(15.7500	1.7634	0.0453)
(16.0000	1.7685	0.0473)
(16.2500	1.7727	0.0494)
(16.5000	1.7763	0.0516)
(16.7500	1.7787	0.0539)
(17.0000	1.7804	0.0564)
(17.2500	1.7839	0.0587)
(17.5000	1.7865	0.0611)
(17.7500	1.7887	0.0635)
(18.0000	1.7903	0.0661)
(18.2500	1.7911	0.0688)
(18.5000	1.7913	0.0715)
(18.7500	1.7908	0.0744)
(19.0000	1.7891	0.0774)
(19.2500	1.7861	0.0806)
(19.5000	1.7858	0.0835)
(19.7500	1.7850	0.0865)
(20.0000	1.7834	0.0896)
(20.2500	1.7812	0.0929)
(20.5000	1.7788	0.0961)
(20.7500	1.7763	0.0994)
(21.0000	1.7731	0.1028)
(21.2500	1.7693	0.1063)
(21.5000	1.7655	0.1098)
(21.7500	1.7613	0.1134)
(22.0000	1.7561	0.1172)
(22.2500	1.7501	0.1211)
(22.5000	1.7439	0.1250)
(22.7500	1.7404	0.1286)
(23.0000	1.7369	0.1322)
(23.2500	1.7333	0.1359)
(23.5000	1.7289	0.1396)
(23.7500	1.7245	0.1434)
(24.0000	1.7202	0.1472)
(24.2500	1.7155	0.1511)
(24.5000	1.7107	0.1550)
(24.7500	1.7059	0.1590)
(25.0000	1.7004	0.1631)
(25.2500	1.6947	0.1672)
(25.5000	1.6885	0.1714)
(25.7500	1.6821	0.1757)
(26.0000	1.6751	0.1802)
(26.2500	1.6677	0.1847)
(26.5000	1.6593	0.1895)
(26.7500	1.6504	0.1945)
(27.0000	1.6403	0.1997)
(27.2500	1.6287	0.2053)
(27.5000	1.6165	0.2111)
(27.7500	1.6081	0.2161)
(28.0000	1.5992	0.2213)
(28.2500	1.5893	0.2268)
(28.5000	1.5801	0.2322)
(28.7500	1.5695	0.2380)
(29.0000	1.5590	0.2439)
(29.2500	1.5493	0.2498)
(29.5000	1.5387	0.2559)
(29.7500	1.5300	0.2617)
(30.0000	1.5213	0.2675)
(34.2857	1.3794	0.3577)
(38.5714	1.2601	0.4535)
(42.8571	1.1530	0.5528)
(47.1429	1.0514	0.6534)
(51.4286	0.9514	0.7532)
(55.7143	0.8505	0.8501)
(60.0000	0.7474	0.9418)
(64.2857	0.6417	1.0265)
(68.5714	0.5337	1.1022)
(72.8571	0.4242	1.1675)
(77.1429	0.3145	1.2209)
(81.4286	0.2059	1.2612)
(85.7143	0.1005	1.2878)
(90.0000	0.0000	1.3000)
(94.2857	-0.0703	1.2878)
(98.5714	-0.1442	1.2612)
(102.8571	-0.2201	1.2209)
(107.1429	-0.2970	1.1675)
(111.4286	-0.3736	1.1022)
(115.7143	-0.4492	1.0265)
(120.0000	-0.5232	0.9418)
(124.2857	-0.5953	0.8501)
(128.5714	-0.6660	0.7532)
(132.8571	-0.7360	0.6534)
(137.1429	-0.8071	0.5528)
(141.4286	-0.8821	0.4535)
(145.7143	-0.9656	0.3577)
(150.0000	-1.0649	0.2675)
(152.1429	-0.9888	0.2252)
(154.2857	-0.9128	0.1849)
(156.4286	-0.8367	0.1470)
(158.5714	-0.7607	0.1117)
(160.7143	-0.6846	0.0792)
(162.8571	-0.6085	0.0495)
(165.0000	-0.5325	0.0230)
(167.1429	-0.4564	0.0010)
(169.2857	-0.3803	0.0010)
(171.4286	-0.3043	0.0010)
(173.5714	-0.2282	0.0010)
(175.7143	-0.1521	0.0010)
(177.8571	-0.0761	0.0010)
(180.0000	0.0000	0.0010)
