// Re = 4.40e6
// (alpha_deg cl cd)
(-180.0000	0.0000	0.0010)
(-178.2143	0.0808	0.0010)
(-176.4286	0.1615	0.0010)
(-174.6429	0.2423	0.0010)
(-172.8571	0.3231	0.0010)
(-171.0714	0.4038	0.0010)
(-169.2857	0.4846	0.0010)
(-167.5000	0.5654	0.0010)
(-165.7143	0.6461	0.0010)
(-163.9286	0.7269	0.0207)
(-162.1429	0.8076	0.0440)
(-160.3571	0.8884	0.0695)
(-158.5714	0.9692	0.0970)
(-156.7857	1.0499	0.1264)
(-155.0000	1.1307	0.1577)
(-150.3571	1.0058	0.2466)
(-145.7143	0.9112	0.3446)
(-141.0714	0.8324	0.4493)
(-136.4286	0.7609	0.5581)
(-131.7857	0.6918	0.6680)
(-127.1429	0.6221	0.7764)
(-122.5000	0.5501	0.8805)
(-117.8571	0.4753	0.9778)
(-113.2143	0.3977	1.0656)
(-108.5714	0.3178	1.1420)
(-103.9286	0.2366	1.2049)
(-99.2857	0.1555	1.2529)
(-94.6429	0.0761	1.2848)
(-90.0000	0.0000	1.3000)
(-85.3571	-0.0761	1.2848)
(-80.7143	-0.1555	1.2529)
(-76.0714	-0.2366	1.2049)
(-71.4286	-0.3178	1.1420)
(-66.7857	-0.3977	1.0656)
(-62.1429	-0.4753	0.9778)
(-57.5000	-0.5501	0.8805)
(-52.8571	-0.6221	0.7764)
(-48.2143	-0.6918	0.6680)
(-43.5714	-0.7609	0.5581)
(-38.9286	-0.8324	0.4493)
(-34.2857	-0.9112	0.3446)
(-29.6429	-1.0058	0.2466)
(-25.0000	-1.1307	0.1577)
(-23.5714	-1.0456	0.1469)
(-22.1429	-0.9604	0.1361)
(-20.7143	-0.8753	0.1253)
(-19.2857	-0.7902	0.1145)
(-17.8571	-0.7050	0.1037)
(-16.4286	-0.6199	0.0929)
(-15.0000	-0.5348	0.0821)
(-13.5714	-0.4496	0.0713)
(-12.1429	-0.3645	0.0605)
(-10.7143	-0.2793	0.0497)
(-9.2857	-0.1942	0.0389)
(-7.8571	-0.1091	0.0281)
(-5.0000	0.0612	0.0065)
(-4.7500	0.0886	0.0064)
(-4.5000	0.1162	0.0063)
(-4.2500	0.1437	0.0063)
(-3.7500	0.1985	0.0061)
(-3.5000	0.2257	0.0061)
(-3.2500	0.2529	0.0060)
(-3.0000	0.2801	0.0060)
(-2.7500	0.3068	0.0059)
(-2.5000	0.3334	0.0057)
(-2.2500	0.3597	0.0056)
(-2.0000	0.3855	0.0055)
(-1.7500	0.4110	0.0053)
(-1.5000	0.4356	0.0051)
(-1.2500	0.4593	0.0050)
(-1.0000	0.4831	0.0048)
(-0.7500	0.5070	0.0048)
(-0.5000	0.5310	0.0047)
(-0.2500	0.5544	0.0047)
(0.0000	0.5770	0.0047)
(0.2500	0.5996	0.0047)
(0.5000	0.6224	0.0047)
(0.7500	0.6447	0.0047)
(1.0000	0.6659	0.0047)
(1.2500	0.6864	0.0047)
(1.5000	0.7034	0.0047)
(1.7500	0.7194	0.0048)
(2.0000	0.7368	0.0048)
(2.2500	0.7536	0.0048)
(2.5000	0.7694	0.0049)
(2.7500	0.7866	0.0049)
(3.0000	0.8042	0.0050)
(3.2500	0.8208	0.0051)
(3.5000	0.8385	0.0051)
(3.7500	0.8563	0.0052)
(4.0000	0.8741	0.0053)
(4.2500	0.8928	0.0054)
(4.5000	0.9115	0.0055)
(4.7500	0.9300	0.0056)
(5.0000	0.9479	0.0057)
(5.2500	0.9657	0.0059)
(5.5000	0.9822	0.0061)
(5.7500	0.9971	0.0063)
(6.0000	1.0126	0.0066)
(6.2500	1.0290	0.0069)
(6.5000	1.0451	0.0072)
(6.7500	1.0611	0.0075)
(7.0000	1.0765	0.0079)
(7.2500	1.0899	0.0084)
(7.5000	1.1035	0.0089)
(7.7500	1.1180	0.0094)
(8.0000	1.1339	0.0100)
(8.2500	1.1521	0.0105)
(8.5000	1.1711	0.0109)
(8.7500	1.1906	0.0115)
(9.0000	1.2105	0.0120)
(9.2500	1.2317	0.0126)
(9.5000	1.2563	0.0131)
(9.7500	1.2871	0.0136)
(10.0000	1.3377	0.0141)
(10.2500	1.4138	0.0148)
(11.0000	1.4807	0.0169)
(11.2500	1.4957	0.0176)
(11.5000	1.5104	0.0184)
(11.7500	1.5249	0.0191)
(12.0000	1.5389	0.0199)
(12.2500	1.5527	0.0208)
(12.5000	1.5661	0.0216)
(12.7500	1.5787	0.0226)
(13.0000	1.5912	0.0236)
(13.2500	1.6033	0.0246)
(13.5000	1.6141	0.0257)
(13.7500	1.6258	0.0268)
(14.0000	1.6364	0.0280)
(14.2500	1.6458	0.0293)
(14.5000	1.6554	0.0307)
(14.7500	1.6650	0.0320)
(15.0000	1.6736	0.0334)
(15.2500	1.6813	0.0350)
(15.5000	1.6876	0.0367)
(15.7500	1.6957	0.0383)
(16.0000	1.7029	0.0399)
(16.2500	1.7092	0.0417)
(16.5000	1.7147	0.0436)
(16.7500	1.7194	0.0456)
(17.0000	1.7230	0.0477)
(17.2500	1.7260	0.0500)
(17.5000	1.7303	0.0521)
(17.7500	1.7339	0.0543)
(18.0000	1.7369	0.0566)
(18.2500	1.7392	0.0590)
(18.5000	1.7408	0.0615)
(18.7500	1.7416	0.0641)
(19.0000	1.7414	0.0669)
(19.2500	1.7404	0.0697)
(19.5000	1.7380	0.0728)
(19.7500	1.7346	0.0760)
(20.0000	1.7336	0.0790)
(20.2500	1.7321	0.0821)
(20.5000	1.7296	0.0853)
(20.7500	1.7267	0.0886)
(21.0000	1.7234	0.0919)
(21.2500	1.7196	0.0954)
(21.5000	1.7152	0.0989)
(21.7500	1.7107	0.1026)
(22.0000	1.7058	0.1062)
(22.2500	1.7003	0.1100)
(22.5000	1.6950	0.1138)
(22.7500	1.6891	0.1177)
(23.0000	1.6828	0.1217)
(23.2500	1.6764	0.1258)
(23.5000	1.6695	0.1300)
(23.7500	1.6619	0.1342)
(24.0000	1.6539	0.1386)
(24.2500	1.6450	0.1432)
(24.5000	1.6353	0.1479)
(24.7500	1.6246	0.1529)
(25.0000	1.6153	0.1577)
(29.6429	1.4369	0.2466)
(34.2857	1.3018	0.3446)
(38.9286	1.1892	0.4493)
(43.5714	1.0870	0.5581)
(48.2143	0.9883	0.6680)
(52.8571	0.8886	0.7764)
(57.5000	0.7859	0.8805)
(62.1429	0.6790	0.9778)
(66.7857	0.5681	1.0656)
(71.4286	0.4540	1.1420)
(76.0714	0.3380	1.2049)
(80.7143	0.2222	1.2529)
(85.3571	0.1087	1.2848)
(90.0000	0.0000	1.3000)
(94.6429	-0.0761	1.2848)
(99.2857	-0.1555	1.2529)
(103.9286	-0.2366	1.2049)
(108.5714	-0.3178	1.1420)
(113.2143	-0.3977	1.0656)
(117.8571	-0.4753	0.9778)
(122.5000	-0.5501	0.8805)
(127.1429	-0.6221	0.7764)
(131.7857	-0.6918	0.6680)
(136.4286	-0.7609	0.5581)
(141.0714	-0.8324	0.4493)
(145.7143	-0.9112	0.3446)
(150.3571	-1.0058	0.2466)
(155.0000	-1.1307	0.1577)
(156.7857	-1.0499	0.1264)
(158.5714	-0.9692	0.0970)
(160.3571	-0.8884	0.0695)
(162.1429	-0.8076	0.0440)
(163.9286	-0.7269	0.0207)
(165.7143	-0.6461	0.0010)
(167.5000	-0.5654	0.0010)
(169.2857	-0.4846	0.0010)
(171.0714	-0.4038	0.0010)
(172.8571	-0.3231	0.0010)
(174.6429	-0.2423	0.0010)
(176.4286	-0.1615	0.0010)
(178.2143	-0.0808	0.0010)
(180.0000	0.0000	0.0010)
