// Re = 3.70e6
// (alpha_deg cl cd)
(-180.0000	0.0000	0.0010)
(-178.1607	0.0777	0.0010)
(-176.3214	0.1555	0.0010)
(-174.4821	0.2332	0.0010)
(-172.6429	0.3109	0.0010)
(-170.8036	0.3887	0.0010)
(-168.9643	0.4664	0.0010)
(-167.1250	0.5441	0.0010)
(-165.2857	0.6219	0.0010)
(-163.4464	0.6996	0.0097)
(-161.6071	0.7773	0.0346)
(-159.7679	0.8551	0.0617)
(-157.9286	0.9328	0.0909)
(-156.0893	1.0106	0.1222)
(-154.2500	1.0883	0.1553)
(-149.6607	0.9749	0.2454)
(-145.0714	0.8875	0.3442)
(-140.4821	0.8134	0.4492)
(-135.8929	0.7452	0.5580)
(-131.3036	0.6786	0.6676)
(-126.7143	0.6109	0.7756)
(-122.1250	0.5407	0.8792)
(-117.5357	0.4675	0.9759)
(-112.9464	0.3914	1.0634)
(-108.3571	0.3130	1.1396)
(-103.7679	0.2332	1.2026)
(-99.1786	0.1534	1.2510)
(-94.5893	0.0751	1.2837)
(-90.0000	0.0000	1.3000)
(-85.4107	-0.0751	1.2837)
(-80.8214	-0.1534	1.2510)
(-76.2321	-0.2332	1.2026)
(-71.6429	-0.3130	1.1396)
(-67.0536	-0.3914	1.0634)
(-62.4643	-0.4675	0.9759)
(-57.8750	-0.5407	0.8792)
(-53.2857	-0.6109	0.7756)
(-48.6964	-0.6786	0.6676)
(-44.1071	-0.7452	0.5580)
(-39.5179	-0.8134	0.4492)
(-34.9286	-0.8875	0.3442)
(-30.3393	-0.9749	0.2454)
(-25.7500	-1.0883	0.1553)
(-24.2679	-1.0092	0.1447)
(-22.7857	-0.9300	0.1341)
(-21.3036	-0.8509	0.1235)
(-19.8214	-0.7718	0.1130)
(-18.3393	-0.6927	0.1024)
(-16.8571	-0.6136	0.0918)
(-15.3750	-0.5344	0.0812)
(-13.8929	-0.4553	0.0706)
(-12.4107	-0.3762	0.0600)
(-10.9286	-0.2971	0.0494)
(-9.4464	-0.2180	0.0388)
(-7.9643	-0.1388	0.0282)
(-5.0000	0.0194	0.0070)
(-4.7500	0.0474	0.0069)
(-4.2500	0.1033	0.0066)
(-4.0000	0.1311	0.0064)
(-3.7500	0.1587	0.0062)
(-3.5000	0.1867	0.0061)
(-3.2500	0.2143	0.0059)
(-3.0000	0.2422	0.0057)
(-2.7500	0.2698	0.0056)
(-2.5000	0.2980	0.0055)
(-2.2500	0.3259	0.0054)
(-2.0000	0.3542	0.0054)
(-1.7500	0.3823	0.0054)
(-1.5000	0.4105	0.0054)
(-1.2500	0.4385	0.0054)
(-1.0000	0.4664	0.0054)
(-0.7500	0.4946	0.0054)
(-0.5000	0.5222	0.0054)
(-0.2500	0.5503	0.0054)
(0.0000	0.5778	0.0054)
(0.2500	0.6057	0.0055)
(0.5000	0.6332	0.0055)
(0.7500	0.6607	0.0055)
(1.0000	0.6882	0.0056)
(1.2500	0.7152	0.0056)
(1.5000	0.7427	0.0056)
(1.7500	0.7694	0.0057)
(2.0000	0.7967	0.0057)
(2.5000	0.8501	0.0058)
(2.7500	0.8765	0.0059)
(3.0000	0.9028	0.0059)
(3.2500	0.9285	0.0060)
(3.7500	0.9799	0.0061)
(4.0000	1.0058	0.0061)
(4.2500	1.0301	0.0062)
(4.5000	1.0543	0.0063)
(4.7500	1.0769	0.0063)
(5.0000	1.1000	0.0064)
(5.2500	1.1228	0.0065)
(5.5000	1.1453	0.0066)
(5.7500	1.1678	0.0067)
(6.0000	1.1902	0.0068)
(6.2500	1.2133	0.0069)
(6.5000	1.2357	0.0071)
(6.7500	1.2577	0.0072)
(7.0000	1.2791	0.0074)
(7.2500	1.2986	0.0076)
(7.5000	1.3169	0.0078)
(7.7500	1.3339	0.0082)
(8.0000	1.3492	0.0085)
(8.2500	1.3612	0.0090)
(8.5000	1.3711	0.0096)
(8.7500	1.3799	0.0102)
(9.0000	1.3895	0.0108)
(9.2500	1.3987	0.0115)
(9.5000	1.4070	0.0122)
(9.7500	1.4151	0.0129)
(10.2500	1.4291	0.0147)
(10.5000	1.4350	0.0157)
(10.7500	1.4401	0.0168)
(11.0000	1.4458	0.0180)
(11.5000	1.4599	0.0202)
(11.7500	1.4678	0.0213)
(12.0000	1.4750	0.0225)
(12.2500	1.4812	0.0238)
(12.5000	1.4861	0.0252)
(13.0000	1.4939	0.0283)
(13.2500	1.4977	0.0299)
(13.5000	1.5011	0.0316)
(13.7500	1.5043	0.0333)
(14.0000	1.5066	0.0351)
(14.2500	1.5089	0.0369)
(14.5000	1.5100	0.0388)
(14.7500	1.5108	0.0406)
(15.0000	1.5176	0.0430)
(15.2500	1.5178	0.0453)
(15.5000	1.5182	0.0476)
(15.7500	1.5203	0.0498)
(16.0000	1.5233	0.0519)
(16.2500	1.5269	0.0540)
(16.5000	1.5302	0.0562)
(16.7500	1.5342	0.0583)
(17.2500	1.5410	0.0627)
(17.5000	1.5441	0.0649)
(17.7500	1.5463	0.0673)
(18.0000	1.5492	0.0696)
(18.2500	1.5521	0.0719)
(18.5000	1.5543	0.0743)
(18.7500	1.5560	0.0768)
(19.0000	1.5567	0.0794)
(19.2500	1.5590	0.0818)
(19.5000	1.5612	0.0843)
(19.7500	1.5628	0.0868)
(20.0000	1.5639	0.0894)
(20.2500	1.5645	0.0921)
(20.5000	1.5644	0.0949)
(20.7500	1.5638	0.0977)
(21.0000	1.5652	0.1003)
(21.2500	1.5663	0.1030)
(21.5000	1.5672	0.1057)
(21.7500	1.5677	0.1084)
(22.0000	1.5680	0.1112)
(22.2500	1.5680	0.1140)
(22.5000	1.5673	0.1169)
(22.7500	1.5659	0.1199)
(23.0000	1.5652	0.1228)
(23.2500	1.5660	0.1255)
(23.5000	1.5664	0.1283)
(23.7500	1.5665	0.1311)
(24.0000	1.5663	0.1340)
(24.2500	1.5660	0.1368)
(24.5000	1.5655	0.1397)
(24.7500	1.5645	0.1427)
(25.0000	1.5631	0.1457)
(25.2500	1.5611	0.1488)
(25.5000	1.5585	0.1520)
(25.7500	1.5547	0.1553)
(30.3393	1.3927	0.2454)
(34.9286	1.2679	0.3442)
(39.5179	1.1620	0.4492)
(44.1071	1.0646	0.5580)
(48.6964	0.9695	0.6676)
(53.2857	0.8727	0.7756)
(57.8750	0.7725	0.8792)
(62.4643	0.6679	0.9759)
(67.0536	0.5592	1.0634)
(71.6429	0.4471	1.1396)
(76.2321	0.3332	1.2026)
(80.8214	0.2191	1.2510)
(85.4107	0.1073	1.2837)
(90.0000	0.0000	1.3000)
(94.5893	-0.0751	1.2837)
(99.1786	-0.1534	1.2510)
(103.7679	-0.2332	1.2026)
(108.3571	-0.3130	1.1396)
(112.9464	-0.3914	1.0634)
(117.5357	-0.4675	0.9759)
(122.1250	-0.5407	0.8792)
(126.7143	-0.6109	0.7756)
(131.3036	-0.6786	0.6676)
(135.8929	-0.7452	0.5580)
(140.4821	-0.8134	0.4492)
(145.0714	-0.8875	0.3442)
(149.6607	-0.9749	0.2454)
(154.2500	-1.0883	0.1553)
(156.0893	-1.0106	0.1222)
(157.9286	-0.9328	0.0909)
(159.7679	-0.8551	0.0617)
(161.6071	-0.7773	0.0346)
(163.4464	-0.6996	0.0097)
(165.2857	-0.6219	0.0010)
(167.1250	-0.5441	0.0010)
(168.9643	-0.4664	0.0010)
(170.8036	-0.3887	0.0010)
(172.6429	-0.3109	0.0010)
(174.4821	-0.2332	0.0010)
(176.3214	-0.1555	0.0010)
(178.1607	-0.0777	0.0010)
(180.0000	0.0000	0.0010)
