// Re = 3.40e6
// (alpha_deg cl cd)
(-180.0000	0.0000	0.0010)
(-178.1250	0.0772	0.0010)
(-176.2500	0.1545	0.0010)
(-174.3750	0.2317	0.0010)
(-172.5000	0.3090	0.0010)
(-170.6250	0.3862	0.0010)
(-168.7500	0.4634	0.0010)
(-166.8750	0.5407	0.0010)
(-165.0000	0.6179	0.0010)
(-163.1250	0.6952	0.0120)
(-161.2500	0.7724	0.0378)
(-159.3750	0.8496	0.0659)
(-157.5000	0.9269	0.0962)
(-155.6250	1.0041	0.1286)
(-153.7500	1.0814	0.1629)
(-149.1964	0.9709	0.2534)
(-144.6429	0.8848	0.3522)
(-140.0893	0.8111	0.4570)
(-135.5357	0.7430	0.5651)
(-130.9821	0.6762	0.6740)
(-126.4286	0.6084	0.7811)
(-121.8750	0.5381	0.8837)
(-117.3214	0.4650	0.9794)
(-112.7679	0.3891	1.0659)
(-108.2143	0.3109	1.1411)
(-103.6607	0.2316	1.2034)
(-99.1071	0.1523	1.2513)
(-94.5536	0.0745	1.2837)
(-90.0000	0.0000	1.3000)
(-85.4464	-0.0745	1.2837)
(-80.8929	-0.1523	1.2513)
(-76.3393	-0.2316	1.2034)
(-71.7857	-0.3109	1.1411)
(-67.2321	-0.3891	1.0659)
(-62.6786	-0.4650	0.9794)
(-58.1250	-0.5381	0.8837)
(-53.5714	-0.6084	0.7811)
(-49.0179	-0.6762	0.6740)
(-44.4643	-0.7430	0.5651)
(-39.9107	-0.8111	0.4570)
(-35.3571	-0.8848	0.3522)
(-30.8036	-0.9709	0.2534)
(-26.2500	-1.0814	0.1629)
(-24.7321	-1.0040	0.1518)
(-23.2143	-0.9267	0.1406)
(-21.6964	-0.8494	0.1295)
(-20.1786	-0.7721	0.1183)
(-18.6607	-0.6947	0.1072)
(-17.1429	-0.6174	0.0960)
(-15.6250	-0.5401	0.0849)
(-14.1071	-0.4628	0.0737)
(-12.5893	-0.3854	0.0626)
(-11.0714	-0.3081	0.0514)
(-9.5536	-0.2308	0.0403)
(-8.0357	-0.1535	0.0291)
(-5.0000	0.0012	0.0068)
(-4.7500	0.0290	0.0067)
(-4.5000	0.0572	0.0065)
(-4.2500	0.0853	0.0063)
(-4.0000	0.1133	0.0062)
(-3.7500	0.1414	0.0060)
(-3.5000	0.1695	0.0059)
(-3.2500	0.1981	0.0058)
(-3.0000	0.2263	0.0057)
(-2.7500	0.2551	0.0057)
(-2.5000	0.2834	0.0057)
(-2.2500	0.3122	0.0057)
(-2.0000	0.3406	0.0057)
(-1.7500	0.3690	0.0057)
(-1.5000	0.3976	0.0057)
(-1.0000	0.4542	0.0057)
(-0.7500	0.4822	0.0057)
(-0.5000	0.5105	0.0058)
(-0.2500	0.5386	0.0058)
(0.0000	0.5664	0.0058)
(0.2500	0.5947	0.0058)
(0.5000	0.6223	0.0059)
(0.7500	0.6501	0.0059)
(1.0000	0.6779	0.0059)
(1.5000	0.7328	0.0060)
(1.7500	0.7600	0.0060)
(2.0000	0.7870	0.0061)
(2.2500	0.8144	0.0061)
(2.5000	0.8410	0.0062)
(2.7500	0.8679	0.0062)
(3.0000	0.8947	0.0063)
(3.5000	0.9471	0.0064)
(3.7500	0.9723	0.0064)
(4.0000	0.9966	0.0065)
(4.2500	1.0213	0.0065)
(4.5000	1.0449	0.0066)
(4.7500	1.0696	0.0066)
(5.0000	1.0933	0.0067)
(5.5000	1.1405	0.0069)
(5.7500	1.1645	0.0070)
(6.0000	1.1880	0.0071)
(6.2500	1.2113	0.0072)
(6.5000	1.2348	0.0073)
(6.7500	1.2572	0.0075)
(7.0000	1.2793	0.0077)
(7.2500	1.3014	0.0078)
(7.5000	1.3238	0.0080)
(8.0000	1.3667	0.0083)
(8.2500	1.3871	0.0085)
(8.5000	1.4069	0.0088)
(8.7500	1.4258	0.0090)
(9.0000	1.4434	0.0093)
(9.2500	1.4580	0.0097)
(9.7500	1.4809	0.0109)
(10.0000	1.4896	0.0116)
(10.2500	1.4960	0.0124)
(10.5000	1.4993	0.0134)
(10.7500	1.4998	0.0146)
(11.0000	1.4991	0.0160)
(11.2500	1.4987	0.0174)
(11.5000	1.4995	0.0188)
(11.7500	1.5016	0.0203)
(12.0000	1.5056	0.0216)
(12.2500	1.5099	0.0230)
(12.5000	1.5141	0.0245)
(12.7500	1.5176	0.0260)
(13.2500	1.5238	0.0293)
(13.5000	1.5265	0.0310)
(14.0000	1.5321	0.0345)
(14.2500	1.5343	0.0364)
(14.5000	1.5368	0.0383)
(14.7500	1.5386	0.0403)
(15.0000	1.5403	0.0423)
(15.2500	1.5415	0.0443)
(15.5000	1.5422	0.0464)
(15.7500	1.5428	0.0486)
(16.0000	1.5423	0.0509)
(16.2500	1.5407	0.0532)
(16.5000	1.5380	0.0556)
(16.7500	1.5338	0.0578)
(17.0000	1.5424	0.0611)
(17.2500	1.5404	0.0638)
(17.7500	1.5366	0.0693)
(18.2500	1.5333	0.0749)
(18.5000	1.5321	0.0777)
(18.7500	1.5308	0.0805)
(19.0000	1.5303	0.0833)
(19.2500	1.5298	0.0861)
(19.5000	1.5297	0.0888)
(19.7500	1.5299	0.0915)
(20.0000	1.5302	0.0943)
(20.2500	1.5311	0.0969)
(20.5000	1.5315	0.0997)
(20.7500	1.5323	0.1024)
(21.0000	1.5326	0.1051)
(21.2500	1.5343	0.1077)
(21.5000	1.5353	0.1104)
(21.7500	1.5356	0.1132)
(22.0000	1.5372	0.1158)
(22.2500	1.5384	0.1185)
(22.5000	1.5392	0.1212)
(23.0000	1.5414	0.1266)
(23.2500	1.5428	0.1293)
(23.5000	1.5438	0.1320)
(23.7500	1.5443	0.1347)
(24.0000	1.5444	0.1375)
(24.2500	1.5442	0.1404)
(24.5000	1.5459	0.1430)
(24.7500	1.5472	0.1456)
(25.0000	1.5479	0.1484)
(25.2500	1.5480	0.1512)
(25.5000	1.5478	0.1540)
(25.7500	1.5471	0.1569)
(26.0000	1.5457	0.1600)
(26.2500	1.5448	0.1629)
(30.8036	1.3870	0.2534)
(35.3571	1.2639	0.3522)
(39.9107	1.1587	0.4570)
(44.4643	1.0614	0.5651)
(49.0179	0.9660	0.6740)
(53.5714	0.8691	0.7811)
(58.1250	0.7688	0.8837)
(62.6786	0.6643	0.9794)
(67.2321	0.5558	1.0659)
(71.7857	0.4442	1.1411)
(76.3393	0.3308	1.2034)
(80.8929	0.2175	1.2513)
(85.4464	0.1065	1.2837)
(90.0000	0.0000	1.3000)
(94.5536	-0.0745	1.2837)
(99.1071	-0.1523	1.2513)
(103.6607	-0.2316	1.2034)
(108.2143	-0.3109	1.1411)
(112.7679	-0.3891	1.0659)
(117.3214	-0.4650	0.9794)
(121.8750	-0.5381	0.8837)
(126.4286	-0.6084	0.7811)
(130.9821	-0.6762	0.6740)
(135.5357	-0.7430	0.5651)
(140.0893	-0.8111	0.4570)
(144.6429	-0.8848	0.3522)
(149.1964	-0.9709	0.2534)
(153.7500	-1.0814	0.1629)
(155.6250	-1.0041	0.1286)
(157.5000	-0.9269	0.0962)
(159.3750	-0.8496	0.0659)
(161.2500	-0.7724	0.0378)
(163.1250	-0.6952	0.0120)
(165.0000	-0.6179	0.0010)
(166.8750	-0.5407	0.0010)
(168.7500	-0.4634	0.0010)
(170.6250	-0.3862	0.0010)
(172.5000	-0.3090	0.0010)
(174.3750	-0.2317	0.0010)
(176.2500	-0.1545	0.0010)
(178.1250	-0.0772	0.0010)
(180.0000	0.0000	0.0010)
