// Re = 4.40e6
// (alpha_deg cl cd)
(-180.0000	0.0000	0.0010)
(-178.3393	0.0853	0.0010)
(-176.6786	0.1707	0.0010)
(-175.0179	0.2560	0.0010)
(-173.3571	0.3414	0.0010)
(-171.6964	0.4267	0.0010)
(-170.0357	0.5121	0.0010)
(-168.3750	0.5974	0.0010)
(-166.7143	0.6828	0.0010)
(-165.0536	0.7681	0.0097)
(-163.3929	0.8535	0.0300)
(-161.7321	0.9388	0.0522)
(-160.0714	1.0241	0.0763)
(-158.4107	1.1095	0.1021)
(-156.7500	1.1948	0.1295)
(-151.9821	1.0483	0.2167)
(-147.2143	0.9421	0.3143)
(-142.4464	0.8567	0.4199)
(-137.6786	0.7814	0.5305)
(-132.9107	0.7097	0.6432)
(-128.1429	0.6382	0.7550)
(-123.3750	0.5646	0.8628)
(-118.6071	0.4881	0.9639)
(-113.8393	0.4086	1.0555)
(-109.0714	0.3267	1.1352)
(-104.3036	0.2433	1.2010)
(-99.5357	0.1599	1.2511)
(-94.7679	0.0782	1.2844)
(-90.0000	0.0000	1.3000)
(-85.2321	-0.0782	1.2844)
(-80.4643	-0.1599	1.2511)
(-75.6964	-0.2433	1.2010)
(-70.9286	-0.3267	1.1352)
(-66.1607	-0.4086	1.0555)
(-61.3929	-0.4881	0.9639)
(-56.6250	-0.5646	0.8628)
(-51.8571	-0.6382	0.7550)
(-47.0893	-0.7097	0.6432)
(-42.3214	-0.7814	0.5305)
(-37.5536	-0.8567	0.4199)
(-32.7857	-0.9421	0.3143)
(-28.0179	-1.0483	0.2167)
(-23.2500	-1.1948	0.1295)
(-21.9464	-1.1053	0.1207)
(-20.6429	-1.0159	0.1119)
(-19.3393	-0.9264	0.1031)
(-18.0357	-0.8369	0.0943)
(-16.7321	-0.7474	0.0855)
(-15.4286	-0.6579	0.0767)
(-14.1250	-0.5685	0.0680)
(-12.8214	-0.4790	0.0592)
(-11.5179	-0.3895	0.0504)
(-10.2143	-0.3000	0.0416)
(-8.9107	-0.2105	0.0328)
(-7.6071	-0.1211	0.0240)
(-5.0000	0.0579	0.0064)
(-4.7500	0.0864	0.0063)
(-4.5000	0.1147	0.0063)
(-4.2500	0.1430	0.0062)
(-4.0000	0.1715	0.0061)
(-3.7500	0.1997	0.0061)
(-3.5000	0.2280	0.0060)
(-3.2500	0.2563	0.0059)
(-3.0000	0.2845	0.0059)
(-2.7500	0.3128	0.0058)
(-2.5000	0.3411	0.0057)
(-2.2500	0.3692	0.0056)
(-2.0000	0.3975	0.0055)
(-1.7500	0.4258	0.0053)
(-1.5000	0.4540	0.0052)
(-1.2500	0.4824	0.0050)
(-1.0000	0.5107	0.0048)
(-0.7500	0.5388	0.0047)
(-0.5000	0.5668	0.0047)
(-0.2500	0.5948	0.0047)
(0.0000	0.6227	0.0047)
(0.2500	0.6505	0.0046)
(0.5000	0.6782	0.0047)
(0.7500	0.7059	0.0047)
(1.0000	0.7337	0.0047)
(1.2500	0.7614	0.0048)
(1.5000	0.7889	0.0048)
(1.7500	0.8163	0.0049)
(2.0000	0.8435	0.0049)
(2.2500	0.8706	0.0050)
(2.5000	0.8976	0.0051)
(2.7500	0.9246	0.0052)
(3.0000	0.9513	0.0052)
(3.2500	0.9779	0.0053)
(3.7500	1.0299	0.0056)
(4.0000	1.0555	0.0057)
(4.2500	1.0804	0.0059)
(4.5000	1.1045	0.0061)
(4.7500	1.1267	0.0064)
(5.0000	1.1468	0.0069)
(5.2500	1.1680	0.0072)
(5.5000	1.1893	0.0076)
(5.7500	1.2099	0.0080)
(6.0000	1.2300	0.0084)
(6.2500	1.2498	0.0088)
(6.5000	1.2682	0.0093)
(6.7500	1.2856	0.0098)
(7.0000	1.3040	0.0103)
(7.5000	1.3372	0.0111)
(8.2500	1.3919	0.0122)
(8.5000	1.4113	0.0125)
(8.7500	1.4308	0.0128)
(9.0000	1.4497	0.0131)
(9.2500	1.4682	0.0134)
(9.5000	1.4863	0.0138)
(9.7500	1.5038	0.0141)
(10.0000	1.5207	0.0145)
(10.2500	1.5321	0.0147)
(10.5000	1.5476	0.0153)
(10.7500	1.5622	0.0158)
(11.0000	1.5759	0.0165)
(11.2500	1.5895	0.0171)
(11.5000	1.6028	0.0178)
(11.7500	1.6160	0.0186)
(12.0000	1.6288	0.0193)
(12.2500	1.6410	0.0201)
(12.5000	1.6534	0.0210)
(12.7500	1.6647	0.0219)
(13.0000	1.6761	0.0228)
(13.2500	1.6869	0.0239)
(13.5000	1.6963	0.0250)
(13.7500	1.7068	0.0261)
(14.0000	1.7162	0.0272)
(14.2500	1.7244	0.0285)
(14.5000	1.7324	0.0299)
(14.7500	1.7409	0.0312)
(15.0000	1.7484	0.0326)
(15.2500	1.7549	0.0342)
(15.5000	1.7605	0.0359)
(15.7500	1.7660	0.0376)
(16.0000	1.7722	0.0393)
(16.2500	1.7777	0.0411)
(16.5000	1.7822	0.0430)
(16.7500	1.7860	0.0450)
(17.0000	1.7891	0.0471)
(17.2500	1.7911	0.0494)
(17.7500	1.7938	0.0541)
(18.0000	1.7958	0.0565)
(18.2500	1.7970	0.0590)
(18.5000	1.7975	0.0616)
(18.7500	1.7974	0.0643)
(19.0000	1.7964	0.0671)
(19.2500	1.7948	0.0700)
(19.5000	1.7926	0.0731)
(19.7500	1.7894	0.0763)
(20.0000	1.7857	0.0796)
(20.2500	1.7807	0.0831)
(20.5000	1.7748	0.0867)
(20.7500	1.7673	0.0906)
(21.0000	1.7617	0.0943)
(21.2500	1.7567	0.0979)
(21.5000	1.7516	0.1016)
(21.7500	1.7460	0.1054)
(22.0000	1.7401	0.1092)
(22.2500	1.7340	0.1132)
(22.5000	1.7276	0.1172)
(22.7500	1.7210	0.1212)
(23.0000	1.7142	0.1253)
(23.2500	1.7069	0.1295)
(28.0179	1.4975	0.2167)
(32.7857	1.3458	0.3143)
(37.5536	1.2239	0.4199)
(42.3214	1.1162	0.5305)
(47.0893	1.0139	0.6432)
(51.8571	0.9117	0.7550)
(56.6250	0.8066	0.8628)
(61.3929	0.6973	0.9639)
(66.1607	0.5838	1.0555)
(70.9286	0.4667	1.1352)
(75.6964	0.3476	1.2010)
(80.4643	0.2285	1.2511)
(85.2321	0.1117	1.2844)
(90.0000	0.0000	1.3000)
(94.7679	-0.0782	1.2844)
(99.5357	-0.1599	1.2511)
(104.3036	-0.2433	1.2010)
(109.0714	-0.3267	1.1352)
(113.8393	-0.4086	1.0555)
(118.6071	-0.4881	0.9639)
(123.3750	-0.5646	0.8628)
(128.1429	-0.6382	0.7550)
(132.9107	-0.7097	0.6432)
(137.6786	-0.7814	0.5305)
(142.4464	-0.8567	0.4199)
(147.2143	-0.9421	0.3143)
(151.9821	-1.0483	0.2167)
(156.7500	-1.1948	0.1295)
(158.4107	-1.1095	0.1021)
(160.0714	-1.0241	0.0763)
(161.7321	-0.9388	0.0522)
(163.3929	-0.8535	0.0300)
(165.0536	-0.7681	0.0097)
(166.7143	-0.6828	0.0010)
(168.3750	-0.5974	0.0010)
(170.0357	-0.5121	0.0010)
(171.6964	-0.4267	0.0010)
(173.3571	-0.3414	0.0010)
(175.0179	-0.2560	0.0010)
(176.6786	-0.1707	0.0010)
(178.3393	-0.0853	0.0010)
(180.0000	0.0000	0.0010)
