// Re = 3.80e6
// (alpha_deg cl cd)
(-180.0000	0.0000	0.0010)
(-178.3036	0.0855	0.0010)
(-176.6071	0.1711	0.0010)
(-174.9107	0.2566	0.0010)
(-173.2143	0.3422	0.0010)
(-171.5179	0.4277	0.0010)
(-169.8214	0.5132	0.0010)
(-168.1250	0.5988	0.0010)
(-166.4286	0.6843	0.0010)
(-164.7321	0.7699	0.0195)
(-163.0357	0.8554	0.0407)
(-161.3393	0.9409	0.0638)
(-159.6429	1.0265	0.0887)
(-157.9464	1.1120	0.1154)
(-156.2500	1.1976	0.1439)
(-151.5179	1.0528	0.2313)
(-146.7857	0.9466	0.3288)
(-142.0536	0.8604	0.4339)
(-137.3214	0.7839	0.5436)
(-132.5893	0.7112	0.6551)
(-127.8571	0.6386	0.7655)
(-123.1250	0.5642	0.8718)
(-118.3929	0.4872	0.9713)
(-113.6607	0.4074	1.0613)
(-108.9286	0.3253	1.1395)
(-104.1964	0.2421	1.2039)
(-99.4643	0.1590	1.2528)
(-94.7321	0.0776	1.2851)
(-90.0000	0.0000	1.3000)
(-85.2679	-0.0776	1.2851)
(-80.5357	-0.1590	1.2528)
(-75.8036	-0.2421	1.2039)
(-71.0714	-0.3253	1.1395)
(-66.3393	-0.4074	1.0613)
(-61.6071	-0.4872	0.9713)
(-56.8750	-0.5642	0.8718)
(-52.1429	-0.6386	0.7655)
(-47.4107	-0.7112	0.6551)
(-42.6786	-0.7839	0.5436)
(-37.9464	-0.8604	0.4339)
(-33.2143	-0.9466	0.3288)
(-28.4821	-1.0528	0.2313)
(-23.7500	-1.1976	0.1439)
(-22.4107	-1.1091	0.1341)
(-21.0714	-1.0206	0.1243)
(-19.7321	-0.9322	0.1146)
(-18.3929	-0.8437	0.1048)
(-17.0536	-0.7553	0.0950)
(-15.7143	-0.6668	0.0852)
(-14.3750	-0.5783	0.0754)
(-13.0357	-0.4899	0.0657)
(-11.6964	-0.4014	0.0559)
(-10.3571	-0.3129	0.0461)
(-9.0179	-0.2245	0.0363)
(-7.6786	-0.1360	0.0266)
(-5.0000	0.0409	0.0070)
(-4.7500	0.0700	0.0069)
(-4.5000	0.0993	0.0067)
(-4.2500	0.1284	0.0066)
(-4.0000	0.1577	0.0065)
(-3.7500	0.1869	0.0064)
(-3.5000	0.2166	0.0062)
(-3.2500	0.2459	0.0060)
(-3.0000	0.2758	0.0058)
(-2.7500	0.3054	0.0056)
(-2.5000	0.3354	0.0054)
(-2.2500	0.3649	0.0053)
(-2.0000	0.3946	0.0053)
(-1.7500	0.4239	0.0053)
(-1.5000	0.4536	0.0052)
(-1.2500	0.4828	0.0052)
(-1.0000	0.5122	0.0052)
(-0.5000	0.5707	0.0053)
(-0.2500	0.5998	0.0053)
(0.0000	0.6290	0.0053)
(0.2500	0.6581	0.0053)
(0.5000	0.6872	0.0054)
(0.7500	0.7162	0.0054)
(1.2500	0.7741	0.0055)
(1.5000	0.8028	0.0055)
(1.7500	0.8318	0.0056)
(2.0000	0.8602	0.0056)
(2.2500	0.8890	0.0057)
(2.5000	0.9174	0.0057)
(2.7500	0.9458	0.0058)
(3.0000	0.9743	0.0058)
(3.2500	1.0025	0.0059)
(3.5000	1.0309	0.0060)
(4.0000	1.0872	0.0061)
(4.2500	1.1146	0.0062)
(4.5000	1.1416	0.0063)
(4.7500	1.1685	0.0065)
(5.0000	1.1958	0.0066)
(5.2500	1.2227	0.0067)
(5.5000	1.2492	0.0068)
(5.7500	1.2754	0.0069)
(6.0000	1.3009	0.0071)
(6.2500	1.3250	0.0074)
(6.5000	1.3481	0.0076)
(6.7500	1.3696	0.0080)
(7.0000	1.3895	0.0084)
(7.2500	1.4070	0.0089)
(7.5000	1.4223	0.0095)
(7.7500	1.4361	0.0100)
(8.0000	1.4505	0.0105)
(8.2500	1.4642	0.0111)
(8.5000	1.4776	0.0117)
(8.7500	1.4885	0.0124)
(9.0000	1.4993	0.0131)
(9.2500	1.5112	0.0138)
(9.5000	1.5237	0.0144)
(9.7500	1.5362	0.0152)
(10.0000	1.5483	0.0159)
(10.2500	1.5589	0.0169)
(10.5000	1.5672	0.0179)
(10.7500	1.5745	0.0191)
(11.0000	1.5834	0.0203)
(11.2500	1.5938	0.0214)
(11.5000	1.6045	0.0225)
(11.7500	1.6149	0.0236)
(12.0000	1.6240	0.0249)
(12.2500	1.6302	0.0264)
(12.5000	1.6314	0.0283)
(12.7500	1.6355	0.0301)
(13.0000	1.6424	0.0316)
(13.2500	1.6501	0.0332)
(13.5000	1.6574	0.0348)
(13.7500	1.6656	0.0364)
(14.0000	1.6726	0.0382)
(14.2500	1.6800	0.0399)
(14.5000	1.6876	0.0416)
(14.7500	1.6901	0.0433)
(15.0000	1.6951	0.0453)
(15.2500	1.7013	0.0472)
(15.5000	1.7066	0.0492)
(15.7500	1.7110	0.0513)
(16.0000	1.7146	0.0536)
(16.2500	1.7176	0.0559)
(16.5000	1.7219	0.0581)
(16.7500	1.7255	0.0604)
(17.0000	1.7284	0.0628)
(17.2500	1.7307	0.0652)
(17.5000	1.7323	0.0678)
(17.7500	1.7328	0.0705)
(18.0000	1.7334	0.0732)
(18.2500	1.7354	0.0758)
(18.5000	1.7368	0.0785)
(18.7500	1.7376	0.0812)
(19.0000	1.7380	0.0840)
(19.2500	1.7380	0.0868)
(19.5000	1.7373	0.0898)
(19.7500	1.7361	0.0928)
(20.0000	1.7339	0.0960)
(20.2500	1.7318	0.0992)
(20.5000	1.7316	0.1022)
(20.7500	1.7312	0.1051)
(21.0000	1.7306	0.1082)
(21.2500	1.7298	0.1112)
(21.5000	1.7288	0.1143)
(21.7500	1.7278	0.1174)
(22.0000	1.7266	0.1206)
(22.2500	1.7252	0.1238)
(22.5000	1.7234	0.1270)
(22.7500	1.7213	0.1303)
(23.0000	1.7185	0.1337)
(23.2500	1.7149	0.1372)
(23.5000	1.7118	0.1407)
(23.7500	1.7108	0.1439)
(28.4821	1.5041	0.2313)
(33.2143	1.3523	0.3288)
(37.9464	1.2291	0.4339)
(42.6786	1.1199	0.5436)
(47.4107	1.0160	0.6551)
(52.1429	0.9123	0.7655)
(56.8750	0.8061	0.8718)
(61.6071	0.6960	0.9713)
(66.3393	0.5820	1.0613)
(71.0714	0.4648	1.1395)
(75.8036	0.3458	1.2039)
(80.5357	0.2271	1.2528)
(85.2679	0.1109	1.2851)
(90.0000	0.0000	1.3000)
(94.7321	-0.0776	1.2851)
(99.4643	-0.1590	1.2528)
(104.1964	-0.2421	1.2039)
(108.9286	-0.3253	1.1395)
(113.6607	-0.4074	1.0613)
(118.3929	-0.4872	0.9713)
(123.1250	-0.5642	0.8718)
(127.8571	-0.6386	0.7655)
(132.5893	-0.7112	0.6551)
(137.3214	-0.7839	0.5436)
(142.0536	-0.8604	0.4339)
(146.7857	-0.9466	0.3288)
(151.5179	-1.0528	0.2313)
(156.2500	-1.1976	0.1439)
(157.9464	-1.1120	0.1154)
(159.6429	-1.0265	0.0887)
(161.3393	-0.9409	0.0638)
(163.0357	-0.8554	0.0407)
(164.7321	-0.7699	0.0195)
(166.4286	-0.6843	0.0010)
(168.1250	-0.5988	0.0010)
(169.8214	-0.5132	0.0010)
(171.5179	-0.4277	0.0010)
(173.2143	-0.3422	0.0010)
(174.9107	-0.2566	0.0010)
(176.6071	-0.1711	0.0010)
(178.3036	-0.0855	0.0010)
(180.0000	0.0000	0.0010)
