// Re = 4.00e6
// (alpha_deg cl cd)
(-180.0000	0.0000	0.0010)
(-177.8571	0.0794	0.0010)
(-175.7143	0.1587	0.0010)
(-173.5714	0.2381	0.0010)
(-171.4286	0.3175	0.0010)
(-169.2857	0.3968	0.0010)
(-167.1429	0.4762	0.0010)
(-165.0000	0.5556	0.0220)
(-162.8571	0.6349	0.0485)
(-160.7143	0.7143	0.0782)
(-158.5714	0.7936	0.1108)
(-156.4286	0.8730	0.1461)
(-154.2857	0.9524	0.1840)
(-152.1429	1.0317	0.2242)
(-150.0000	1.1111	0.2666)
(-145.7143	1.0029	0.3568)
(-141.4286	0.9123	0.4527)
(-137.1429	0.8314	0.5520)
(-132.8571	0.7554	0.6527)
(-128.5714	0.6813	0.7526)
(-124.2857	0.6071	0.8495)
(-120.0000	0.5320	0.9413)
(-115.7143	0.4556	1.0260)
(-111.4286	0.3780	1.1019)
(-107.1429	0.2998	1.1672)
(-102.8571	0.2217	1.2206)
(-98.5714	0.1449	1.2611)
(-94.2857	0.0705	1.2877)
(-90.0000	0.0000	1.3000)
(-85.7143	-0.0705	1.2877)
(-81.4286	-0.1449	1.2611)
(-77.1429	-0.2217	1.2206)
(-72.8571	-0.2998	1.1672)
(-68.5714	-0.3780	1.1019)
(-64.2857	-0.4556	1.0260)
(-60.0000	-0.5320	0.9413)
(-55.7143	-0.6071	0.8495)
(-51.4286	-0.6813	0.7526)
(-47.1429	-0.7554	0.6527)
(-42.8571	-0.8314	0.5520)
(-38.5714	-0.9123	0.4527)
(-34.2857	-1.0029	0.3568)
(-30.0000	-1.1111	0.2666)
(-28.2143	-1.0271	0.2481)
(-26.4286	-0.9431	0.2295)
(-24.6429	-0.8590	0.2110)
(-22.8571	-0.7750	0.1924)
(-21.0714	-0.6910	0.1738)
(-19.2857	-0.6069	0.1553)
(-17.5000	-0.5229	0.1367)
(-15.7143	-0.4389	0.1182)
(-13.9286	-0.3548	0.0996)
(-12.1429	-0.2708	0.0811)
(-10.3571	-0.1868	0.0625)
(-8.5714	-0.1028	0.0439)
(-5.0000	0.0653	0.0068)
(-4.7500	0.0948	0.0067)
(-4.5000	0.1245	0.0066)
(-4.2500	0.1541	0.0065)
(-3.7500	0.2136	0.0063)
(-3.5000	0.2434	0.0062)
(-3.2500	0.2736	0.0060)
(-3.0000	0.3039	0.0058)
(-2.7500	0.3343	0.0057)
(-2.5000	0.3651	0.0055)
(-2.2500	0.3958	0.0053)
(-2.0000	0.4263	0.0052)
(-1.7500	0.4564	0.0051)
(-1.5000	0.4864	0.0051)
(-1.2500	0.5163	0.0051)
(-1.0000	0.5458	0.0051)
(-0.7500	0.5754	0.0051)
(-0.5000	0.6051	0.0051)
(-0.2500	0.6344	0.0051)
(0.0000	0.6640	0.0051)
(0.2500	0.6934	0.0052)
(0.5000	0.7228	0.0052)
(0.7500	0.7522	0.0052)
(1.2500	0.8106	0.0053)
(1.5000	0.8397	0.0053)
(1.7500	0.8687	0.0054)
(2.5000	0.9556	0.0056)
(2.7500	0.9842	0.0056)
(3.0000	1.0126	0.0057)
(3.2500	1.0407	0.0058)
(3.5000	1.0690	0.0059)
(3.7500	1.0972	0.0060)
(4.0000	1.1253	0.0061)
(4.2500	1.1531	0.0062)
(4.5000	1.1806	0.0063)
(4.7500	1.2077	0.0065)
(5.0000	1.2347	0.0066)
(5.2500	1.2608	0.0068)
(5.5000	1.2855	0.0071)
(5.7500	1.3084	0.0075)
(6.2500	1.3538	0.0082)
(6.5000	1.3752	0.0087)
(7.0000	1.4140	0.0098)
(7.2500	1.4325	0.0103)
(7.5000	1.4506	0.0109)
(7.7500	1.4691	0.0114)
(8.0000	1.4859	0.0118)
(8.2500	1.5005	0.0123)
(8.5000	1.5142	0.0129)
(8.7500	1.5266	0.0136)
(9.0000	1.5384	0.0142)
(9.2500	1.5515	0.0149)
(9.5000	1.5666	0.0154)
(9.7500	1.5818	0.0160)
(10.0000	1.5966	0.0166)
(10.2500	1.6109	0.0173)
(10.5000	1.6245	0.0181)
(10.7500	1.6356	0.0190)
(11.0000	1.6414	0.0203)
(11.2500	1.6498	0.0215)
(11.5000	1.6608	0.0226)
(11.7500	1.6722	0.0237)
(12.0000	1.6833	0.0248)
(12.2500	1.6947	0.0260)
(12.5000	1.7052	0.0272)
(12.7500	1.7149	0.0285)
(13.0000	1.7253	0.0298)
(13.2500	1.7346	0.0312)
(13.5000	1.7427	0.0327)
(13.7500	1.7481	0.0340)
(14.0000	1.7564	0.0355)
(14.2500	1.7636	0.0372)
(14.5000	1.7700	0.0390)
(14.7500	1.7752	0.0409)
(15.0000	1.7821	0.0427)
(15.2500	1.7882	0.0446)
(15.5000	1.7936	0.0467)
(15.7500	1.7981	0.0488)
(16.0000	1.8016	0.0510)
(16.2500	1.8038	0.0534)
(16.5000	1.8082	0.0556)
(16.7500	1.8116	0.0580)
(17.0000	1.8144	0.0604)
(17.2500	1.8167	0.0629)
(17.5000	1.8184	0.0654)
(17.7500	1.8190	0.0682)
(18.0000	1.8188	0.0710)
(18.5000	1.8177	0.0769)
(18.7500	1.8178	0.0797)
(19.0000	1.8174	0.0827)
(19.2500	1.8167	0.0857)
(19.5000	1.8156	0.0887)
(19.7500	1.8139	0.0919)
(20.0000	1.8116	0.0952)
(20.2500	1.8090	0.0985)
(20.5000	1.8059	0.1019)
(20.7500	1.8017	0.1055)
(21.2500	1.7939	0.1126)
(21.5000	1.7917	0.1160)
(21.7500	1.7890	0.1194)
(22.0000	1.7861	0.1229)
(22.2500	1.7829	0.1264)
(22.5000	1.7797	0.1300)
(22.7500	1.7766	0.1336)
(23.0000	1.7735	0.1371)
(23.2500	1.7698	0.1408)
(23.5000	1.7657	0.1446)
(23.7500	1.7617	0.1483)
(24.0000	1.7575	0.1522)
(24.2500	1.7523	0.1562)
(24.5000	1.7465	0.1604)
(24.7500	1.7394	0.1647)
(25.0000	1.7343	0.1688)
(25.2500	1.7304	0.1727)
(25.5000	1.7261	0.1766)
(25.7500	1.7212	0.1808)
(26.0000	1.7164	0.1849)
(26.2500	1.7111	0.1891)
(26.5000	1.7052	0.1935)
(26.7500	1.6995	0.1978)
(27.0000	1.6926	0.2024)
(27.2500	1.6860	0.2069)
(27.5000	1.6784	0.2117)
(27.7500	1.6711	0.2165)
(28.0000	1.6630	0.2215)
(28.2500	1.6551	0.2265)
(28.5000	1.6461	0.2318)
(28.7500	1.6376	0.2371)
(29.0000	1.6278	0.2427)
(29.2500	1.6187	0.2483)
(29.5000	1.6081	0.2543)
(29.7500	1.5985	0.2602)
(30.0000	1.5873	0.2666)
(34.2857	1.4327	0.3568)
(38.5714	1.3032	0.4527)
(42.8571	1.1877	0.5520)
(47.1429	1.0792	0.6527)
(51.4286	0.9733	0.7526)
(55.7143	0.8674	0.8495)
(60.0000	0.7601	0.9413)
(64.2857	0.6509	1.0260)
(68.5714	0.5400	1.1019)
(72.8571	0.4282	1.1672)
(77.1429	0.3167	1.2206)
(81.4286	0.2069	1.2611)
(85.7143	0.1007	1.2877)
(90.0000	0.0000	1.3000)
(94.2857	-0.0705	1.2877)
(98.5714	-0.1449	1.2611)
(102.8571	-0.2217	1.2206)
(107.1429	-0.2998	1.1672)
(111.4286	-0.3780	1.1019)
(115.7143	-0.4556	1.0260)
(120.0000	-0.5320	0.9413)
(124.2857	-0.6071	0.8495)
(128.5714	-0.6813	0.7526)
(132.8571	-0.7554	0.6527)
(137.1429	-0.8314	0.5520)
(141.4286	-0.9123	0.4527)
(145.7143	-1.0029	0.3568)
(150.0000	-1.1111	0.2666)
(152.1429	-1.0317	0.2242)
(154.2857	-0.9524	0.1840)
(156.4286	-0.8730	0.1461)
(158.5714	-0.7936	0.1108)
(160.7143	-0.7143	0.0782)
(162.8571	-0.6349	0.0485)
(165.0000	-0.5556	0.0220)
(167.1429	-0.4762	0.0010)
(169.2857	-0.3968	0.0010)
(171.4286	-0.3175	0.0010)
(173.5714	-0.2381	0.0010)
(175.7143	-0.1587	0.0010)
(177.8571	-0.0794	0.0010)
(180.0000	0.0000	0.0010)
