// Re = 4.20e6
// (alpha_deg cl cd)
(-180.0000	0.0000	0.0010)
(-178.3036	0.0834	0.0010)
(-176.6071	0.1668	0.0010)
(-174.9107	0.2502	0.0010)
(-173.2143	0.3336	0.0010)
(-171.5179	0.4170	0.0010)
(-169.8214	0.5004	0.0010)
(-168.1250	0.5838	0.0010)
(-166.4286	0.6672	0.0010)
(-164.7321	0.7506	0.0086)
(-163.0357	0.8340	0.0298)
(-161.3393	0.9175	0.0530)
(-159.6429	1.0009	0.0781)
(-157.9464	1.0843	0.1049)
(-156.2500	1.1677	0.1335)
(-151.5179	1.0296	0.2214)
(-146.7857	0.9282	0.3194)
(-142.0536	0.8459	0.4249)
(-137.3214	0.7725	0.5352)
(-132.5893	0.7023	0.6474)
(-127.8571	0.6318	0.7585)
(-123.1250	0.5591	0.8656)
(-118.3929	0.4835	0.9659)
(-113.6607	0.4048	1.0567)
(-108.9286	0.3237	1.1358)
(-104.1964	0.2412	1.2011)
(-99.4643	0.1586	1.2510)
(-94.7321	0.0775	1.2842)
(-90.0000	0.0000	1.3000)
(-85.2679	-0.0775	1.2842)
(-80.5357	-0.1586	1.2510)
(-75.8036	-0.2412	1.2011)
(-71.0714	-0.3237	1.1358)
(-66.3393	-0.4048	1.0567)
(-61.6071	-0.4835	0.9659)
(-56.8750	-0.5591	0.8656)
(-52.1429	-0.6318	0.7585)
(-47.4107	-0.7023	0.6474)
(-42.6786	-0.7725	0.5352)
(-37.9464	-0.8459	0.4249)
(-33.2143	-0.9282	0.3194)
(-28.4821	-1.0296	0.2214)
(-23.7500	-1.1677	0.1335)
(-22.4107	-1.0805	0.1244)
(-21.0714	-0.9933	0.1154)
(-19.7321	-0.9062	0.1063)
(-18.3929	-0.8190	0.0973)
(-17.0536	-0.7319	0.0882)
(-15.7143	-0.6447	0.0792)
(-14.3750	-0.5575	0.0701)
(-13.0357	-0.4704	0.0611)
(-11.6964	-0.3832	0.0520)
(-10.3571	-0.2960	0.0430)
(-9.0179	-0.2089	0.0339)
(-7.6786	-0.1217	0.0248)
(-5.0000	0.0526	0.0067)
(-4.7500	0.0807	0.0066)
(-4.5000	0.1089	0.0066)
(-4.2500	0.1371	0.0065)
(-4.0000	0.1651	0.0064)
(-3.5000	0.2214	0.0062)
(-3.2500	0.2495	0.0061)
(-3.0000	0.2776	0.0059)
(-2.7500	0.3055	0.0058)
(-2.5000	0.3338	0.0057)
(-2.2500	0.3618	0.0055)
(-2.0000	0.3900	0.0053)
(-1.7500	0.4181	0.0052)
(-1.5000	0.4462	0.0050)
(-1.2500	0.4744	0.0049)
(-1.0000	0.5024	0.0049)
(-0.5000	0.5586	0.0048)
(-0.2500	0.5867	0.0048)
(0.2500	0.6425	0.0049)
(0.5000	0.6705	0.0049)
(0.7500	0.6981	0.0049)
(1.0000	0.7261	0.0050)
(1.2500	0.7536	0.0050)
(1.5000	0.7812	0.0050)
(1.7500	0.8085	0.0051)
(2.0000	0.8356	0.0052)
(2.5000	0.8898	0.0053)
(2.7500	0.9171	0.0053)
(3.0000	0.9440	0.0054)
(3.2500	0.9704	0.0055)
(3.5000	0.9961	0.0056)
(4.0000	1.0479	0.0058)
(4.2500	1.0741	0.0059)
(4.5000	1.0993	0.0060)
(4.7500	1.1234	0.0062)
(5.0000	1.1469	0.0063)
(5.2500	1.1708	0.0065)
(5.7500	1.2147	0.0070)
(6.0000	1.2334	0.0074)
(6.2500	1.2502	0.0078)
(6.5000	1.2642	0.0082)
(6.7500	1.2779	0.0087)
(7.0000	1.2923	0.0091)
(7.2500	1.3064	0.0096)
(7.5000	1.3199	0.0101)
(7.7500	1.3348	0.0106)
(8.0000	1.3496	0.0111)
(8.2500	1.3644	0.0116)
(8.5000	1.3789	0.0121)
(8.7500	1.3932	0.0126)
(9.0000	1.4073	0.0131)
(9.2500	1.4221	0.0136)
(9.5000	1.4371	0.0141)
(9.7500	1.4517	0.0147)
(10.0000	1.4656	0.0153)
(10.2500	1.4787	0.0159)
(10.5000	1.4903	0.0167)
(10.7500	1.4995	0.0176)
(11.0000	1.5092	0.0185)
(11.2500	1.5208	0.0193)
(11.5000	1.5327	0.0201)
(11.7500	1.5411	0.0208)
(12.0000	1.5532	0.0217)
(12.2500	1.5652	0.0226)
(12.5000	1.5767	0.0236)
(12.7500	1.5875	0.0247)
(13.0000	1.5986	0.0257)
(13.2500	1.6086	0.0269)
(13.5000	1.6177	0.0282)
(13.7500	1.6279	0.0294)
(14.0000	1.6371	0.0307)
(14.2500	1.6452	0.0321)
(14.5000	1.6528	0.0336)
(14.7500	1.6613	0.0350)
(15.0000	1.6690	0.0365)
(15.2500	1.6759	0.0382)
(15.5000	1.6818	0.0399)
(15.7500	1.6863	0.0418)
(16.0000	1.6929	0.0436)
(16.2500	1.6987	0.0454)
(16.5000	1.7039	0.0473)
(16.7500	1.7083	0.0493)
(17.0000	1.7118	0.0515)
(17.2500	1.7145	0.0537)
(17.5000	1.7157	0.0561)
(17.7500	1.7186	0.0584)
(18.0000	1.7214	0.0607)
(18.2500	1.7236	0.0631)
(18.5000	1.7252	0.0656)
(18.7500	1.7261	0.0681)
(19.0000	1.7264	0.0708)
(19.2500	1.7261	0.0736)
(19.5000	1.7251	0.0765)
(19.7500	1.7230	0.0795)
(20.2500	1.7181	0.0857)
(20.5000	1.7167	0.0887)
(20.7500	1.7149	0.0918)
(21.0000	1.7128	0.0949)
(21.2500	1.7104	0.0981)
(21.5000	1.7074	0.1014)
(21.7500	1.7043	0.1047)
(22.0000	1.7011	0.1081)
(22.2500	1.6976	0.1115)
(22.5000	1.6938	0.1149)
(22.7500	1.6896	0.1185)
(23.0000	1.6852	0.1221)
(23.2500	1.6804	0.1257)
(23.5000	1.6745	0.1296)
(23.7500	1.6681	0.1335)
(28.4821	1.4708	0.2214)
(33.2143	1.3261	0.3194)
(37.9464	1.2084	0.4249)
(42.6786	1.1035	0.5352)
(47.4107	1.0032	0.6474)
(52.1429	0.9025	0.7585)
(56.8750	0.7987	0.8656)
(61.6071	0.6907	0.9659)
(66.3393	0.5784	1.0567)
(71.0714	0.4625	1.1358)
(75.8036	0.3445	1.2011)
(80.5357	0.2265	1.2510)
(85.2679	0.1108	1.2842)
(90.0000	0.0000	1.3000)
(94.7321	-0.0775	1.2842)
(99.4643	-0.1586	1.2510)
(104.1964	-0.2412	1.2011)
(108.9286	-0.3237	1.1358)
(113.6607	-0.4048	1.0567)
(118.3929	-0.4835	0.9659)
(123.1250	-0.5591	0.8656)
(127.8571	-0.6318	0.7585)
(132.5893	-0.7023	0.6474)
(137.3214	-0.7725	0.5352)
(142.0536	-0.8459	0.4249)
(146.7857	-0.9282	0.3194)
(151.5179	-1.0296	0.2214)
(156.2500	-1.1677	0.1335)
(157.9464	-1.0843	0.1049)
(159.6429	-1.0009	0.0781)
(161.3393	-0.9175	0.0530)
(163.0357	-0.8340	0.0298)
(164.7321	-0.7506	0.0086)
(166.4286	-0.6672	0.0010)
(168.1250	-0.5838	0.0010)
(169.8214	-0.5004	0.0010)
(171.5179	-0.4170	0.0010)
(173.2143	-0.3336	0.0010)
(174.9107	-0.2502	0.0010)
(176.6071	-0.1668	0.0010)
(178.3036	-0.0834	0.0010)
(180.0000	0.0000	0.0010)
