// Re = 3.60e6
// (alpha_deg cl cd)
(-180.0000	0.0000	0.0010)
(-178.2500	0.0865	0.0010)
(-176.5000	0.1729	0.0010)
(-174.7500	0.2594	0.0010)
(-173.0000	0.3459	0.0010)
(-171.2500	0.4323	0.0010)
(-169.5000	0.5188	0.0010)
(-167.7500	0.6053	0.0010)
(-166.0000	0.6917	0.0056)
(-164.2500	0.7782	0.0259)
(-162.5000	0.8647	0.0483)
(-160.7500	0.9511	0.0727)
(-159.0000	1.0376	0.0991)
(-157.2500	1.1240	0.1274)
(-155.5000	1.2105	0.1575)
(-150.8214	1.0664	0.2456)
(-146.1429	0.9586	0.3432)
(-141.4643	0.8700	0.4477)
(-136.7857	0.7910	0.5566)
(-132.1071	0.7159	0.6668)
(-127.4286	0.6412	0.7756)
(-122.7500	0.5651	0.8803)
(-118.0714	0.4868	0.9779)
(-113.3929	0.4062	1.0662)
(-108.7143	0.3237	1.1429)
(-104.0357	0.2404	1.2059)
(-99.3571	0.1576	1.2538)
(-94.6786	0.0769	1.2854)
(-90.0000	0.0000	1.3000)
(-85.3214	-0.0769	1.2854)
(-80.6429	-0.1576	1.2538)
(-75.9643	-0.2404	1.2059)
(-71.2857	-0.3237	1.1429)
(-66.6071	-0.4062	1.0662)
(-61.9286	-0.4868	0.9779)
(-57.2500	-0.5651	0.8803)
(-52.5714	-0.6412	0.7756)
(-47.8929	-0.7159	0.6668)
(-43.2143	-0.7910	0.5566)
(-38.5357	-0.8700	0.4477)
(-33.8571	-0.9586	0.3432)
(-29.1786	-1.0664	0.2456)
(-24.5000	-1.2105	0.1575)
(-23.1071	-1.1214	0.1467)
(-21.7143	-1.0324	0.1360)
(-20.3214	-0.9433	0.1252)
(-18.9286	-0.8542	0.1145)
(-17.5357	-0.7651	0.1037)
(-16.1429	-0.6761	0.0930)
(-14.7500	-0.5870	0.0823)
(-13.3571	-0.4979	0.0715)
(-11.9643	-0.4089	0.0608)
(-10.5714	-0.3198	0.0500)
(-9.1786	-0.2307	0.0393)
(-7.7857	-0.1416	0.0285)
(-5.0000	0.0365	0.0071)
(-4.7500	0.0663	0.0069)
(-4.5000	0.0967	0.0067)
(-4.2500	0.1270	0.0065)
(-4.0000	0.1576	0.0063)
(-3.7500	0.1880	0.0061)
(-3.5000	0.2189	0.0060)
(-3.2500	0.2499	0.0057)
(-3.0000	0.2806	0.0056)
(-2.7500	0.3111	0.0056)
(-2.5000	0.3413	0.0056)
(-2.2500	0.3717	0.0055)
(-2.0000	0.4017	0.0055)
(-1.7500	0.4320	0.0055)
(-1.5000	0.4621	0.0055)
(-1.2500	0.4922	0.0055)
(-1.0000	0.5222	0.0056)
(-0.7500	0.5520	0.0056)
(-0.5000	0.5822	0.0056)
(-0.2500	0.6120	0.0056)
(0.0000	0.6419	0.0056)
(0.2500	0.6718	0.0057)
(0.5000	0.7013	0.0057)
(0.7500	0.7313	0.0057)
(1.0000	0.7608	0.0058)
(1.2500	0.7906	0.0058)
(1.5000	0.8201	0.0059)
(1.7500	0.8496	0.0059)
(2.0000	0.8792	0.0060)
(2.2500	0.9084	0.0060)
(2.5000	0.9379	0.0061)
(2.7500	0.9670	0.0061)
(3.0000	0.9963	0.0062)
(3.2500	1.0255	0.0062)
(3.5000	1.0543	0.0063)
(3.7500	1.0835	0.0064)
(4.0000	1.1120	0.0065)
(4.2500	1.1407	0.0065)
(4.5000	1.1691	0.0066)
(5.0000	1.2250	0.0068)
(5.2500	1.2529	0.0069)
(5.5000	1.2811	0.0070)
(5.7500	1.3088	0.0072)
(6.2500	1.3637	0.0074)
(6.5000	1.3907	0.0075)
(6.7500	1.4171	0.0077)
(7.0000	1.4421	0.0079)
(7.2500	1.4662	0.0082)
(7.5000	1.4884	0.0085)
(8.0000	1.5246	0.0095)
(8.2500	1.5386	0.0100)
(8.5000	1.5534	0.0106)
(8.7500	1.5662	0.0112)
(9.0000	1.5772	0.0119)
(9.2500	1.5868	0.0126)
(9.5000	1.5963	0.0134)
(9.7500	1.6053	0.0143)
(10.0000	1.6137	0.0153)
(10.2500	1.6218	0.0163)
(10.5000	1.6306	0.0174)
(10.7500	1.6402	0.0185)
(11.0000	1.6498	0.0196)
(11.2500	1.6586	0.0208)
(11.5000	1.6665	0.0222)
(11.7500	1.6734	0.0236)
(12.0000	1.6786	0.0252)
(12.2500	1.6829	0.0269)
(12.7500	1.6891	0.0306)
(13.0000	1.6922	0.0325)
(13.5000	1.6975	0.0366)
(13.7500	1.6998	0.0388)
(14.0000	1.7013	0.0411)
(14.2500	1.7021	0.0435)
(14.5000	1.7012	0.0461)
(14.7500	1.7000	0.0487)
(15.0000	1.7002	0.0513)
(15.2500	1.7016	0.0538)
(15.5000	1.7038	0.0563)
(15.7500	1.7067	0.0587)
(16.0000	1.7094	0.0611)
(16.2500	1.7123	0.0635)
(16.5000	1.7143	0.0661)
(16.7500	1.7178	0.0686)
(17.0000	1.7178	0.0708)
(17.2500	1.7190	0.0735)
(17.5000	1.7202	0.0761)
(17.7500	1.7222	0.0788)
(18.0000	1.7234	0.0815)
(18.2500	1.7240	0.0843)
(18.5000	1.7239	0.0871)
(18.7500	1.7243	0.0900)
(19.0000	1.7256	0.0927)
(19.2500	1.7266	0.0955)
(19.5000	1.7272	0.0983)
(19.7500	1.7276	0.1012)
(20.0000	1.7275	0.1042)
(20.2500	1.7267	0.1072)
(20.5000	1.7261	0.1102)
(20.7500	1.7272	0.1131)
(21.0000	1.7280	0.1159)
(21.2500	1.7288	0.1188)
(21.5000	1.7295	0.1216)
(21.7500	1.7301	0.1245)
(22.0000	1.7303	0.1275)
(22.2500	1.7300	0.1305)
(22.5000	1.7289	0.1336)
(22.7500	1.7274	0.1368)
(23.0000	1.7284	0.1397)
(23.2500	1.7291	0.1426)
(23.5000	1.7296	0.1455)
(23.7500	1.7297	0.1484)
(24.0000	1.7298	0.1514)
(24.2500	1.7297	0.1544)
(24.5000	1.7293	0.1575)
(29.1786	1.5234	0.2456)
(33.8571	1.3694	0.3432)
(38.5357	1.2428	0.4477)
(43.2143	1.1300	0.5566)
(47.8929	1.0226	0.6668)
(52.5714	0.9160	0.7756)
(57.2500	0.8073	0.8803)
(61.9286	0.6955	0.9779)
(66.6071	0.5803	1.0662)
(71.2857	0.4625	1.1429)
(75.9643	0.3435	1.2059)
(80.6429	0.2252	1.2538)
(85.3214	0.1098	1.2854)
(90.0000	0.0000	1.3000)
(94.6786	-0.0769	1.2854)
(99.3571	-0.1576	1.2538)
(104.0357	-0.2404	1.2059)
(108.7143	-0.3237	1.1429)
(113.3929	-0.4062	1.0662)
(118.0714	-0.4868	0.9779)
(122.7500	-0.5651	0.8803)
(127.4286	-0.6412	0.7756)
(132.1071	-0.7159	0.6668)
(136.7857	-0.7910	0.5566)
(141.4643	-0.8700	0.4477)
(146.1429	-0.9586	0.3432)
(150.8214	-1.0664	0.2456)
(155.5000	-1.2105	0.1575)
(157.2500	-1.1240	0.1274)
(159.0000	-1.0376	0.0991)
(160.7500	-0.9511	0.0727)
(162.5000	-0.8647	0.0483)
(164.2500	-0.7782	0.0259)
(166.0000	-0.6917	0.0056)
(167.7500	-0.6053	0.0010)
(169.5000	-0.5188	0.0010)
(171.2500	-0.4323	0.0010)
(173.0000	-0.3459	0.0010)
(174.7500	-0.2594	0.0010)
(176.5000	-0.1729	0.0010)
(178.2500	-0.0865	0.0010)
(180.0000	0.0000	0.0010)
