// Re = 4.30e6
// (alpha_deg cl cd)
(-180.0000	0.0000	0.0010)
(-178.3214	0.0851	0.0010)
(-176.6429	0.1703	0.0010)
(-174.9643	0.2554	0.0010)
(-173.2857	0.3406	0.0010)
(-171.6071	0.4257	0.0010)
(-169.9286	0.5109	0.0010)
(-168.2500	0.5960	0.0010)
(-166.5714	0.6812	0.0034)
(-164.8929	0.7663	0.0221)
(-163.2143	0.8515	0.0428)
(-161.5357	0.9366	0.0654)
(-159.8571	1.0217	0.0898)
(-158.1786	1.1069	0.1160)
(-156.5000	1.1920	0.1438)
(-151.7500	1.0473	0.2309)
(-147.0000	0.9418	0.3281)
(-142.2500	0.8565	0.4331)
(-137.5000	0.7811	0.5428)
(-132.7500	0.7092	0.6545)
(-128.0000	0.6375	0.7650)
(-123.2500	0.5637	0.8716)
(-118.5000	0.4871	0.9713)
(-113.7500	0.4077	1.0615)
(-109.0000	0.3258	1.1399)
(-104.2500	0.2426	1.2044)
(-99.5000	0.1594	1.2533)
(-94.7500	0.0779	1.2854)
(-90.0000	0.0000	1.3000)
(-85.2500	-0.0779	1.2854)
(-80.5000	-0.1594	1.2533)
(-75.7500	-0.2426	1.2044)
(-71.0000	-0.3258	1.1399)
(-66.2500	-0.4077	1.0615)
(-61.5000	-0.4871	0.9713)
(-56.7500	-0.5637	0.8716)
(-52.0000	-0.6375	0.7650)
(-47.2500	-0.7092	0.6545)
(-42.5000	-0.7811	0.5428)
(-37.7500	-0.8565	0.4331)
(-33.0000	-0.9418	0.3281)
(-28.2500	-1.0473	0.2309)
(-23.5000	-1.1920	0.1438)
(-22.1786	-1.1016	0.1340)
(-20.8571	-1.0112	0.1242)
(-19.5357	-0.9207	0.1144)
(-18.2143	-0.8303	0.1045)
(-16.8929	-0.7399	0.0947)
(-15.5714	-0.6494	0.0849)
(-14.2500	-0.5590	0.0751)
(-12.9286	-0.4686	0.0652)
(-11.6071	-0.3782	0.0554)
(-10.2857	-0.2877	0.0456)
(-8.9643	-0.1973	0.0358)
(-7.6429	-0.1069	0.0259)
(-5.0000	0.0740	0.0063)
(-4.7500	0.1024	0.0062)
(-4.5000	0.1309	0.0062)
(-4.2500	0.1593	0.0061)
(-4.0000	0.1878	0.0060)
(-3.7500	0.2163	0.0060)
(-3.5000	0.2446	0.0059)
(-3.2500	0.2732	0.0059)
(-3.0000	0.3016	0.0058)
(-2.7500	0.3299	0.0058)
(-2.5000	0.3585	0.0057)
(-2.2500	0.3870	0.0056)
(-2.0000	0.4156	0.0055)
(-1.7500	0.4444	0.0053)
(-1.5000	0.4732	0.0051)
(-1.2500	0.5022	0.0049)
(-1.0000	0.5312	0.0047)
(-0.7500	0.5598	0.0047)
(-0.5000	0.5882	0.0046)
(-0.2500	0.6167	0.0046)
(0.0000	0.6449	0.0046)
(0.2500	0.6731	0.0046)
(0.5000	0.7013	0.0046)
(1.2500	0.7845	0.0047)
(1.5000	0.8122	0.0048)
(1.7500	0.8400	0.0048)
(2.0000	0.8675	0.0049)
(2.2500	0.8947	0.0050)
(2.5000	0.9218	0.0051)
(2.7500	0.9485	0.0052)
(3.0000	0.9750	0.0053)
(3.2500	1.0015	0.0054)
(3.5000	1.0277	0.0056)
(3.7500	1.0537	0.0057)
(4.0000	1.0791	0.0059)
(4.2500	1.1036	0.0061)
(4.5000	1.1265	0.0065)
(4.7500	1.1471	0.0069)
(5.0000	1.1676	0.0074)
(5.2500	1.1891	0.0078)
(5.5000	1.2106	0.0083)
(5.7500	1.2313	0.0087)
(6.0000	1.2515	0.0092)
(6.2500	1.2717	0.0097)
(6.5000	1.2918	0.0101)
(6.7500	1.3100	0.0107)
(7.0000	1.3304	0.0111)
(7.2500	1.3524	0.0114)
(7.5000	1.3747	0.0117)
(7.7500	1.3968	0.0119)
(8.0000	1.4173	0.0121)
(8.2500	1.4375	0.0124)
(8.5000	1.4576	0.0127)
(8.7500	1.4776	0.0130)
(9.0000	1.4971	0.0133)
(9.2500	1.5162	0.0136)
(9.5000	1.5344	0.0139)
(9.7500	1.5513	0.0143)
(10.0000	1.5624	0.0146)
(10.2500	1.5777	0.0151)
(10.5000	1.5922	0.0156)
(10.7500	1.6064	0.0162)
(11.0000	1.6205	0.0168)
(11.2500	1.6345	0.0174)
(11.5000	1.6476	0.0181)
(11.7500	1.6614	0.0188)
(12.0000	1.6740	0.0196)
(12.2500	1.6862	0.0204)
(12.5000	1.6989	0.0212)
(12.7500	1.7105	0.0221)
(13.0000	1.7212	0.0231)
(13.2500	1.7304	0.0243)
(13.5000	1.7414	0.0253)
(13.7500	1.7515	0.0264)
(14.0000	1.7609	0.0276)
(14.2500	1.7694	0.0289)
(14.5000	1.7771	0.0302)
(14.7500	1.7839	0.0317)
(15.0000	1.7892	0.0333)
(15.2500	1.7945	0.0350)
(15.5000	1.8011	0.0366)
(15.7500	1.8071	0.0383)
(16.0000	1.8125	0.0401)
(16.2500	1.8172	0.0420)
(16.5000	1.8212	0.0440)
(16.7500	1.8248	0.0461)
(17.0000	1.8277	0.0483)
(17.2500	1.8298	0.0506)
(17.5000	1.8312	0.0531)
(17.7500	1.8316	0.0556)
(18.0000	1.8308	0.0584)
(18.2500	1.8282	0.0614)
(18.5000	1.8237	0.0647)
(18.7500	1.8220	0.0677)
(19.0000	1.8207	0.0707)
(19.2500	1.8183	0.0738)
(19.5000	1.8154	0.0771)
(19.7500	1.8117	0.0805)
(20.0000	1.8074	0.0840)
(20.2500	1.8023	0.0877)
(20.5000	1.7969	0.0915)
(20.7500	1.7906	0.0954)
(21.0000	1.7842	0.0993)
(21.2500	1.7774	0.1034)
(21.5000	1.7700	0.1076)
(21.7500	1.7627	0.1118)
(22.0000	1.7550	0.1161)
(22.2500	1.7469	0.1205)
(22.5000	1.7388	0.1250)
(22.7500	1.7305	0.1295)
(23.0000	1.7216	0.1342)
(23.2500	1.7124	0.1390)
(23.5000	1.7029	0.1438)
(28.2500	1.4962	0.2309)
(33.0000	1.3454	0.3281)
(37.7500	1.2236	0.4331)
(42.5000	1.1158	0.5428)
(47.2500	1.0132	0.6545)
(52.0000	0.9106	0.7650)
(56.7500	0.8053	0.8716)
(61.5000	0.6959	0.9713)
(66.2500	0.5824	1.0615)
(71.0000	0.4654	1.1399)
(75.7500	0.3465	1.2044)
(80.5000	0.2277	1.2533)
(85.2500	0.1113	1.2854)
(90.0000	0.0000	1.3000)
(94.7500	-0.0779	1.2854)
(99.5000	-0.1594	1.2533)
(104.2500	-0.2426	1.2044)
(109.0000	-0.3258	1.1399)
(113.7500	-0.4077	1.0615)
(118.5000	-0.4871	0.9713)
(123.2500	-0.5637	0.8716)
(128.0000	-0.6375	0.7650)
(132.7500	-0.7092	0.6545)
(137.5000	-0.7811	0.5428)
(142.2500	-0.8565	0.4331)
(147.0000	-0.9418	0.3281)
(151.7500	-1.0473	0.2309)
(156.5000	-1.1920	0.1438)
(158.1786	-1.1069	0.1160)
(159.8571	-1.0217	0.0898)
(161.5357	-0.9366	0.0654)
(163.2143	-0.8515	0.0428)
(164.8929	-0.7663	0.0221)
(166.5714	-0.6812	0.0034)
(168.2500	-0.5960	0.0010)
(169.9286	-0.5109	0.0010)
(171.6071	-0.4257	0.0010)
(173.2857	-0.3406	0.0010)
(174.9643	-0.2554	0.0010)
(176.6429	-0.1703	0.0010)
(178.3214	-0.0851	0.0010)
(180.0000	0.0000	0.0010)
