// Re = 3.90e6
// (alpha_deg cl cd)
(-180.0000	0.0000	0.0010)
(-178.2143	0.0819	0.0010)
(-176.4286	0.1638	0.0010)
(-174.6429	0.2457	0.0010)
(-172.8571	0.3276	0.0010)
(-171.0714	0.4095	0.0010)
(-169.2857	0.4914	0.0010)
(-167.5000	0.5733	0.0010)
(-165.7143	0.6552	0.0010)
(-163.9286	0.7371	0.0176)
(-162.1429	0.8190	0.0410)
(-160.3571	0.9010	0.0665)
(-158.5714	0.9829	0.0940)
(-156.7857	1.0648	0.1235)
(-155.0000	1.1467	0.1548)
(-150.3571	1.0183	0.2438)
(-145.7143	0.9212	0.3420)
(-141.0714	0.8403	0.4468)
(-136.4286	0.7672	0.5557)
(-131.7857	0.6967	0.6659)
(-127.1429	0.6258	0.7745)
(-122.5000	0.5529	0.8788)
(-117.8571	0.4774	0.9763)
(-113.2143	0.3991	1.0644)
(-108.5714	0.3187	1.1409)
(-103.9286	0.2371	1.2041)
(-99.2857	0.1557	1.2524)
(-94.6429	0.0761	1.2846)
(-90.0000	0.0000	1.3000)
(-85.3571	-0.0761	1.2846)
(-80.7143	-0.1557	1.2524)
(-76.0714	-0.2371	1.2041)
(-71.4286	-0.3187	1.1409)
(-66.7857	-0.3991	1.0644)
(-62.1429	-0.4774	0.9763)
(-57.5000	-0.5529	0.8788)
(-52.8571	-0.6258	0.7745)
(-48.2143	-0.6967	0.6659)
(-43.5714	-0.7672	0.5557)
(-38.9286	-0.8403	0.4468)
(-34.2857	-0.9212	0.3420)
(-29.6429	-1.0183	0.2438)
(-25.0000	-1.1467	0.1548)
(-23.5714	-1.0619	0.1442)
(-22.1429	-0.9772	0.1337)
(-20.7143	-0.8925	0.1231)
(-19.2857	-0.8077	0.1125)
(-17.8571	-0.7230	0.1020)
(-16.4286	-0.6383	0.0914)
(-15.0000	-0.5535	0.0809)
(-13.5714	-0.4688	0.0703)
(-12.1429	-0.3841	0.0597)
(-10.7143	-0.2993	0.0492)
(-9.2857	-0.2146	0.0386)
(-7.8571	-0.1299	0.0280)
(-5.0000	0.0396	0.0069)
(-4.7500	0.0683	0.0068)
(-4.5000	0.0966	0.0067)
(-4.2500	0.1254	0.0066)
(-4.0000	0.1538	0.0065)
(-3.7500	0.1826	0.0064)
(-3.5000	0.2110	0.0062)
(-3.2500	0.2397	0.0060)
(-3.0000	0.2682	0.0059)
(-2.7500	0.2970	0.0057)
(-2.5000	0.3256	0.0055)
(-2.2500	0.3545	0.0053)
(-2.0000	0.3831	0.0052)
(-1.7500	0.4119	0.0052)
(-1.5000	0.4405	0.0052)
(-1.2500	0.4692	0.0051)
(-1.0000	0.4977	0.0051)
(-0.7500	0.5263	0.0051)
(-0.5000	0.5547	0.0052)
(-0.2500	0.5832	0.0052)
(0.0000	0.6115	0.0052)
(0.2500	0.6398	0.0052)
(0.5000	0.6681	0.0052)
(0.7500	0.6963	0.0053)
(1.0000	0.7245	0.0053)
(1.2500	0.7526	0.0053)
(1.7500	0.8086	0.0054)
(2.2500	0.8642	0.0055)
(2.7500	0.9195	0.0056)
(3.0000	0.9472	0.0056)
(3.5000	1.0017	0.0058)
(3.7500	1.0286	0.0059)
(4.0000	1.0550	0.0059)
(4.2500	1.0811	0.0060)
(4.5000	1.1067	0.0062)
(4.7500	1.1322	0.0063)
(5.0000	1.1575	0.0064)
(5.5000	1.2077	0.0067)
(5.7500	1.2322	0.0068)
(6.0000	1.2558	0.0070)
(6.2500	1.2787	0.0072)
(6.5000	1.2988	0.0075)
(6.7500	1.3151	0.0079)
(7.0000	1.3294	0.0082)
(7.2500	1.3435	0.0087)
(7.5000	1.3562	0.0092)
(7.7500	1.3681	0.0098)
(8.0000	1.3806	0.0103)
(8.2500	1.3929	0.0109)
(8.5000	1.4043	0.0115)
(8.7500	1.4163	0.0121)
(9.0000	1.4288	0.0127)
(9.5000	1.4517	0.0141)
(9.7500	1.4636	0.0148)
(10.0000	1.4750	0.0155)
(10.2500	1.4846	0.0164)
(10.5000	1.4915	0.0175)
(10.7500	1.5002	0.0185)
(11.0000	1.5114	0.0194)
(11.2500	1.5231	0.0203)
(11.5000	1.5350	0.0213)
(11.7500	1.5463	0.0222)
(12.0000	1.5566	0.0233)
(12.2500	1.5649	0.0245)
(12.5000	1.5683	0.0261)
(12.7500	1.5714	0.0278)
(13.0000	1.5780	0.0292)
(13.2500	1.5852	0.0307)
(13.5000	1.5917	0.0320)
(14.0000	1.6058	0.0348)
(14.2500	1.6130	0.0365)
(14.5000	1.6203	0.0381)
(14.7500	1.6276	0.0398)
(15.0000	1.6338	0.0415)
(15.2500	1.6391	0.0434)
(15.5000	1.6458	0.0452)
(15.7500	1.6515	0.0471)
(16.0000	1.6563	0.0491)
(16.2500	1.6603	0.0513)
(16.5000	1.6636	0.0535)
(16.7500	1.6683	0.0556)
(17.0000	1.6724	0.0577)
(17.2500	1.6757	0.0600)
(17.5000	1.6784	0.0624)
(17.7500	1.6803	0.0648)
(18.0000	1.6810	0.0674)
(18.2500	1.6822	0.0700)
(18.5000	1.6844	0.0725)
(18.7500	1.6859	0.0751)
(19.0000	1.6868	0.0777)
(19.2500	1.6874	0.0805)
(19.5000	1.6874	0.0833)
(19.7500	1.6869	0.0862)
(20.0000	1.6859	0.0891)
(20.2500	1.6842	0.0922)
(20.5000	1.6814	0.0954)
(20.7500	1.6796	0.0985)
(21.0000	1.6790	0.1015)
(21.2500	1.6781	0.1046)
(21.5000	1.6769	0.1076)
(21.7500	1.6756	0.1107)
(22.0000	1.6741	0.1139)
(22.2500	1.6725	0.1170)
(22.5000	1.6706	0.1202)
(22.7500	1.6685	0.1235)
(23.0000	1.6663	0.1268)
(23.2500	1.6638	0.1301)
(23.5000	1.6610	0.1335)
(23.7500	1.6577	0.1369)
(24.0000	1.6540	0.1404)
(24.2500	1.6492	0.1442)
(24.7500	1.6407	0.1514)
(25.0000	1.6381	0.1548)
(29.6429	1.4548	0.2438)
(34.2857	1.3160	0.3420)
(38.9286	1.2005	0.4468)
(43.5714	1.0960	0.5557)
(48.2143	0.9952	0.6659)
(52.8571	0.8940	0.7745)
(57.5000	0.7899	0.8788)
(62.1429	0.6819	0.9763)
(66.7857	0.5701	1.0644)
(71.4286	0.4552	1.1409)
(76.0714	0.3387	1.2041)
(80.7143	0.2225	1.2524)
(85.3571	0.1087	1.2846)
(90.0000	0.0000	1.3000)
(94.6429	-0.0761	1.2846)
(99.2857	-0.1557	1.2524)
(103.9286	-0.2371	1.2041)
(108.5714	-0.3187	1.1409)
(113.2143	-0.3991	1.0644)
(117.8571	-0.4774	0.9763)
(122.5000	-0.5529	0.8788)
(127.1429	-0.6258	0.7745)
(131.7857	-0.6967	0.6659)
(136.4286	-0.7672	0.5557)
(141.0714	-0.8403	0.4468)
(145.7143	-0.9212	0.3420)
(150.3571	-1.0183	0.2438)
(155.0000	-1.1467	0.1548)
(156.7857	-1.0648	0.1235)
(158.5714	-0.9829	0.0940)
(160.3571	-0.9010	0.0665)
(162.1429	-0.8190	0.0410)
(163.9286	-0.7371	0.0176)
(165.7143	-0.6552	0.0010)
(167.5000	-0.5733	0.0010)
(169.2857	-0.4914	0.0010)
(171.0714	-0.4095	0.0010)
(172.8571	-0.3276	0.0010)
(174.6429	-0.2457	0.0010)
(176.4286	-0.1638	0.0010)
(178.2143	-0.0819	0.0010)
(180.0000	0.0000	0.0010)
