// Re = 3.20e6
// (alpha_deg cl cd)
(-180.0000	0.0000	0.0010)
(-178.1607	0.0764	0.0010)
(-176.3214	0.1529	0.0010)
(-174.4821	0.2293	0.0010)
(-172.6429	0.3057	0.0010)
(-170.8036	0.3821	0.0010)
(-168.9643	0.4586	0.0010)
(-167.1250	0.5350	0.0010)
(-165.2857	0.6114	0.0010)
(-163.4464	0.6878	0.0127)
(-161.6071	0.7642	0.0376)
(-159.7679	0.8407	0.0646)
(-157.9286	0.9171	0.0939)
(-156.0893	0.9935	0.1251)
(-154.2500	1.0699	0.1582)
(-149.6607	0.9604	0.2481)
(-145.0714	0.8760	0.3468)
(-140.4821	0.8042	0.4517)
(-135.8929	0.7380	0.5602)
(-131.3036	0.6729	0.6697)
(-126.7143	0.6065	0.7775)
(-122.1250	0.5375	0.8809)
(-117.5357	0.4652	0.9774)
(-112.9464	0.3898	1.0647)
(-108.3571	0.3120	1.1406)
(-103.7679	0.2326	1.2033)
(-99.1786	0.1532	1.2515)
(-94.5893	0.0750	1.2839)
(-90.0000	0.0000	1.3000)
(-85.4107	-0.0750	1.2839)
(-80.8214	-0.1532	1.2515)
(-76.2321	-0.2326	1.2033)
(-71.6429	-0.3120	1.1406)
(-67.0536	-0.3898	1.0647)
(-62.4643	-0.4652	0.9774)
(-57.8750	-0.5375	0.8809)
(-53.2857	-0.6065	0.7775)
(-48.6964	-0.6729	0.6697)
(-44.1071	-0.7380	0.5602)
(-39.5179	-0.8042	0.4517)
(-34.9286	-0.8760	0.3468)
(-30.3393	-0.9604	0.2481)
(-25.7500	-1.0699	0.1582)
(-24.2679	-0.9959	0.1473)
(-22.7857	-0.9218	0.1365)
(-21.3036	-0.8477	0.1257)
(-19.8214	-0.7737	0.1148)
(-18.3393	-0.6996	0.1040)
(-16.8571	-0.6255	0.0932)
(-15.3750	-0.5515	0.0823)
(-13.8929	-0.4774	0.0715)
(-12.4107	-0.4033	0.0607)
(-10.9286	-0.3293	0.0498)
(-9.4464	-0.2552	0.0390)
(-7.9643	-0.1811	0.0282)
(-5.0000	-0.0330	0.0065)
(-4.7500	-0.0044	0.0064)
(-4.5000	0.0239	0.0063)
(-4.2500	0.0529	0.0062)
(-4.0000	0.0814	0.0062)
(-3.7500	0.1104	0.0061)
(-3.5000	0.1391	0.0061)
(-3.2500	0.1678	0.0061)
(-3.0000	0.1967	0.0061)
(-2.7500	0.2251	0.0061)
(-2.5000	0.2541	0.0061)
(-2.2500	0.2827	0.0061)
(-2.0000	0.3112	0.0061)
(-1.7500	0.3400	0.0061)
(-1.5000	0.3682	0.0061)
(-1.2500	0.3969	0.0061)
(-1.0000	0.4254	0.0061)
(-0.5000	0.4820	0.0062)
(-0.2500	0.5102	0.0062)
(0.0000	0.5380	0.0062)
(0.2500	0.5665	0.0063)
(0.5000	0.5943	0.0063)
(0.7500	0.6220	0.0063)
(1.0000	0.6502	0.0064)
(1.2500	0.6778	0.0064)
(1.5000	0.7052	0.0065)
(1.7500	0.7331	0.0065)
(2.0000	0.7603	0.0065)
(2.2500	0.7873	0.0066)
(2.5000	0.8150	0.0066)
(2.7500	0.8418	0.0067)
(3.0000	0.8678	0.0067)
(3.2500	0.8943	0.0068)
(3.5000	0.9194	0.0068)
(3.7500	0.9437	0.0069)
(4.0000	0.9697	0.0069)
(4.2500	0.9947	0.0070)
(4.7500	1.0461	0.0071)
(5.0000	1.0714	0.0072)
(5.2500	1.0970	0.0073)
(5.5000	1.1227	0.0074)
(5.7500	1.1472	0.0075)
(6.0000	1.1731	0.0076)
(6.2500	1.1978	0.0077)
(6.5000	1.2227	0.0078)
(7.0000	1.2713	0.0081)
(7.2500	1.2946	0.0083)
(7.5000	1.3183	0.0084)
(7.7500	1.3408	0.0086)
(8.0000	1.3627	0.0088)
(8.2500	1.3856	0.0090)
(8.5000	1.4073	0.0092)
(9.0000	1.4503	0.0097)
(9.2500	1.4706	0.0099)
(9.5000	1.4898	0.0103)
(9.7500	1.5080	0.0106)
(10.2500	1.5407	0.0116)
(10.5000	1.5537	0.0122)
(10.7500	1.5643	0.0130)
(11.0000	1.5715	0.0140)
(11.2500	1.5772	0.0151)
(11.5000	1.5816	0.0163)
(11.7500	1.5842	0.0176)
(12.0000	1.5870	0.0190)
(12.2500	1.5896	0.0205)
(12.5000	1.5915	0.0221)
(12.7500	1.5924	0.0238)
(13.0000	1.5931	0.0255)
(13.2500	1.5926	0.0274)
(13.5000	1.5917	0.0294)
(13.7500	1.5896	0.0315)
(14.2500	1.5836	0.0361)
(14.7500	1.5762	0.0409)
(15.2500	1.5705	0.0459)
(15.5000	1.5683	0.0483)
(15.7500	1.5669	0.0508)
(16.0000	1.5656	0.0532)
(16.2500	1.5637	0.0558)
(16.5000	1.5627	0.0582)
(16.7500	1.5618	0.0607)
(17.0000	1.5609	0.0633)
(17.2500	1.5602	0.0658)
(17.5000	1.5591	0.0684)
(17.7500	1.5568	0.0711)
(18.0000	1.5543	0.0739)
(18.2500	1.5508	0.0768)
(18.5000	1.5467	0.0798)
(18.7500	1.5425	0.0829)
(19.0000	1.5390	0.0859)
(19.2500	1.5363	0.0888)
(19.7500	1.5307	0.0941)
(20.2500	1.5286	0.0996)
(20.5000	1.5276	0.1024)
(20.7500	1.5265	0.1052)
(21.0000	1.5249	0.1081)
(21.2500	1.5222	0.1111)
(21.5000	1.5186	0.1142)
(21.7500	1.5144	0.1174)
(22.2500	1.5095	0.1234)
(22.5000	1.5093	0.1261)
(22.7500	1.5101	0.1287)
(23.0000	1.5110	0.1313)
(23.2500	1.5130	0.1337)
(23.7500	1.5165	0.1386)
(24.0000	1.5182	0.1411)
(24.2500	1.5193	0.1436)
(24.5000	1.5214	0.1459)
(24.7500	1.5237	0.1483)
(25.0000	1.5252	0.1507)
(25.2500	1.5261	0.1532)
(25.7500	1.5285	0.1582)
(30.3393	1.3720	0.2481)
(34.9286	1.2514	0.3468)
(39.5179	1.1489	0.4517)
(44.1071	1.0542	0.5602)
(48.6964	0.9613	0.6697)
(53.2857	0.8665	0.7775)
(57.8750	0.7678	0.8809)
(62.4643	0.6645	0.9774)
(67.0536	0.5569	1.0647)
(71.6429	0.4457	1.1406)
(76.2321	0.3323	1.2033)
(80.8214	0.2188	1.2515)
(85.4107	0.1072	1.2839)
(90.0000	0.0000	1.3000)
(94.5893	-0.0750	1.2839)
(99.1786	-0.1532	1.2515)
(103.7679	-0.2326	1.2033)
(108.3571	-0.3120	1.1406)
(112.9464	-0.3898	1.0647)
(117.5357	-0.4652	0.9774)
(122.1250	-0.5375	0.8809)
(126.7143	-0.6065	0.7775)
(131.3036	-0.6729	0.6697)
(135.8929	-0.7380	0.5602)
(140.4821	-0.8042	0.4517)
(145.0714	-0.8760	0.3468)
(149.6607	-0.9604	0.2481)
(154.2500	-1.0699	0.1582)
(156.0893	-0.9935	0.1251)
(157.9286	-0.9171	0.0939)
(159.7679	-0.8407	0.0646)
(161.6071	-0.7642	0.0376)
(163.4464	-0.6878	0.0127)
(165.2857	-0.6114	0.0010)
(167.1250	-0.5350	0.0010)
(168.9643	-0.4586	0.0010)
(170.8036	-0.3821	0.0010)
(172.6429	-0.3057	0.0010)
(174.4821	-0.2293	0.0010)
(176.3214	-0.1529	0.0010)
(178.1607	-0.0764	0.0010)
(180.0000	0.0000	0.0010)
