// Re = 0.07
(-180.000000	0.000000	0.062544)
(-177.857143	0.048457	0.064318)
(-175.714286	0.096913	0.069629)
(-173.571429	0.145370	0.078448)
(-171.428571	0.193827	0.090723)
(-169.285714	0.242284	0.106386)
(-167.142857	0.290740	0.125346)
(-165.000000	0.339197	0.147497)
(-162.857143	0.387654	0.172710)
(-160.714286	0.436111	0.200844)
(-158.571429	0.484567	0.231737)
(-156.428571	0.533024	0.265214)
(-154.285714	0.581481	0.301082)
(-152.142857	0.629938	0.339138)
(-150.000000	0.678394	0.379165)
(-145.714286	0.653280	0.464205)
(-141.428571	0.629443	0.554261)
(-137.142857	0.603495	0.647274)
(-132.857143	0.573366	0.741116)
(-128.571429	0.537849	0.833634)
(-124.285714	0.496354	0.922704)
(-120.000000	0.448765	1.006272)
(-115.714286	0.395343	1.082405)
(-111.428571	0.336660	1.149334)
(-107.142857	0.273546	1.205490)
(-102.857143	0.207045	1.249547)
(-98.571429	0.138372	1.280444)
(-94.285714	0.068876	1.297414)
(-90.000000	0.000000	1.300000)
(-85.714286	-0.068876	1.297414)
(-81.428571	-0.138372	1.280444)
(-77.142857	-0.207045	1.249547)
(-72.857143	-0.273546	1.205490)
(-68.571429	-0.336660	1.149334)
(-64.285714	-0.395343	1.082405)
(-60.000000	-0.448765	1.006272)
(-55.714286	-0.496354	0.922704)
(-51.428571	-0.537849	0.833634)
(-47.142857	-0.573366	0.741116)
(-42.857143	-0.603495	0.647274)
(-38.571429	-0.629443	0.554261)
(-34.285714	-0.653280	0.464205)
(-30.000000	-0.678394	0.379165)
(-28.214286	-0.661006	0.354807)
(-26.428571	-0.643617	0.330450)
(-24.642857	-0.626228	0.306092)
(-22.857143	-0.608839	0.281734)
(-21.071429	-0.591450	0.257376)
(-19.285714	-0.574062	0.233019)
(-17.500000	-0.556673	0.208661)
(-15.714286	-0.539284	0.184303)
(-13.928571	-0.521895	0.159946)
(-12.142857	-0.504506	0.135588)
(-10.357143	-0.487117	0.111230)
(-8.571429	-0.469729	0.086872)
(-5.000000	-0.434951	0.038157)
(-4.750000	-0.409321	0.039673)
(-4.500000	-0.382229	0.041047)
(-4.250000	-0.356857	0.042106)
(-4.000000	-0.338973	0.042676)
(-3.750000	-0.320056	0.043378)
(-3.500000	-0.303291	0.043724)
(-3.250000	-0.288849	0.043724)
(-3.000000	-0.269157	0.044050)
(-2.750000	-0.246712	0.044121)
(-2.500000	-0.232873	0.043968)
(-2.250000	-0.221787	0.044039)
(-2.000000	-0.208723	0.044060)
(-1.750000	-0.191183	0.044019)
(-1.500000	-0.170803	0.043927)
(-1.250000	-0.161697	0.043917)
(-1.000000	-0.146997	0.044019)
(-0.750000	-0.123260	0.044100)
(-0.500000	-0.112605	0.044273)
(-0.250000	-0.098422	0.044477)
(0.000000	-0.074513	0.044650)
(0.250000	-0.063772	0.044976)
(0.500000	-0.048040	0.045301)
(0.750000	-0.023012	0.045586)
(1.000000	-0.015025	0.046075)
(1.250000	0.003806	0.046502)
(1.500000	0.022292	0.046970)
(1.750000	0.034496	0.047571)
(2.000000	0.056425	0.048070)
(2.250000	0.067683	0.048711)
(2.500000	0.082555	0.049352)
(2.750000	0.105603	0.049932)
(3.000000	0.113762	0.050726)
(3.250000	0.130613	0.051438)
(3.500000	0.151682	0.052100)
(3.750000	0.175504	0.052772)
(4.000000	0.192270	0.053820)
(4.250000	0.230206	0.054746)
(4.500000	0.262033	0.056212)
(4.750000	0.294892	0.057606)
(5.000000	0.311485	0.058593)
(5.250000	0.338750	0.059611)
(5.500000	0.366531	0.060731)
(5.750000	0.386997	0.062227)
(6.000000	0.421664	0.063163)
(6.250000	0.441699	0.064740)
(6.500000	0.473870	0.065728)
(6.750000	0.494766	0.067244)
(7.000000	0.529347	0.067936)
(7.250000	0.546800	0.069575)
(7.500000	0.580950	0.070043)
(7.750000	0.600814	0.071397)
(8.000000	0.621194	0.072648)
(8.250000	0.658012	0.072404)
(8.500000	0.674777	0.073758)
(8.750000	0.695157	0.074684)
(9.000000	0.736881	0.073208)
(9.500000	0.781772	0.073544)
(9.750000	0.811446	0.072445)
(10.000000	0.869866	0.066725)
(10.250000	0.965378	0.054207)
(10.500000	1.075865	0.041302)
(10.750000	1.104421	0.039246)
(11.000000	1.112494	0.039582)
(11.250000	1.118674	0.040386)
(11.500000	1.120206	0.042085)
(11.750000	1.119157	0.044477)
(12.000000	1.121291	0.046859)
(12.250000	1.127988	0.049026)
(12.500000	1.137696	0.051103)
(12.750000	1.154117	0.052751)
(13.000000	1.171657	0.054492)
(13.250000	1.195652	0.055917)
(13.500000	1.209233	0.058206)
(13.750000	1.227547	0.060283)
(14.000000	1.245603	0.062501)
(14.250000	1.259099	0.065107)
(14.500000	1.274401	0.067712)
(14.750000	1.295986	0.070073)
(15.000000	1.283318	0.074389)
(15.250000	1.278826	0.078419)
(15.500000	1.288362	0.081645)
(15.750000	1.268723	0.087050)
(16.000000	1.247019	0.093054)
(16.250000	1.222388	0.099843)
(16.500000	1.195262	0.107588)
(16.750000	1.167275	0.116320)
(17.750000	0.719944	0.211368)
(18.000000	0.725177	0.214330)
(18.250000	0.736520	0.217760)
(18.500000	0.737106	0.220121)
(18.750000	0.739499	0.223011)
(19.000000	0.747486	0.226207)
(19.250000	0.753838	0.229138)
(19.500000	0.755198	0.231998)
(19.750000	0.763013	0.235255)
(20.000000	0.768676	0.238186)
(20.250000	0.770983	0.241250)
(20.500000	0.781724	0.244822)
(20.750000	0.782568	0.247468)
(21.000000	0.788318	0.250786)
(21.250000	0.795100	0.253910)
(21.500000	0.798009	0.257157)
(21.750000	0.807718	0.260577)
(22.000000	0.808648	0.263640)
(22.250000	0.819303	0.267375)
(22.500000	0.819544	0.270255)
(22.750000	0.828822	0.273919)
(23.000000	0.830268	0.276983)
(23.250000	0.839202	0.280698)
(23.500000	0.840907	0.283781)
(23.750000	0.850185	0.287527)
(24.000000	0.851373	0.290723)
(24.250000	0.859962	0.294336)
(24.500000	0.861925	0.297745)
(24.750000	0.868965	0.301266)
(25.000000	0.872649	0.304920)
(25.250000	0.878227	0.308350)
(25.500000	0.883804	0.312055)
(25.750000	0.887746	0.315596)
(26.250000	0.897782	0.322924)
(26.500000	0.903790	0.326497)
(26.750000	0.908334	0.330334)
(27.000000	0.912707	0.333936)
(27.500000	0.922312	0.341447)
(27.750000	0.927631	0.345091)
(28.000000	0.932864	0.348928)
(28.250000	0.936462	0.352704)
(28.500000	0.942039	0.356368)
(28.750000	0.946326	0.360317)
(29.000000	0.950354	0.364062)
(29.250000	0.955931	0.367756)
(29.500000	0.959701	0.371736)
(29.750000	0.963816	0.375512)
(30.000000	0.969135	0.379165)
(34.285714	0.933257	0.464205)
(38.571429	0.899204	0.554261)
(42.857143	0.862136	0.647274)
(47.142857	0.819094	0.741116)
(51.428571	0.768356	0.833634)
(55.714286	0.709078	0.922704)
(60.000000	0.641093	1.006272)
(64.285714	0.564776	1.082405)
(68.571429	0.480943	1.149334)
(72.857143	0.390780	1.205490)
(77.142857	0.295779	1.249547)
(81.428571	0.197675	1.280444)
(85.714286	0.098394	1.297414)
(90.000000	0.000000	1.300000)
(94.285714	-0.068876	1.297414)
(98.571429	-0.138372	1.280444)
(102.857143	-0.207045	1.249547)
(107.142857	-0.273546	1.205490)
(111.428571	-0.336660	1.149334)
(115.714286	-0.395343	1.082405)
(120.000000	-0.448765	1.006272)
(124.285714	-0.496354	0.922704)
(128.571429	-0.537849	0.833634)
(132.857143	-0.573366	0.741116)
(137.142857	-0.603495	0.647274)
(141.428571	-0.629443	0.554261)
(145.714286	-0.653280	0.464205)
(150.000000	-0.678395	0.379165)
(152.142857	-0.629938	0.339138)
(154.285714	-0.581481	0.301082)
(156.428571	-0.533024	0.265214)
(158.571429	-0.484567	0.231737)
(160.714286	-0.436111	0.200844)
(162.857143	-0.387654	0.172710)
(165.000000	-0.339197	0.147497)
(167.142857	-0.290740	0.125346)
(169.285714	-0.242284	0.106386)
(171.428571	-0.193827	0.090723)
(173.571429	-0.145370	0.078448)
(175.714286	-0.096913	0.069629)
(177.857143	-0.048457	0.064318)
(180.000000	0.000000	0.062544)
