// Re = 0.07
(-180.000000	0.000000	0.069299)
(-177.857143	0.049610	0.071068)
(-175.714286	0.099219	0.076366)
(-173.571429	0.148829	0.085160)
(-171.428571	0.198439	0.097403)
(-169.285714	0.248048	0.113023)
(-167.142857	0.297658	0.131932)
(-165.000000	0.347268	0.154022)
(-162.857143	0.396877	0.179165)
(-160.714286	0.446487	0.207220)
(-158.571429	0.496096	0.238025)
(-156.428571	0.545706	0.271405)
(-154.285714	0.595316	0.307168)
(-152.142857	0.644925	0.345111)
(-150.000000	0.694535	0.385015)
(-145.714286	0.666320	0.469786)
(-141.428571	0.639992	0.559542)
(-137.142857	0.611996	0.652225)
(-132.857143	0.580157	0.745710)
(-128.571429	0.543199	0.837846)
(-124.285714	0.500487	0.926509)
(-120.000000	0.451872	1.009650)
(-115.714286	0.397592	1.085336)
(-111.428571	0.338203	1.151802)
(-107.142857	0.274525	1.207482)
(-102.857143	0.207592	1.251050)
(-98.571429	0.138614	1.281451)
(-94.285714	0.068936	1.297919)
(-90.000000	0.000000	1.300000)
(-85.714286	-0.068936	1.297919)
(-81.428571	-0.138614	1.281451)
(-77.142857	-0.207592	1.251050)
(-72.857143	-0.274525	1.207482)
(-68.571429	-0.338203	1.151802)
(-64.285714	-0.397592	1.085336)
(-60.000000	-0.451872	1.009650)
(-55.714286	-0.500487	0.926509)
(-51.428571	-0.543199	0.837846)
(-47.142857	-0.580157	0.745710)
(-42.857143	-0.611996	0.652225)
(-38.571429	-0.639992	0.559542)
(-34.285714	-0.666320	0.469786)
(-30.000000	-0.694535	0.385015)
(-28.214286	-0.675964	0.360231)
(-26.428571	-0.657393	0.335448)
(-24.642857	-0.638822	0.310664)
(-22.857143	-0.620250	0.285880)
(-21.071429	-0.601679	0.261096)
(-19.285714	-0.583108	0.236313)
(-17.500000	-0.564537	0.211529)
(-15.714286	-0.545966	0.186745)
(-13.928571	-0.527395	0.161962)
(-12.142857	-0.508824	0.137178)
(-10.357143	-0.490252	0.112394)
(-8.571429	-0.471681	0.087610)
(-5.000000	-0.434539	0.038043)
(-4.750000	-0.409101	0.039586)
(-4.500000	-0.382233	0.040984)
(-4.250000	-0.357047	0.042061)
(-4.000000	-0.339179	0.042641)
(-3.750000	-0.320302	0.043356)
(-3.500000	-0.303527	0.043708)
(-3.250000	-0.289024	0.043708)
(-3.000000	-0.269389	0.044039)
(-2.750000	-0.247063	0.044112)
(-2.500000	-0.233148	0.043956)
(-2.250000	-0.221925	0.044029)
(-2.000000	-0.208768	0.044049)
(-1.750000	-0.191236	0.044008)
(-1.500000	-0.170929	0.043915)
(-1.250000	-0.161640	0.043904)
(-1.000000	-0.146884	0.044008)
(-0.750000	-0.123297	0.044091)
(-0.500000	-0.112494	0.044267)
(-0.250000	-0.098243	0.044474)
(0.000000	-0.074487	0.044650)
(0.250000	-0.063601	0.044981)
(0.500000	-0.047835	0.045313)
(0.750000	-0.022986	0.045603)
(1.000000	-0.014791	0.046100)
(1.250000	0.004002	0.046535)
(1.500000	0.022459	0.047011)
(1.750000	0.034776	0.047622)
(2.000000	0.056597	0.048129)
(2.250000	0.067988	0.048782)
(2.500000	0.082912	0.049434)
(2.750000	0.105827	0.050025)
(3.000000	0.114190	0.050832)
(3.250000	0.131049	0.051557)
(3.500000	0.152029	0.052230)
(3.750000	0.175701	0.052914)
(4.000000	0.192475	0.053980)
(4.250000	0.229942	0.054923)
(4.500000	0.261436	0.056414)
(4.750000	0.293939	0.057833)
(5.000000	0.310546	0.058837)
(5.250000	0.337582	0.059873)
(5.500000	0.365123	0.061012)
(5.750000	0.385514	0.062534)
(6.000000	0.419784	0.063487)
(6.250000	0.439755	0.065092)
(6.500000	0.471586	0.066096)
(6.750000	0.492398	0.067639)
(7.000000	0.526583	0.068343)
(7.250000	0.544031	0.070011)
(7.500000	0.577796	0.070487)
(7.750000	0.597599	0.071864)
(8.000000	0.617906	0.073138)
(8.250000	0.654279	0.072889)
(8.500000	0.671053	0.074267)
(8.750000	0.691360	0.075209)
(9.000000	0.732527	0.073708)
(9.500000	0.777179	0.074049)
(9.750000	0.806571	0.072931)
(10.000000	0.864056	0.067111)
(10.250000	0.957793	0.054374)
(10.500000	1.066166	0.041243)
(10.750000	1.094464	0.039151)
(11.000000	1.102743	0.039493)
(11.250000	1.109172	0.040311)
(11.500000	1.111059	0.042040)
(11.750000	1.110422	0.044474)
(12.000000	1.112897	0.046897)
(12.250000	1.119831	0.049103)
(12.500000	1.129708	0.051215)
(12.750000	1.146146	0.052893)
(13.000000	1.163678	0.054664)
(13.250000	1.187518	0.056114)
(13.500000	1.201180	0.058444)
(13.750000	1.219468	0.060556)
(14.000000	1.237505	0.062814)
(14.250000	1.251083	0.065465)
(14.500000	1.266428	0.068116)
(14.750000	1.287912	0.070518)
(15.000000	1.275921	0.074909)
(15.250000	1.271919	0.079010)
(15.500000	1.281628	0.082292)
(15.750000	1.262823	0.087791)
(16.000000	1.242000	0.093901)
(16.250000	1.218316	0.100808)
(16.500000	1.192193	0.108688)
(16.750000	1.165229	0.117573)
(17.750000	0.729588	0.214284)
(18.000000	0.735091	0.217297)
(18.250000	0.746567	0.220787)
(18.500000	0.747528	0.223189)
(18.750000	0.750256	0.226130)
(19.000000	0.758451	0.229382)
(19.250000	0.765048	0.232364)
(19.500000	0.766766	0.235274)
(19.750000	0.774793	0.238588)
(20.000000	0.780717	0.241570)
(20.250000	0.783361	0.244687)
(20.500000	0.794247	0.248322)
(20.750000	0.795461	0.251014)
(21.000000	0.801469	0.254390)
(21.250000	0.808487	0.257570)
(21.500000	0.811719	0.260873)
(21.750000	0.821597	0.264352)
(22.000000	0.822894	0.267469)
(22.250000	0.833697	0.271270)
(22.500000	0.834322	0.274200)
(22.750000	0.843779	0.277928)
(23.000000	0.845581	0.281045)
(23.250000	0.854702	0.284825)
(23.500000	0.856756	0.287963)
(23.750000	0.866213	0.291774)
(24.000000	0.867763	0.295025)
(24.250000	0.876547	0.298702)
(24.500000	0.878854	0.302171)
(24.750000	0.886124	0.305754)
(25.000000	0.890114	0.309471)
(25.250000	0.895954	0.312961)
(25.500000	0.901794	0.316731)
(25.750000	0.906035	0.320334)
(26.250000	0.916622	0.327790)
(26.500000	0.922882	0.331425)
(26.750000	0.927713	0.335329)
(27.000000	0.932375	0.338995)
(27.500000	0.942541	0.346637)
(27.750000	0.948129	0.350344)
(28.000000	0.953632	0.354249)
(28.250000	0.957537	0.358090)
(28.500000	0.963377	0.361818)
(28.750000	0.967956	0.365836)
(29.000000	0.972281	0.369647)
(29.250000	0.978121	0.373406)
(29.500000	0.982195	0.377455)
(29.750000	0.986605	0.381297)
(30.000000	0.992193	0.385015)
(34.285714	0.951886	0.469786)
(38.571429	0.914274	0.559542)
(42.857143	0.874280	0.652225)
(47.142857	0.828796	0.745710)
(51.428571	0.775999	0.837846)
(55.714286	0.714981	0.926509)
(60.000000	0.645531	1.009650)
(64.285714	0.567988	1.085336)
(68.571429	0.483147	1.151802)
(72.857143	0.392178	1.207482)
(77.142857	0.296559	1.251050)
(81.428571	0.198020	1.281451)
(85.714286	0.098480	1.297919)
(90.000000	0.000000	1.300000)
(94.285714	-0.068936	1.297919)
(98.571429	-0.138614	1.281451)
(102.857143	-0.207592	1.251050)
(107.142857	-0.274525	1.207482)
(111.428571	-0.338203	1.151802)
(115.714286	-0.397592	1.085336)
(120.000000	-0.451872	1.009650)
(124.285714	-0.500487	0.926509)
(128.571429	-0.543199	0.837846)
(132.857143	-0.580157	0.745710)
(137.142857	-0.611996	0.652225)
(141.428571	-0.639992	0.559542)
(145.714286	-0.666320	0.469786)
(150.000000	-0.694535	0.385015)
(152.142857	-0.644925	0.345111)
(154.285714	-0.595316	0.307168)
(156.428571	-0.545706	0.271405)
(158.571429	-0.496096	0.238025)
(160.714286	-0.446487	0.207220)
(162.857143	-0.396877	0.179165)
(165.000000	-0.347268	0.154022)
(167.142857	-0.297658	0.131932)
(169.285714	-0.248048	0.113023)
(171.428571	-0.198439	0.097403)
(173.571429	-0.148829	0.085160)
(175.714286	-0.099219	0.076366)
(177.857143	-0.049610	0.071068)
(180.000000	0.000000	0.069299)
