// Re = 0.04
(-180.000000	0.000000	0.010885)
(-177.857143	0.035913	0.012695)
(-175.714286	0.071826	0.018115)
(-173.571429	0.107739	0.027114)
(-171.428571	0.143652	0.039641)
(-169.285714	0.179565	0.055628)
(-167.142857	0.215478	0.074983)
(-165.000000	0.251391	0.097598)
(-162.857143	0.287304	0.123347)
(-160.714286	0.323217	0.152084)
(-158.571429	0.359130	0.183649)
(-156.428571	0.395043	0.217865)
(-154.285714	0.430956	0.254539)
(-152.142857	0.466869	0.293466)
(-150.000000	0.502782	0.334427)
(-145.714286	0.511400	0.421522)
(-141.428571	0.514664	0.513872)
(-137.142857	0.511001	0.609405)
(-132.857143	0.499479	0.705978)
(-128.571429	0.479637	0.801426)
(-124.285714	0.451390	0.893604)
(-120.000000	0.414969	0.980443)
(-115.714286	0.370881	1.059991)
(-111.428571	0.319873	1.130461)
(-107.142857	0.262902	1.190264)
(-102.857143	0.201099	1.238052)
(-98.571429	0.135742	1.272745)
(-94.285714	0.068220	1.293554)
(-90.000000	0.000000	1.300000)
(-85.714286	-0.068220	1.293554)
(-81.428571	-0.135742	1.272745)
(-77.142857	-0.201099	1.238052)
(-72.857143	-0.262902	1.190264)
(-68.571429	-0.319873	1.130461)
(-64.285714	-0.370881	1.059991)
(-60.000000	-0.414969	0.980443)
(-55.714286	-0.451390	0.893604)
(-51.428571	-0.479637	0.801426)
(-47.142857	-0.499479	0.705978)
(-42.857143	-0.511001	0.609405)
(-38.571429	-0.514664	0.513872)
(-34.285714	-0.511400	0.421522)
(-30.000000	-0.502782	0.334427)
(-28.214286	-0.513719	0.314267)
(-26.428571	-0.524656	0.294108)
(-24.642857	-0.535593	0.273948)
(-22.857143	-0.546530	0.253789)
(-21.071429	-0.557467	0.233629)
(-19.285714	-0.568404	0.213470)
(-17.500000	-0.579341	0.193310)
(-15.714286	-0.590278	0.173150)
(-13.928571	-0.601215	0.152991)
(-12.142857	-0.612152	0.132831)
(-10.357143	-0.623089	0.112672)
(-8.571429	-0.634026	0.092512)
(-5.000000	-0.655900	0.052193)
(-4.750000	-0.645381	0.053381)
(-4.500000	-0.627099	0.055049)
(-4.250000	-0.611689	0.055891)
(-4.000000	-0.601170	0.056060)
(-3.750000	-0.589162	0.056095)
(-3.500000	-0.575241	0.056006)
(-3.250000	-0.556321	0.055891)
(-3.000000	-0.537294	0.055589)
(-2.750000	-0.531242	0.054827)
(-2.500000	-0.515406	0.054277)
(-2.250000	-0.501059	0.053665)
(-2.000000	-0.489583	0.052973)
(-1.750000	-0.480659	0.052255)
(-1.500000	-0.464611	0.051705)
(-1.250000	-0.445478	0.051262)
(-1.000000	-0.431662	0.050739)
(-0.750000	-0.414763	0.050331)
(-0.500000	-0.389781	0.050153)
(-0.250000	-0.367033	0.049994)
(0.000000	-0.336309	0.050100)
(0.250000	-0.296014	0.050508)
(0.500000	-0.258378	0.050942)
(0.750000	-0.219465	0.051510)
(1.000000	-0.178107	0.052228)
(1.250000	-0.136429	0.053035)
(1.500000	-0.095709	0.053940)
(1.750000	-0.086998	0.053993)
(2.000000	-0.091261	0.053585)
(2.250000	-0.095843	0.053124)
(2.500000	-0.100850	0.052610)
(2.750000	-0.105751	0.052060)
(3.000000	-0.109908	0.051501)
(3.250000	-0.111299	0.051067)
(3.500000	-0.105141	0.051049)
(3.750000	-0.091857	0.051492)
(4.000000	-0.073788	0.052290)
(4.250000	-0.035619	0.054543)
(4.500000	0.008291	0.057274)
(4.750000	0.046353	0.059589)
(5.000000	0.084415	0.062046)
(5.250000	0.120243	0.064467)
(5.500000	0.153839	0.066826)
(5.750000	0.184988	0.069123)
(6.000000	0.214117	0.071366)
(6.250000	0.241332	0.073583)
(6.500000	0.266845	0.075774)
(6.750000	0.290870	0.077964)
(7.000000	0.313618	0.080164)
(7.250000	0.335197	0.082381)
(7.500000	0.355924	0.084651)
(7.750000	0.376120	0.086966)
(8.000000	0.395785	0.089342)
(8.250000	0.415024	0.091763)
(8.500000	0.433625	0.094220)
(8.750000	0.451375	0.096694)
(9.000000	0.468381	0.099177)
(9.250000	0.484642	0.101678)
(9.500000	0.500584	0.104223)
(9.750000	0.516739	0.106822)
(10.000000	0.533851	0.109553)
(10.250000	0.553941	0.112586)
(10.500000	0.563822	0.114954)
(10.750000	0.574128	0.117348)
(11.000000	0.590389	0.120115)
(11.250000	0.605375	0.122980)
(11.500000	0.613979	0.125365)
(11.750000	0.632793	0.128398)
(12.000000	0.639696	0.130793)
(12.250000	0.657021	0.133737)
(12.500000	0.664243	0.136265)
(12.750000	0.681568	0.139227)
(13.000000	0.777481	0.129587)
(13.250000	0.785022	0.132380)
(13.500000	0.794371	0.135147)
(13.750000	0.794255	0.139058)
(14.000000	0.787546	0.143732)
(14.250000	0.786155	0.148450)
(15.500000	0.576718	0.174886)
(15.750000	0.574263	0.176314)
(16.000000	0.574041	0.178026)
(16.250000	0.575946	0.180083)
(16.500000	0.579234	0.182318)
(16.750000	0.583053	0.184721)
(17.000000	0.586872	0.187133)
(17.250000	0.590372	0.189501)
(17.500000	0.593553	0.191851)
(17.750000	0.596309	0.194148)
(18.000000	0.598639	0.196427)
(18.250000	0.600863	0.198733)
(18.500000	0.603194	0.201030)
(18.750000	0.605737	0.203407)
(19.000000	0.608918	0.205908)
(19.250000	0.613162	0.208533)
(19.500000	0.618789	0.211503)
(19.750000	0.623459	0.214191)
(20.000000	0.623025	0.216177)
(20.250000	0.624717	0.218536)
(20.500000	0.628536	0.221303)
(20.750000	0.635439	0.224593)
(21.000000	0.635962	0.226704)
(21.250000	0.637016	0.229080)
(21.500000	0.641686	0.232042)
(21.750000	0.646675	0.235040)
(22.000000	0.646134	0.237248)
(22.250000	0.650379	0.240228)
(22.500000	0.654836	0.243190)
(22.750000	0.654720	0.245576)
(23.000000	0.660241	0.248883)
(23.250000	0.661401	0.251304)
(23.500000	0.663625	0.254169)
(23.750000	0.668827	0.257406)
(24.000000	0.668499	0.259854)
(24.250000	0.675189	0.263561)
(24.500000	0.673798	0.265698)
(24.750000	0.678999	0.269227)
(25.000000	0.678884	0.271640)
(25.250000	0.683447	0.275036)
(25.500000	0.683757	0.277652)
(25.750000	0.688214	0.281067)
(26.000000	0.688312	0.283718)
(26.250000	0.693194	0.287363)
(26.500000	0.692547	0.289864)
(26.750000	0.697961	0.293491)
(27.000000	0.696889	0.296090)
(27.250000	0.700389	0.299353)
(27.500000	0.701337	0.302422)
(27.750000	0.703135	0.305472)
(28.000000	0.706316	0.308931)
(28.250000	0.706307	0.311795)
(28.500000	0.710020	0.315227)
(28.750000	0.710117	0.318234)
(29.000000	0.711703	0.321355)
(29.250000	0.714884	0.324867)
(29.500000	0.714450	0.327812)
(29.750000	0.716567	0.331040)
(30.000000	0.718260	0.334427)
(34.285714	0.730572	0.421522)
(38.571429	0.735234	0.513872)
(42.857143	0.730001	0.609405)
(47.142857	0.713541	0.705978)
(51.428571	0.685196	0.801426)
(55.714286	0.644843	0.893604)
(60.000000	0.592812	0.980443)
(64.285714	0.529830	1.059991)
(68.571429	0.456962	1.130461)
(72.857143	0.375574	1.190264)
(77.142857	0.287284	1.238052)
(81.428571	0.193917	1.272745)
(85.714286	0.097457	1.293554)
(90.000000	0.000000	1.300000)
(94.285714	-0.068220	1.293554)
(98.571429	-0.135742	1.272745)
(102.857143	-0.201099	1.238052)
(107.142857	-0.262902	1.190264)
(111.428571	-0.319873	1.130461)
(115.714286	-0.370881	1.059991)
(120.000000	-0.414969	0.980443)
(124.285714	-0.451390	0.893604)
(128.571429	-0.479637	0.801426)
(132.857143	-0.499479	0.705978)
(137.142857	-0.511001	0.609405)
(141.428571	-0.514664	0.513872)
(145.714286	-0.511400	0.421522)
(150.000000	-0.502782	0.334427)
(152.142857	-0.466869	0.293466)
(154.285714	-0.430956	0.254539)
(156.428571	-0.395043	0.217865)
(158.571429	-0.359130	0.183649)
(160.714286	-0.323217	0.152084)
(162.857143	-0.287304	0.123347)
(165.000000	-0.251391	0.097598)
(167.142857	-0.215478	0.074983)
(169.285714	-0.179565	0.055628)
(171.428571	-0.143652	0.039641)
(173.571429	-0.107739	0.027114)
(175.714286	-0.071826	0.018115)
(177.857143	-0.035913	0.012695)
(180.000000	0.000000	0.010885)
