// Re = 0.07
(-180.000000	0.000000	0.050949)
(-177.857143	0.046415	0.052731)
(-175.714286	0.092829	0.058066)
(-173.571429	0.139244	0.066925)
(-171.428571	0.185659	0.079257)
(-169.285714	0.232073	0.094993)
(-167.142857	0.278488	0.114042)
(-165.000000	0.324903	0.136296)
(-162.857143	0.371318	0.161630)
(-160.714286	0.417732	0.189899)
(-158.571429	0.464147	0.220943)
(-156.428571	0.510562	0.254586)
(-154.285714	0.556976	0.290635)
(-152.142857	0.603391	0.328887)
(-150.000000	0.649806	0.369123)
(-145.714286	0.630183	0.454624)
(-141.428571	0.610757	0.545195)
(-137.142857	0.588437	0.638774)
(-132.857143	0.561338	0.733229)
(-128.571429	0.528372	0.826405)
(-124.285714	0.489034	0.916172)
(-120.000000	0.443263	1.000474)
(-115.714286	0.391361	1.077374)
(-111.428571	0.333927	1.145097)
(-107.142857	0.271813	1.202073)
(-102.857143	0.206077	1.246967)
(-98.571429	0.137944	1.278716)
(-94.285714	0.068769	1.296547)
(-90.000000	0.000000	1.300000)
(-85.714286	-0.068769	1.296547)
(-81.428571	-0.137944	1.278716)
(-77.142857	-0.206077	1.246967)
(-72.857143	-0.271813	1.202073)
(-68.571429	-0.333927	1.145097)
(-64.285714	-0.391361	1.077374)
(-60.000000	-0.443263	1.000474)
(-55.714286	-0.489034	0.916172)
(-51.428571	-0.528372	0.826405)
(-47.142857	-0.561338	0.733229)
(-42.857143	-0.588437	0.638774)
(-38.571429	-0.610757	0.545195)
(-34.285714	-0.630183	0.454624)
(-30.000000	-0.649806	0.369123)
(-28.214286	-0.634511	0.345496)
(-26.428571	-0.619217	0.321870)
(-24.642857	-0.603922	0.298243)
(-22.857143	-0.588628	0.274617)
(-21.071429	-0.573333	0.250991)
(-19.285714	-0.558038	0.227364)
(-17.500000	-0.542744	0.203737)
(-15.714286	-0.527449	0.180111)
(-13.928571	-0.512155	0.156485)
(-12.142857	-0.496860	0.132858)
(-10.357143	-0.481566	0.109231)
(-8.571429	-0.466271	0.085605)
(-5.000000	-0.435682	0.038352)
(-4.750000	-0.409713	0.039823)
(-4.500000	-0.382222	0.041155)
(-4.250000	-0.356521	0.042182)
(-4.000000	-0.338608	0.042735)
(-3.750000	-0.319621	0.043416)
(-3.500000	-0.302872	0.043752)
(-3.250000	-0.288539	0.043752)
(-3.000000	-0.268747	0.044068)
(-2.750000	-0.246089	0.044137)
(-2.500000	-0.232384	0.043989)
(-2.250000	-0.221543	0.044058)
(-2.000000	-0.208643	0.044077)
(-1.750000	-0.191088	0.044038)
(-1.500000	-0.170579	0.043949)
(-1.250000	-0.161797	0.043939)
(-1.000000	-0.147196	0.044038)
(-0.750000	-0.123196	0.044117)
(-0.500000	-0.112802	0.044285)
(-0.250000	-0.098739	0.044482)
(0.000000	-0.074560	0.044650)
(0.250000	-0.064077	0.044966)
(0.500000	-0.048402	0.045282)
(0.750000	-0.023059	0.045558)
(1.000000	-0.015440	0.046032)
(1.250000	0.003457	0.046447)
(1.500000	0.021997	0.046901)
(1.750000	0.034002	0.047483)
(2.000000	0.056122	0.047967)
(2.250000	0.067142	0.048589)
(2.500000	0.081922	0.049211)
(2.750000	0.105206	0.049774)
(3.000000	0.113003	0.050544)
(3.250000	0.129842	0.051235)
(3.500000	0.151067	0.051876)
(3.750000	0.175156	0.052528)
(4.000000	0.191906	0.053545)
(4.250000	0.230676	0.054443)
(4.500000	0.263090	0.055865)
(4.750000	0.296579	0.057217)
(5.000000	0.313149	0.058175)
(5.250000	0.340819	0.059162)
(5.500000	0.369026	0.060248)
(5.750000	0.389624	0.061699)
(6.000000	0.424993	0.062607)
(6.250000	0.445144	0.064137)
(6.500000	0.477916	0.065095)
(6.750000	0.498962	0.066566)
(7.000000	0.534241	0.067237)
(7.250000	0.551706	0.068827)
(7.500000	0.586537	0.069281)
(7.750000	0.606509	0.070594)
(8.000000	0.627018	0.071808)
(8.250000	0.664624	0.071571)
(8.500000	0.681373	0.072884)
(8.750000	0.701882	0.073782)
(9.000000	0.744591	0.072351)
(9.500000	0.789905	0.072677)
(9.750000	0.820082	0.071610)
(10.000000	0.880157	0.066062)
(10.250000	0.978812	0.053920)
(10.500000	1.093044	0.041402)
(10.750000	1.122057	0.039408)
(11.000000	1.129765	0.039734)
(11.250000	1.135504	0.040514)
(11.500000	1.136409	0.042162)
(11.750000	1.134628	0.044482)
(12.000000	1.136160	0.046792)
(12.250000	1.142436	0.048895)
(12.500000	1.151844	0.050909)
(12.750000	1.168236	0.052508)
(13.000000	1.185790	0.054196)
(13.250000	1.210059	0.055578)
(13.500000	1.223496	0.057800)
(13.750000	1.241857	0.059813)
(14.000000	1.259948	0.061966)
(14.250000	1.273296	0.064493)
(14.500000	1.288523	0.067020)
(14.750000	1.310286	0.069310)
(15.000000	1.296420	0.073496)
(15.250000	1.291059	0.077405)
(15.500000	1.300289	0.080535)
(15.750000	1.279173	0.085777)
(16.000000	1.255909	0.091601)
(16.250000	1.229601	0.098186)
(16.500000	1.200698	0.105699)
(16.750000	1.170899	0.114169)
(17.750000	0.702862	0.206363)
(18.000000	0.707616	0.209236)
(18.250000	0.718725	0.212563)
(18.500000	0.718646	0.214853)
(18.750000	0.720446	0.217657)
(19.000000	0.728064	0.220757)
(19.250000	0.733982	0.223600)
(19.500000	0.734708	0.226374)
(19.750000	0.742148	0.229533)
(20.000000	0.747349	0.232376)
(20.250000	0.749060	0.235348)
(20.500000	0.759543	0.238813)
(20.750000	0.759732	0.241379)
(21.000000	0.765023	0.244598)
(21.250000	0.771389	0.247628)
(21.500000	0.773726	0.250778)
(21.750000	0.783135	0.254095)
(22.000000	0.783413	0.257066)
(22.250000	0.793807	0.260689)
(22.500000	0.793369	0.263483)
(22.750000	0.802330	0.267037)
(23.000000	0.803146	0.270008)
(23.250000	0.811749	0.273612)
(23.500000	0.812833	0.276603)
(23.750000	0.821794	0.280236)
(24.000000	0.822341	0.283336)
(24.250000	0.830586	0.286840)
(24.500000	0.831939	0.290147)
(24.750000	0.838573	0.293563)
(25.000000	0.841716	0.297107)
(25.250000	0.846828	0.300434)
(25.500000	0.851940	0.304027)
(25.750000	0.855351	0.307463)
(26.250000	0.864412	0.314571)
(26.500000	0.869972	0.318036)
(26.750000	0.874010	0.321757)
(27.000000	0.877869	0.325252)
(27.500000	0.886482	0.332538)
(27.750000	0.891325	0.336072)
(28.000000	0.896079	0.339794)
(28.250000	0.899133	0.343456)
(28.500000	0.904245	0.347010)
(28.750000	0.908014	0.350840)
(29.000000	0.911515	0.354473)
(29.250000	0.916628	0.358057)
(29.500000	0.919860	0.361917)
(29.750000	0.923450	0.365579)
(30.000000	0.928294	0.369123)
(34.285714	0.900261	0.454624)
(38.571429	0.872510	0.545195)
(42.857143	0.840625	0.638774)
(47.142857	0.801911	0.733229)
(51.428571	0.754818	0.826405)
(55.714286	0.698620	0.916172)
(60.000000	0.633233	1.000474)
(64.285714	0.559087	1.077374)
(68.571429	0.477039	1.145097)
(72.857143	0.388305	1.202073)
(77.142857	0.294396	1.246967)
(81.428571	0.197063	1.278716)
(85.714286	0.098242	1.296547)
(90.000000	0.000000	1.300000)
(94.285714	-0.068769	1.296547)
(98.571429	-0.137944	1.278716)
(102.857143	-0.206077	1.246967)
(107.142857	-0.271813	1.202073)
(111.428571	-0.333927	1.145097)
(115.714286	-0.391361	1.077374)
(120.000000	-0.443263	1.000474)
(124.285714	-0.489034	0.916172)
(128.571429	-0.528372	0.826405)
(132.857143	-0.561338	0.733229)
(137.142857	-0.588437	0.638774)
(141.428571	-0.610757	0.545195)
(145.714286	-0.630183	0.454624)
(150.000000	-0.649806	0.369123)
(152.142857	-0.603391	0.328887)
(154.285714	-0.556976	0.290635)
(156.428571	-0.510562	0.254586)
(158.571429	-0.464147	0.220943)
(160.714286	-0.417732	0.189899)
(162.857143	-0.371318	0.161630)
(165.000000	-0.324903	0.136296)
(167.142857	-0.278488	0.114042)
(169.285714	-0.232073	0.094993)
(171.428571	-0.185659	0.079257)
(173.571429	-0.139244	0.066925)
(175.714286	-0.092829	0.058066)
(177.857143	-0.046415	0.052731)
(180.000000	0.000000	0.050949)
