// Re = 0.07
(-180.000000	0.000000	0.145978)
(-177.857143	0.061307	0.147694)
(-175.714286	0.122614	0.152830)
(-173.571429	0.183921	0.161357)
(-171.428571	0.245229	0.173226)
(-169.285714	0.306536	0.188366)
(-167.142857	0.367843	0.206689)
(-165.000000	0.429150	0.228088)
(-162.857143	0.490457	0.252438)
(-160.714286	0.551764	0.279596)
(-158.571429	0.613071	0.309404)
(-156.428571	0.674379	0.341686)
(-154.285714	0.735686	0.376254)
(-152.142857	0.796993	0.412904)
(-150.000000	0.858300	0.451421)
(-145.714286	0.798628	0.533141)
(-141.428571	0.747027	0.619492)
(-137.142857	0.698250	0.708435)
(-132.857143	0.649059	0.797865)
(-128.571429	0.597484	0.885655)
(-124.285714	0.542418	0.969704)
(-120.000000	0.483388	1.047989)
(-115.714286	0.420404	1.118606)
(-111.428571	0.353857	1.179816)
(-107.142857	0.284451	1.230083)
(-102.857143	0.213137	1.268113)
(-98.571429	0.141066	1.292879)
(-94.285714	0.069548	1.303649)
(-90.000000	0.000000	1.300000)
(-85.714286	-0.069548	1.303649)
(-81.428571	-0.141066	1.292879)
(-77.142857	-0.213137	1.268113)
(-72.857143	-0.284451	1.230083)
(-68.571429	-0.353857	1.179816)
(-64.285714	-0.420404	1.118606)
(-60.000000	-0.483388	1.047989)
(-55.714286	-0.542418	0.969704)
(-51.428571	-0.597484	0.885655)
(-47.142857	-0.649059	0.797865)
(-42.857143	-0.698250	0.708435)
(-38.571429	-0.747027	0.619492)
(-34.285714	-0.798628	0.533141)
(-30.000000	-0.858300	0.451421)
(-28.214286	-0.827733	0.421802)
(-26.428571	-0.797165	0.392183)
(-24.642857	-0.766597	0.362564)
(-22.857143	-0.736030	0.332945)
(-21.071429	-0.705462	0.303326)
(-19.285714	-0.674895	0.273707)
(-17.500000	-0.644327	0.244088)
(-15.714286	-0.613759	0.214468)
(-13.928571	-0.583192	0.184849)
(-12.142857	-0.552624	0.155230)
(-10.357143	-0.522057	0.125611)
(-8.571429	-0.491489	0.095992)
(-5.000000	-0.430354	0.036754)
(-4.750000	-0.406860	0.038598)
(-4.500000	-0.382273	0.040269)
(-4.250000	-0.358973	0.041556)
(-4.000000	-0.341269	0.042249)
(-3.750000	-0.322794	0.043103)
(-3.500000	-0.305926	0.043524)
(-3.250000	-0.290796	0.043524)
(-3.000000	-0.271741	0.043920)
(-2.750000	-0.250628	0.044006)
(-2.500000	-0.235948	0.043821)
(-2.250000	-0.223327	0.043907)
(-2.000000	-0.209225	0.043932)
(-1.750000	-0.191779	0.043883)
(-1.500000	-0.172210	0.043771)
(-1.250000	-0.161068	0.043759)
(-1.000000	-0.145745	0.043883)
(-0.750000	-0.123666	0.043982)
(-0.500000	-0.111367	0.044192)
(-0.250000	-0.096429	0.044440)
(0.000000	-0.074222	0.044650)
(0.250000	-0.061858	0.045046)
(0.500000	-0.045763	0.045442)
(0.750000	-0.022720	0.045789)
(1.000000	-0.012414	0.046383)
(1.250000	0.005997	0.046902)
(1.500000	0.024151	0.047472)
(1.750000	0.037609	0.048202)
(2.000000	0.058336	0.048808)
(2.250000	0.071086	0.049588)
(2.500000	0.086538	0.050368)
(2.750000	0.108102	0.051073)
(3.000000	0.118536	0.052038)
(3.250000	0.135468	0.052905)
(3.500000	0.155552	0.053709)
(3.750000	0.177694	0.054526)
(4.000000	0.194562	0.055801)
(4.250000	0.227254	0.056927)
(4.500000	0.255379	0.058709)
(4.750000	0.284276	0.060405)
(5.000000	0.301015	0.061605)
(5.250000	0.325731	0.062843)
(5.500000	0.350832	0.064204)
(5.750000	0.370466	0.066023)
(6.000000	0.400714	0.067162)
(6.250000	0.420026	0.069080)
(6.500000	0.448408	0.070280)
(6.750000	0.468363	0.072124)
(7.000000	0.498547	0.072966)
(7.250000	0.515929	0.074959)
(7.500000	0.545791	0.075528)
(7.750000	0.564974	0.077174)
(8.000000	0.584544	0.078696)
(8.250000	0.616400	0.078399)
(8.500000	0.633267	0.080045)
(8.750000	0.652836	0.081171)
(9.000000	0.688360	0.079377)
(9.500000	0.730586	0.079785)
(9.750000	0.757103	0.078449)
(10.000000	0.805106	0.071493)
(10.250000	0.880835	0.056271)
(10.500000	0.967758	0.040578)
(10.750000	0.993439	0.038078)
(11.000000	1.003809	0.038487)
(11.250000	1.012764	0.039465)
(11.500000	1.018245	0.041531)
(11.750000	1.021796	0.044440)
(12.000000	1.027727	0.047336)
(12.250000	1.037068	0.049972)
(12.500000	1.048660	0.052496)
(12.750000	1.065270	0.054501)
(13.000000	1.082716	0.056617)
(13.250000	1.104987	0.058350)
(13.500000	1.119474	0.061135)
(13.750000	1.137500	0.063659)
(14.000000	1.155332	0.066357)
(14.250000	1.169755	0.069526)
(14.500000	1.185528	0.072694)
(14.750000	1.205998	0.075565)
(15.000000	1.200865	0.080812)
(15.250000	1.201842	0.085713)
(15.500000	1.213306	0.089636)
(15.750000	1.202962	0.096208)
(16.000000	1.191073	0.103510)
(16.250000	1.176998	0.111764)
(16.500000	1.161057	0.121183)
(16.750000	1.144472	0.131801)
(17.750000	0.827440	0.247379)
(18.000000	0.835687	0.250981)
(18.250000	0.848501	0.255152)
(18.500000	0.853275	0.258023)
(18.750000	0.859399	0.261537)
(19.000000	0.869705	0.265424)
(19.250000	0.878788	0.268988)
(19.500000	0.884140	0.272465)
(19.750000	0.894317	0.276426)
(20.000000	0.902886	0.279990)
(20.250000	0.908946	0.283715)
(20.500000	0.921310	0.288059)
(20.750000	0.926276	0.291277)
(21.000000	0.934909	0.295311)
(21.250000	0.944314	0.299111)
(21.500000	0.950824	0.303059)
(21.750000	0.962417	0.307217)
(22.000000	0.967447	0.310942)
(22.250000	0.979747	0.315484)
(22.500000	0.984263	0.318986)
(22.750000	0.995534	0.323442)
(23.000000	1.000950	0.327167)
(23.250000	1.011964	0.331684)
(23.500000	1.017573	0.335434)
(23.750000	1.028844	0.339988)
(24.000000	1.034067	0.343874)
(24.250000	1.044823	0.348268)
(24.500000	1.050626	0.352414)
(24.750000	1.060224	0.356696)
(25.000000	1.067313	0.361139)
(25.250000	1.075817	0.365309)
(25.500000	1.084322	0.369814)
(25.750000	1.091604	0.374121)
(26.250000	1.107776	0.383032)
(26.500000	1.116603	0.387376)
(26.750000	1.124335	0.392041)
(27.000000	1.131939	0.396422)
(27.500000	1.147790	0.405556)
(27.750000	1.156101	0.409986)
(28.000000	1.164348	0.414652)
(28.250000	1.171373	0.419243)
(28.500000	1.179877	0.423699)
(28.750000	1.187417	0.428501)
(29.000000	1.194763	0.433055)
(29.250000	1.203268	0.437547)
(29.500000	1.210421	0.442386)
(29.750000	1.217832	0.446978)
(30.000000	1.226143	0.451421)
(34.285714	1.140897	0.533141)
(38.571429	1.067182	0.619492)
(42.857143	0.997500	0.708435)
(47.142857	0.927228	0.797865)
(51.428571	0.853548	0.885655)
(55.714286	0.774883	0.969704)
(60.000000	0.690555	1.047989)
(64.285714	0.600577	1.118606)
(68.571429	0.505510	1.179816)
(72.857143	0.406358	1.230083)
(77.142857	0.304481	1.268113)
(81.428571	0.201524	1.292879)
(85.714286	0.099354	1.303649)
(90.000000	0.000000	1.300000)
(94.285714	-0.069548	1.303649)
(98.571429	-0.141066	1.292879)
(102.857143	-0.213137	1.268113)
(107.142857	-0.284451	1.230083)
(111.428571	-0.353857	1.179816)
(115.714286	-0.420404	1.118606)
(120.000000	-0.483388	1.047989)
(124.285714	-0.542418	0.969704)
(128.571429	-0.597484	0.885655)
(132.857143	-0.649059	0.797865)
(137.142857	-0.698250	0.708435)
(141.428571	-0.747027	0.619492)
(145.714286	-0.798628	0.533141)
(150.000000	-0.858300	0.451421)
(152.142857	-0.796993	0.412904)
(154.285714	-0.735686	0.376254)
(156.428571	-0.674379	0.341686)
(158.571429	-0.613071	0.309404)
(160.714286	-0.551764	0.279596)
(162.857143	-0.490457	0.252438)
(165.000000	-0.429150	0.228088)
(167.142857	-0.367843	0.206689)
(169.285714	-0.306536	0.188366)
(171.428571	-0.245229	0.173226)
(173.571429	-0.183921	0.161357)
(175.714286	-0.122614	0.152830)
(177.857143	-0.061307	0.147694)
(180.000000	0.000000	0.145978)
