// Re = 0.07
(-180.000000	0.000000	0.041404)
(-177.857143	0.044672	0.043193)
(-175.714286	0.089344	0.048548)
(-173.571429	0.134016	0.057441)
(-171.428571	0.178688	0.069819)
(-169.285714	0.223360	0.085614)
(-167.142857	0.268032	0.104736)
(-165.000000	0.312704	0.127077)
(-162.857143	0.357376	0.152509)
(-160.714286	0.402048	0.180890)
(-158.571429	0.446720	0.212058)
(-156.428571	0.491393	0.245837)
(-154.285714	0.536065	0.282035)
(-152.142857	0.580737	0.320448)
(-150.000000	0.625409	0.360857)
(-145.714286	0.610472	0.446738)
(-141.428571	0.594812	0.537732)
(-137.142857	0.575588	0.631777)
(-132.857143	0.551073	0.726736)
(-128.571429	0.520285	0.820454)
(-124.285714	0.482788	0.910795)
(-120.000000	0.438568	0.995702)
(-115.714286	0.387962	1.073233)
(-111.428571	0.331595	1.141610)
(-107.142857	0.270335	1.199259)
(-102.857143	0.205251	1.244843)
(-98.571429	0.137579	1.277293)
(-94.285714	0.068678	1.295834)
(-90.000000	0.000000	1.300000)
(-85.714286	-0.068678	1.295834)
(-81.428571	-0.137579	1.277293)
(-77.142857	-0.205251	1.244843)
(-72.857143	-0.270335	1.199259)
(-68.571429	-0.331595	1.141610)
(-64.285714	-0.387962	1.073233)
(-60.000000	-0.438568	0.995702)
(-55.714286	-0.482788	0.910795)
(-51.428571	-0.520285	0.820454)
(-47.142857	-0.551073	0.726736)
(-42.857143	-0.575588	0.631777)
(-38.571429	-0.594812	0.537732)
(-34.285714	-0.610472	0.446738)
(-30.000000	-0.625409	0.360857)
(-28.214286	-0.611901	0.337832)
(-26.428571	-0.598394	0.314808)
(-24.642857	-0.584886	0.291783)
(-22.857143	-0.571379	0.268758)
(-21.071429	-0.557872	0.245734)
(-19.285714	-0.544364	0.222709)
(-17.500000	-0.530857	0.199684)
(-15.714286	-0.517349	0.176660)
(-13.928571	-0.503842	0.153635)
(-12.142857	-0.490335	0.130611)
(-10.357143	-0.476827	0.107586)
(-8.571429	-0.463320	0.084561)
(-5.000000	-0.436305	0.038512)
(-4.750000	-0.410046	0.039946)
(-4.500000	-0.382215	0.041244)
(-4.250000	-0.356234	0.042245)
(-4.000000	-0.338297	0.042784)
(-3.750000	-0.319250	0.043447)
(-3.500000	-0.302514	0.043775)
(-3.250000	-0.288275	0.043775)
(-3.000000	-0.268396	0.044082)
(-2.750000	-0.245558	0.044150)
(-2.500000	-0.231967	0.044005)
(-2.250000	-0.221334	0.044073)
(-2.000000	-0.208574	0.044092)
(-1.750000	-0.191007	0.044054)
(-1.500000	-0.170388	0.043967)
(-1.250000	-0.161882	0.043957)
(-1.000000	-0.147366	0.044054)
(-0.750000	-0.123141	0.044130)
(-0.500000	-0.112970	0.044294)
(-0.250000	-0.099009	0.044486)
(0.000000	-0.074599	0.044650)
(0.250000	-0.064336	0.044958)
(0.500000	-0.048710	0.045266)
(0.750000	-0.023099	0.045535)
(1.000000	-0.015794	0.045997)
(1.250000	0.003160	0.046401)
(1.500000	0.021745	0.046843)
(1.750000	0.033580	0.047411)
(2.000000	0.055863	0.047882)
(2.250000	0.066680	0.048489)
(2.500000	0.081382	0.049095)
(2.750000	0.104867	0.049643)
(3.000000	0.112356	0.050393)
(3.250000	0.129184	0.051067)
(3.500000	0.150542	0.051692)
(3.750000	0.174859	0.052327)
(4.000000	0.191595	0.053318)
(4.250000	0.231076	0.054194)
(4.500000	0.263992	0.055579)
(4.750000	0.298018	0.056897)
(5.000000	0.314569	0.057830)
(5.250000	0.342584	0.058792)
(5.500000	0.371155	0.059850)
(5.750000	0.391866	0.061265)
(6.000000	0.427834	0.062150)
(6.250000	0.448083	0.063641)
(6.500000	0.481369	0.064574)
(6.750000	0.502542	0.066008)
(7.000000	0.538418	0.066662)
(7.250000	0.555893	0.068211)
(7.500000	0.591305	0.068653)
(7.750000	0.611369	0.069933)
(8.000000	0.631988	0.071116)
(8.250000	0.670267	0.070885)
(8.500000	0.687003	0.072165)
(8.750000	0.707621	0.073040)
(9.000000	0.751171	0.071645)
(9.500000	0.796847	0.071963)
(9.750000	0.827451	0.070924)
(10.000000	0.888939	0.065517)
(10.250000	0.990277	0.053684)
(10.500000	1.107704	0.041485)
(10.750000	1.137107	0.039542)
(11.000000	1.144504	0.039859)
(11.250000	1.149866	0.040619)
(11.500000	1.150236	0.042226)
(11.750000	1.147831	0.044486)
(12.000000	1.148848	0.046738)
(12.250000	1.154765	0.048787)
(12.500000	1.163919	0.050749)
(12.750000	1.180284	0.052308)
(13.000000	1.197852	0.053953)
(13.250000	1.222354	0.055300)
(13.500000	1.235668	0.057465)
(13.750000	1.254068	0.059427)
(14.000000	1.272190	0.061524)
(14.250000	1.285412	0.063987)
(14.500000	1.300575	0.066450)
(14.750000	1.322489	0.068682)
(15.000000	1.307602	0.072761)
(15.250000	1.301499	0.076571)
(15.500000	1.310468	0.079621)
(15.750000	1.288091	0.084729)
(16.000000	1.263496	0.090405)
(16.250000	1.235757	0.096822)
(16.500000	1.205336	0.104143)
(16.750000	1.173991	0.112398)
(17.750000	0.688284	0.202243)
(18.000000	0.692629	0.205043)
(18.250000	0.703540	0.208285)
(18.500000	0.702892	0.210517)
(18.750000	0.704186	0.213249)
(19.000000	0.711490	0.216270)
(19.250000	0.717038	0.219041)
(19.500000	0.717222	0.221744)
(19.750000	0.724342	0.224823)
(20.000000	0.729149	0.227593)
(20.250000	0.730351	0.230489)
(20.500000	0.740614	0.233866)
(20.750000	0.740244	0.236367)
(21.000000	0.745144	0.239504)
(21.250000	0.751154	0.242457)
(21.500000	0.753002	0.245526)
(21.750000	0.762156	0.248759)
(22.000000	0.761878	0.251654)
(22.250000	0.772049	0.255185)
(22.500000	0.771031	0.257908)
(22.750000	0.779722	0.261371)
(23.000000	0.779999	0.264267)
(23.250000	0.788321	0.267778)
(23.500000	0.788875	0.270693)
(23.750000	0.797566	0.274234)
(24.000000	0.797566	0.277254)
(24.250000	0.805517	0.280670)
(24.500000	0.806349	0.283893)
(24.750000	0.812636	0.287221)
(25.000000	0.815317	0.290675)
(25.250000	0.820032	0.293917)
(25.500000	0.824748	0.297419)
(25.750000	0.827706	0.300767)
(26.250000	0.835935	0.307694)
(26.500000	0.841112	0.311071)
(26.750000	0.844718	0.314697)
(27.000000	0.848139	0.318103)
(27.500000	0.855905	0.325203)
(27.750000	0.860343	0.328647)
(28.000000	0.864688	0.332274)
(28.250000	0.867277	0.335843)
(28.500000	0.871992	0.339307)
(28.750000	0.875320	0.343039)
(29.000000	0.878371	0.346580)
(29.250000	0.883086	0.350072)
(29.500000	0.885860	0.353834)
(29.750000	0.889003	0.357403)
(30.000000	0.893441	0.360857)
(34.285714	0.872103	0.446738)
(38.571429	0.849731	0.537732)
(42.857143	0.822268	0.631777)
(47.142857	0.787247	0.726736)
(51.428571	0.743265	0.820454)
(55.714286	0.689697	0.910795)
(60.000000	0.626526	0.995702)
(64.285714	0.554232	1.073233)
(68.571429	0.473707	1.141610)
(72.857143	0.386192	1.199259)
(77.142857	0.293216	1.244843)
(81.428571	0.196541	1.277293)
(85.714286	0.098111	1.295834)
(90.000000	0.000000	1.300000)
(94.285714	-0.068678	1.295834)
(98.571429	-0.137579	1.277293)
(102.857143	-0.205251	1.244843)
(107.142857	-0.270335	1.199259)
(111.428571	-0.331595	1.141610)
(115.714286	-0.387962	1.073233)
(120.000000	-0.438568	0.995702)
(124.285714	-0.482788	0.910795)
(128.571429	-0.520285	0.820454)
(132.857143	-0.551073	0.726736)
(137.142857	-0.575588	0.631777)
(141.428571	-0.594812	0.537732)
(145.714286	-0.610472	0.446738)
(150.000000	-0.625409	0.360857)
(152.142857	-0.580737	0.320448)
(154.285714	-0.536065	0.282035)
(156.428571	-0.491393	0.245837)
(158.571429	-0.446720	0.212058)
(160.714286	-0.402048	0.180890)
(162.857143	-0.357376	0.152509)
(165.000000	-0.312704	0.127077)
(167.142857	-0.268032	0.104736)
(169.285714	-0.223360	0.085614)
(171.428571	-0.178688	0.069819)
(173.571429	-0.134016	0.057441)
(175.714286	-0.089344	0.048548)
(177.857143	-0.044672	0.043193)
(180.000000	0.000000	0.041404)
