// Re = 0.07
(-180.000000	0.000000	0.117165)
(-177.857143	0.057186	0.118901)
(-175.714286	0.114371	0.124097)
(-173.571429	0.171557	0.132725)
(-171.428571	0.228742	0.144734)
(-169.285714	0.285928	0.160055)
(-167.142857	0.343114	0.178598)
(-165.000000	0.400299	0.200256)
(-162.857143	0.457485	0.224905)
(-160.714286	0.514670	0.252400)
(-158.571429	0.571856	0.282582)
(-156.428571	0.629042	0.315277)
(-154.285714	0.686227	0.350294)
(-152.142857	0.743413	0.387429)
(-150.000000	0.800598	0.426468)
(-145.714286	0.752010	0.509335)
(-141.428571	0.709314	0.596965)
(-137.142857	0.667859	0.687314)
(-132.857143	0.624782	0.778267)
(-128.571429	0.578357	0.867690)
(-124.285714	0.527644	0.953473)
(-120.000000	0.472283	1.033583)
(-115.714286	0.412366	1.106104)
(-111.428571	0.348342	1.169289)
(-107.142857	0.280953	1.221590)
(-102.857143	0.211183	1.261701)
(-98.571429	0.140202	1.288585)
(-94.285714	0.069332	1.301496)
(-90.000000	0.000000	1.300000)
(-85.714286	-0.069332	1.301496)
(-81.428571	-0.140202	1.288585)
(-77.142857	-0.211183	1.261701)
(-72.857143	-0.280953	1.221590)
(-68.571429	-0.348342	1.169289)
(-64.285714	-0.412366	1.106104)
(-60.000000	-0.472283	1.033583)
(-55.714286	-0.527644	0.953473)
(-51.428571	-0.578357	0.867690)
(-47.142857	-0.624782	0.778267)
(-42.857143	-0.667859	0.687314)
(-38.571429	-0.709314	0.596965)
(-34.285714	-0.752010	0.509335)
(-30.000000	-0.800598	0.426468)
(-28.214286	-0.774258	0.398666)
(-26.428571	-0.747917	0.370864)
(-24.642857	-0.721576	0.343062)
(-22.857143	-0.695235	0.315260)
(-21.071429	-0.668895	0.287458)
(-19.285714	-0.642554	0.259656)
(-17.500000	-0.616213	0.231853)
(-15.714286	-0.589872	0.204051)
(-13.928571	-0.563532	0.176249)
(-12.142857	-0.537191	0.148447)
(-10.357143	-0.510850	0.120645)
(-8.571429	-0.484509	0.092843)
(-5.000000	-0.431828	0.037239)
(-4.750000	-0.407650	0.038969)
(-4.500000	-0.382259	0.040538)
(-4.250000	-0.358294	0.041746)
(-4.000000	-0.340533	0.042396)
(-3.750000	-0.321916	0.043198)
(-3.500000	-0.305081	0.043593)
(-3.250000	-0.290171	0.043593)
(-3.000000	-0.270913	0.043965)
(-2.750000	-0.249372	0.044046)
(-2.500000	-0.234962	0.043872)
(-2.250000	-0.222833	0.043953)
(-2.000000	-0.209064	0.043976)
(-1.750000	-0.191588	0.043930)
(-1.500000	-0.171759	0.043825)
(-1.250000	-0.161270	0.043814)
(-1.000000	-0.146146	0.043930)
(-0.750000	-0.123536	0.044023)
(-0.500000	-0.111764	0.044220)
(-0.250000	-0.097068	0.044453)
(0.000000	-0.074316	0.044650)
(0.250000	-0.062472	0.045022)
(0.500000	-0.046493	0.045393)
(0.750000	-0.022814	0.045719)
(1.000000	-0.013252	0.046276)
(1.250000	0.005294	0.046764)
(1.500000	0.023555	0.047299)
(1.750000	0.036611	0.047984)
(2.000000	0.057723	0.048553)
(2.250000	0.069995	0.049285)
(2.500000	0.085261	0.050017)
(2.750000	0.107300	0.050679)
(3.000000	0.117005	0.051585)
(3.250000	0.133911	0.052398)
(3.500000	0.154311	0.053153)
(3.750000	0.176992	0.053920)
(4.000000	0.193826	0.055117)
(4.250000	0.228201	0.056174)
(4.500000	0.257513	0.057847)
(4.750000	0.287681	0.059438)
(5.000000	0.304373	0.060565)
(5.250000	0.329906	0.061727)
(5.500000	0.355867	0.063004)
(5.750000	0.375768	0.064712)
(6.000000	0.407433	0.065781)
(6.250000	0.426977	0.067581)
(6.500000	0.456575	0.068708)
(6.750000	0.476832	0.070439)
(7.000000	0.508426	0.071229)
(7.250000	0.525831	0.073099)
(7.500000	0.557068	0.073634)
(7.750000	0.576469	0.075179)
(8.000000	0.596299	0.076608)
(8.250000	0.629746	0.076329)
(8.500000	0.646581	0.077874)
(8.750000	0.666410	0.078931)
(9.000000	0.703922	0.077246)
(9.500000	0.747003	0.077630)
(9.750000	0.774533	0.076375)
(10.000000	0.825877	0.069847)
(10.250000	0.907951	0.055558)
(10.500000	1.002432	0.040828)
(10.750000	1.029035	0.038482)
(11.000000	1.038668	0.038865)
(11.250000	1.046733	0.039783)
(11.500000	1.050947	0.041723)
(11.750000	1.053023	0.044453)
(12.000000	1.057736	0.047171)
(12.250000	1.066229	0.049645)
(12.500000	1.077217	0.052015)
(12.750000	1.093766	0.053897)
(13.000000	1.111242	0.055883)
(13.250000	1.134066	0.057510)
(13.500000	1.148263	0.060123)
(13.750000	1.166381	0.062493)
(14.000000	1.184285	0.065026)
(14.250000	1.198410	0.068000)
(14.500000	1.214033	0.070973)
(14.750000	1.234860	0.073669)
(15.000000	1.227310	0.078594)
(15.250000	1.226534	0.083194)
(15.500000	1.237379	0.086877)
(15.750000	1.224054	0.093045)
(16.000000	1.209017	0.099899)
(16.250000	1.191556	0.107647)
(16.500000	1.172028	0.116488)
(16.750000	1.151786	0.126455)
(17.750000	0.792962	0.234943)
(18.000000	0.800243	0.238324)
(18.250000	0.812585	0.242239)
(18.500000	0.816015	0.244934)
(18.750000	0.820943	0.248233)
(19.000000	0.830505	0.251880)
(19.250000	0.838712	0.255226)
(19.500000	0.842784	0.258490)
(19.750000	0.852203	0.262208)
(20.000000	0.859840	0.265553)
(20.250000	0.864697	0.269050)
(20.500000	0.876540	0.273127)
(20.750000	0.880184	0.276148)
(21.000000	0.887892	0.279935)
(21.250000	0.896456	0.283501)
(21.500000	0.901811	0.287207)
(21.750000	0.912800	0.291110)
(22.000000	0.916515	0.294607)
(22.250000	0.928287	0.298870)
(22.500000	0.931432	0.302157)
(22.750000	0.942064	0.306339)
(23.000000	0.946207	0.309836)
(23.250000	0.956553	0.314076)
(23.500000	0.960910	0.317596)
(23.750000	0.971542	0.321871)
(24.000000	0.975471	0.325519)
(24.250000	0.985532	0.329643)
(24.500000	0.990103	0.333534)
(24.750000	0.998881	0.337554)
(25.000000	1.004878	0.341724)
(25.250000	1.012443	0.345639)
(25.500000	1.020009	0.349867)
(25.750000	1.026220	0.353910)
(26.250000	1.040424	0.362274)
(26.500000	1.048346	0.366351)
(26.750000	1.055056	0.370731)
(27.000000	1.061624	0.374843)
(27.500000	1.075471	0.383416)
(27.750000	1.082823	0.387575)
(28.000000	1.090103	0.391955)
(28.250000	1.096029	0.396264)
(28.500000	1.103595	0.400446)
(28.750000	1.110091	0.404954)
(29.000000	1.116373	0.409229)
(29.250000	1.123939	0.413445)
(29.500000	1.130007	0.417988)
(29.750000	1.136360	0.422297)
(30.000000	1.143712	0.426468)
(34.285714	1.074300	0.509335)
(38.571429	1.013306	0.596965)
(42.857143	0.954084	0.687314)
(47.142857	0.892546	0.778267)
(51.428571	0.826224	0.867690)
(55.714286	0.753777	0.953473)
(60.000000	0.674691	1.033583)
(64.285714	0.589094	1.106104)
(68.571429	0.497631	1.169289)
(72.857143	0.401362	1.221590)
(77.142857	0.301690	1.261701)
(81.428571	0.200289	1.288585)
(85.714286	0.099046	1.301496)
(90.000000	0.000000	1.300000)
(94.285714	-0.069332	1.301496)
(98.571429	-0.140202	1.288585)
(102.857143	-0.211183	1.261701)
(107.142857	-0.280953	1.221590)
(111.428571	-0.348342	1.169289)
(115.714286	-0.412366	1.106104)
(120.000000	-0.472283	1.033583)
(124.285714	-0.527644	0.953473)
(128.571429	-0.578357	0.867690)
(132.857143	-0.624782	0.778267)
(137.142857	-0.667859	0.687314)
(141.428571	-0.709314	0.596965)
(145.714286	-0.752010	0.509335)
(150.000000	-0.800598	0.426468)
(152.142857	-0.743413	0.387429)
(154.285714	-0.686227	0.350294)
(156.428571	-0.629042	0.315277)
(158.571429	-0.571856	0.282582)
(160.714286	-0.514670	0.252400)
(162.857143	-0.457485	0.224905)
(165.000000	-0.400299	0.200256)
(167.142857	-0.343114	0.178598)
(169.285714	-0.285928	0.160055)
(171.428571	-0.228742	0.144734)
(173.571429	-0.171557	0.132725)
(175.714286	-0.114371	0.124097)
(177.857143	-0.057186	0.118901)
(180.000000	0.000000	0.117165)
