// Re = 0.07
(-180.000000	0.000000	0.056482)
(-177.857143	0.047402	0.058260)
(-175.714286	0.094804	0.063584)
(-173.571429	0.142206	0.072424)
(-171.428571	0.189608	0.084729)
(-169.285714	0.237010	0.100430)
(-167.142857	0.284412	0.119436)
(-165.000000	0.331814	0.141641)
(-162.857143	0.379216	0.166918)
(-160.714286	0.426618	0.195122)
(-158.571429	0.474020	0.226094)
(-156.428571	0.521423	0.259657)
(-154.285714	0.568825	0.295620)
(-152.142857	0.616227	0.333779)
(-150.000000	0.663629	0.373915)
(-145.714286	0.641351	0.459196)
(-141.428571	0.619792	0.549521)
(-137.142857	0.595718	0.642830)
(-132.857143	0.567153	0.736992)
(-128.571429	0.532954	0.829855)
(-124.285714	0.492574	0.919289)
(-120.000000	0.445924	1.003241)
(-115.714286	0.393286	1.079775)
(-111.428571	0.335249	1.147119)
(-107.142857	0.272651	1.203704)
(-102.857143	0.206545	1.248198)
(-98.571429	0.138151	1.279541)
(-94.285714	0.068821	1.296961)
(-90.000000	0.000000	1.300000)
(-85.714286	-0.068821	1.296961)
(-81.428571	-0.138151	1.279541)
(-77.142857	-0.206545	1.248198)
(-72.857143	-0.272651	1.203704)
(-68.571429	-0.335249	1.147119)
(-64.285714	-0.393286	1.079775)
(-60.000000	-0.445924	1.003241)
(-55.714286	-0.492574	0.919289)
(-51.428571	-0.532954	0.829855)
(-47.142857	-0.567153	0.736992)
(-42.857143	-0.595718	0.642830)
(-38.571429	-0.619792	0.549521)
(-34.285714	-0.641351	0.459196)
(-30.000000	-0.663629	0.373915)
(-28.214286	-0.647322	0.349940)
(-26.428571	-0.631014	0.325964)
(-24.642857	-0.614707	0.301989)
(-22.857143	-0.598400	0.278013)
(-21.071429	-0.582093	0.254038)
(-19.285714	-0.565786	0.230062)
(-17.500000	-0.549479	0.206087)
(-15.714286	-0.533172	0.182112)
(-13.928571	-0.516865	0.158136)
(-12.142857	-0.500557	0.134161)
(-10.357143	-0.484250	0.110185)
(-8.571429	-0.467943	0.086210)
(-5.000000	-0.435329	0.038259)
(-4.750000	-0.409523	0.039751)
(-4.500000	-0.382225	0.041104)
(-4.250000	-0.356683	0.042146)
(-4.000000	-0.338784	0.042707)
(-3.750000	-0.319831	0.043398)
(-3.500000	-0.303074	0.043738)
(-3.250000	-0.288689	0.043738)
(-3.000000	-0.268945	0.044059)
(-2.750000	-0.246390	0.044129)
(-2.500000	-0.232620	0.043979)
(-2.250000	-0.221661	0.044049)
(-2.000000	-0.208681	0.044069)
(-1.750000	-0.191134	0.044029)
(-1.500000	-0.170687	0.043939)
(-1.250000	-0.161748	0.043929)
(-1.000000	-0.147100	0.044029)
(-0.750000	-0.123227	0.044109)
(-0.500000	-0.112707	0.044279)
(-0.250000	-0.098585	0.044480)
(0.000000	-0.074537	0.044650)
(0.250000	-0.063929	0.044971)
(0.500000	-0.048227	0.045291)
(0.750000	-0.023036	0.045572)
(1.000000	-0.015240	0.046052)
(1.250000	0.003626	0.046473)
(1.500000	0.022140	0.046934)
(1.750000	0.034241	0.047525)
(2.000000	0.056269	0.048016)
(2.250000	0.067404	0.048647)
(2.500000	0.082228	0.049278)
(2.750000	0.105398	0.049849)
(3.000000	0.113370	0.050631)
(3.250000	0.130215	0.051332)
(3.500000	0.151364	0.051983)
(3.750000	0.175325	0.052644)
(4.000000	0.192082	0.053676)
(4.250000	0.230449	0.054588)
(4.500000	0.262579	0.056030)
(4.750000	0.295763	0.057403)
(5.000000	0.312344	0.058374)
(5.250000	0.339818	0.059376)
(5.500000	0.367820	0.060478)
(5.750000	0.388354	0.061951)
(6.000000	0.423383	0.062872)
(6.250000	0.443478	0.064425)
(6.500000	0.475960	0.065397)
(6.750000	0.496933	0.066890)
(7.000000	0.531874	0.067571)
(7.250000	0.549334	0.069184)
(7.500000	0.583836	0.069644)
(7.750000	0.603755	0.070977)
(8.000000	0.624202	0.072209)
(8.250000	0.661427	0.071969)
(8.500000	0.678184	0.073301)
(8.750000	0.698631	0.074213)
(9.000000	0.740863	0.072760)
(9.500000	0.785973	0.073091)
(9.750000	0.815906	0.072009)
(10.000000	0.875181	0.066379)
(10.250000	0.972317	0.054057)
(10.500000	1.084738	0.041354)
(10.750000	1.113530	0.039331)
(11.000000	1.121414	0.039661)
(11.250000	1.127366	0.040453)
(11.500000	1.128574	0.042126)
(11.750000	1.127147	0.044480)
(12.000000	1.128971	0.046824)
(12.250000	1.135450	0.048958)
(12.500000	1.145003	0.051001)
(12.750000	1.161409	0.052624)
(13.000000	1.178957	0.054337)
(13.250000	1.203093	0.055740)
(13.500000	1.216599	0.057994)
(13.750000	1.234938	0.060037)
(14.000000	1.253012	0.062221)
(14.250000	1.266431	0.064786)
(14.500000	1.281695	0.067350)
(14.750000	1.303371	0.069674)
(15.000000	1.290085	0.073922)
(15.250000	1.285144	0.077889)
(15.500000	1.294522	0.081065)
(15.750000	1.274121	0.086384)
(16.000000	1.251611	0.092295)
(16.250000	1.226114	0.098977)
(16.500000	1.198069	0.106600)
(16.750000	1.169147	0.115195)
(17.750000	0.711121	0.208752)
(18.000000	0.716107	0.211667)
(18.250000	0.727329	0.215043)
(18.500000	0.727572	0.217367)
(18.750000	0.729658	0.220212)
(19.000000	0.737455	0.223357)
(19.250000	0.743583	0.226243)
(19.500000	0.744615	0.229058)
(19.750000	0.752236	0.232263)
(20.000000	0.757661	0.235148)
(20.250000	0.759660	0.238164)
(20.500000	0.770268	0.241680)
(20.750000	0.770774	0.244285)
(21.000000	0.776286	0.247550)
(21.250000	0.782853	0.250626)
(21.500000	0.785467	0.253822)
(21.750000	0.795021	0.257188)
(22.000000	0.795614	0.260203)
(22.250000	0.806134	0.263879)
(22.500000	0.806025	0.266715)
(22.750000	0.815139	0.270321)
(23.000000	0.816260	0.273336)
(23.250000	0.825023	0.276993)
(23.500000	0.826407	0.280028)
(23.750000	0.835521	0.283715)
(24.000000	0.836378	0.286860)
(24.250000	0.844790	0.290417)
(24.500000	0.846438	0.293773)
(24.750000	0.853268	0.297239)
(25.000000	0.856673	0.300835)
(25.250000	0.862010	0.304211)
(25.500000	0.867347	0.307858)
(25.750000	0.871015	0.311344)
(26.250000	0.880547	0.318557)
(26.500000	0.886323	0.322073)
(26.750000	0.890606	0.325850)
(27.000000	0.894713	0.329396)
(27.500000	0.903806	0.336789)
(27.750000	0.908880	0.340375)
(28.000000	0.913866	0.344152)
(28.250000	0.917182	0.347869)
(28.500000	0.922519	0.351475)
(28.750000	0.926539	0.355362)
(29.000000	0.930295	0.359049)
(29.250000	0.935632	0.362685)
(29.500000	0.939124	0.366602)
(29.750000	0.942968	0.370319)
(30.000000	0.948041	0.373915)
(34.285714	0.916215	0.459196)
(38.571429	0.885417	0.549521)
(42.857143	0.851025	0.642830)
(47.142857	0.810219	0.736992)
(51.428571	0.761363	0.829855)
(55.714286	0.703677	0.919289)
(60.000000	0.637034	1.003241)
(64.285714	0.561838	1.079775)
(68.571429	0.478927	1.147119)
(72.857143	0.389502	1.203704)
(77.142857	0.295064	1.248198)
(81.428571	0.197359	1.279541)
(85.714286	0.098315	1.296961)
(90.000000	0.000000	1.300000)
(94.285714	-0.068821	1.296961)
(98.571429	-0.138151	1.279541)
(102.857143	-0.206545	1.248198)
(107.142857	-0.272651	1.203704)
(111.428571	-0.335249	1.147119)
(115.714286	-0.393286	1.079775)
(120.000000	-0.445924	1.003241)
(124.285714	-0.492574	0.919289)
(128.571429	-0.532954	0.829855)
(132.857143	-0.567153	0.736992)
(137.142857	-0.595718	0.642830)
(141.428571	-0.619792	0.549521)
(145.714286	-0.641351	0.459196)
(150.000000	-0.663629	0.373915)
(152.142857	-0.616227	0.333779)
(154.285714	-0.568825	0.295620)
(156.428571	-0.521423	0.259657)
(158.571429	-0.474020	0.226094)
(160.714286	-0.426618	0.195122)
(162.857143	-0.379216	0.166918)
(165.000000	-0.331814	0.141641)
(167.142857	-0.284412	0.119436)
(169.285714	-0.237010	0.100430)
(171.428571	-0.189608	0.084729)
(173.571429	-0.142206	0.072424)
(175.714286	-0.094804	0.063584)
(177.857143	-0.047402	0.058260)
(180.000000	0.000000	0.056482)
