// Re = 0.02e6 
// (alpha_deg cl cd)
(-180	0.0000	0.0372)
(-170	0.1732	0.0755)
(-160	0.3465	0.1859)
(-150	0.5197	0.3547)
(-140	0.5230	0.5615)
(-130	0.4909	0.7809)
(-120	0.4158	0.9861)
(-110	0.3009	1.1518)
(-100	0.1570	1.2576)
(-90	0.0000	1.2900)
(-80	-0.1570	1.2576)
(-70	-0.3009	1.1518)
(-60	-0.4158	0.9861)
(-50	-0.4909	0.7809)
(-40	-0.5230	0.5615)
(-30	-0.5197	0.3547)
(-20	-0.3268	0.2385)
(-10	-0.1339	0.1222)
(-5	-0.0374	0.0641)
(-4.5	-0.0468	0.0635)
(-4	-0.0549	0.0629)
(-3.5	-0.0618	0.0624)
(-3	-0.0675	0.0618)
(-2.5	-0.0723	0.0613)
(-2	-0.0764	0.0608)
(-1.5	-0.0800	0.0604)
(-1	-0.0835	0.0599)
(-0.5	-0.0870	0.0594)
(0	-0.0908	0.0589)
(0.5	-0.0952	0.0583)
(1	-0.1001	0.0576)
(1.5	-0.1055	0.0568)
(2	-0.1106	0.0559)
(2.5	-0.1128	0.0551)
(3	-0.0999	0.0552)
(3.5	-0.0710	0.0564)
(4	-0.0336	0.0585)
(4.5	0.0067	0.0611)
(5	0.0473	0.0642)
(5.5	0.0868	0.0677)
(6	0.1246	0.0714)
(6.5	0.1606	0.0755)
(7	0.1946	0.0798)
(7.5	0.2269	0.0844)
(8	0.2574	0.0892)
(8.5	0.2863	0.0944)
(9	0.3138	0.0998)
(9.5	0.3399	0.1056)
(10	0.4021	0.1168)
(10.5	0.4492	0.1258)
(11	0.4870	0.1339)
(11.5	0.5204	0.1417)
(12	0.5518	0.1497)
(12.5	0.5851	0.1585)
(13	0.6064	0.1647)
(13.5	0.6317	0.1721)
(14	0.6556	0.1794)
(14.5	0.6811	0.1873)
(15	0.7015	0.1937)
(15.5	0.7238	0.2007)
(16	0.7485	0.2086)
(16.5	0.7671	0.2142)
(17	0.7928	0.2226)
(17.5	0.8106	0.2279)
(18	0.8305	0.2339)
(18.5	0.8511	0.2401)
(19	0.8717	0.2464)
(19.5	0.8922	0.2526)
(20	0.9127	0.2588)
(20.5	0.9338	0.2654)
(21	0.9557	0.2725)
(21.5	0.9732	0.2771)
(22	0.9908	0.2821)
(22.5	1.0116	0.2889)
(23	1.0298	0.2941)
(23.5	1.0474	0.2992)
(24	1.0666	0.3053)
(24.5	1.0839	0.3104)
(25	1.1004	0.3151)
(25.5	1.1206	0.3226)
(26	1.1355	0.3262)
(26.5	1.1508	0.3303)
(27	1.1671	0.3353)
(27.5	1.1836	0.3406)
(28	1.1998	0.3460)
(28.5	0.7281	0.3359)
(29	0.7333	0.3423)
(29.5	0.7380	0.3485)
(30	0.7424	0.3547)
(40	0.7471	0.5615)
(50	0.7013	0.7809)
(60	0.5940	0.9861)
(70	0.4299	1.1518)
(80	0.2244	1.2576)
(90	0.0000	1.2900)
(100	-0.1570	1.2576)
(110	-0.3009	1.1518)
(120	-0.4158	0.9861)
(130	-0.4909	0.7809)
(140	-0.5230	0.5615)
(150	-0.5197	0.3547)
(160	-0.3465	0.1859)
(170	-0.1732	0.0755)
(180	0.0000	0.0372)
