// Re = 0.1e6 
// (alpha_deg cl cd)
(-180	0.0000	0.0041)
(-170	0.4753	0.0430)
(-160	0.8108	0.1548)
(-150	0.6934	0.3261)
(-140	0.6287	0.5362)
(-130	0.5534	0.7596)
(-120	0.4492	0.9696)
(-110	0.3153	1.1405)
(-100	0.1606	1.2518)
(-90	0.0000	1.2900)
(-80	-0.1606	1.2518)
(-70	-0.3153	1.1405)
(-60	-0.4492	0.9696)
(-50	-0.5534	0.7596)
(-40	-0.6287	0.5362)
(-30	-0.6934	0.3261)
(-20	-0.8108	0.1548)
(-10	-0.4880	0.0662)
(-5	-0.2583	0.0282)
(-4.75	-0.2302	0.0288)
(-4.5	-0.2038	0.0294)
(-4.25	-0.1809	0.0301)
(-4	-0.1581	0.0306)
(-3.75	-0.1336	0.0310)
(-3.5	-0.1072	0.0311)
(-3.25	-0.0874	0.0313)
(-3	-0.0673	0.0314)
(-2.75	-0.0438	0.0313)
(-2.5	-0.0191	0.0312)
(-2.25	-0.0003	0.0312)
(-2	0.0201	0.0315)
(-1.75	0.0485	0.0313)
(-1.5	0.0663	0.0314)
(-1.25	0.0860	0.0314)
(-1	0.1160	0.0312)
(-0.75	0.1324	0.0315)
(-0.5	0.1512	0.0317)
(-0.25	0.1835	0.0314)
(0	0.1991	0.0318)
(0.25	0.2157	0.0323)
(0.5	0.2487	0.0319)
(0.75	0.2652	0.0325)
(1	0.2802	0.0331)
(1.25	0.3056	0.0331)
(1.5	0.3272	0.0335)
(1.75	0.3420	0.0342)
(2	0.3762	0.0339)
(2.25	0.3901	0.0347)
(2.5	0.4017	0.0356)
(3	0.4415	0.0366)
(3.25	0.4616	0.0370)
(4	0.5223	0.0383)
(4.25	0.5043	0.0411)
(4.5	0.5393	0.0405)
(5.5	0.6141	0.0420)
(5.75	0.6212	0.0432)
(6	0.6413	0.0433)
(6.25	0.6650	0.0437)
(7	0.8029	0.0406)
(7.25	0.8797	0.0369)
(8	1.0271	0.0319)
(8.25	1.0862	0.0292)
(8.5	1.1162	0.0286)
(8.75	1.1504	0.0278)
(9	1.1820	0.0271)
(10	1.2466	0.0273)
(10.25	1.2494	0.0282)
(10.5	1.2476	0.0296)
(10.75	1.2420	0.0316)
(11	1.2329	0.0341)
(11.25	1.2225	0.0370)
(11.5	1.2129	0.0401)
(11.75	1.2061	0.0430)
(12	1.2032	0.0458)
(12.5	1.2097	0.0503)
(12.75	1.2179	0.0522)
(13	1.2291	0.0539)
(13.25	1.2451	0.0553)
(13.5	1.2594	0.0569)
(13.75	1.2765	0.0584)
(14	1.2967	0.0597)
(14.25	1.3137	0.0614)
(14.5	1.3251	0.0636)
(14.75	1.3445	0.0653)
(15	1.3620	0.0671)
(15.25	1.3673	0.0700)
(15.5	1.3790	0.0723)
(15.75	1.3857	0.0752)
(16	1.3744	0.0793)
(16.25	1.3705	0.0829)
(16.5	1.3881	0.0851)
(16.75	1.3655	0.0904)
(17	1.3414	0.0961)
(17.25	1.3154	0.1025)
(17.5	1.2867	0.1097)
(17.75	1.2553	0.1179)
(18	1.2222	0.1271)
(20	1.1582	0.1548)
(30	0.9906	0.3261)
(40	0.8982	0.5362)
(50	0.7906	0.7596)
(60	0.6417	0.9696)
(70	0.4505	1.1405)
(80	0.2294	1.2518)
(90	0.0000	1.2900)
(100	-0.1606	1.2518)
(110	-0.3153	1.1405)
(120	-0.4492	0.9696)
(130	-0.5534	0.7596)
(140	-0.6287	0.5362)
(150	-0.6934	0.3261)
(160	-0.8108	0.1548)
(170	-0.4753	0.0430)
(180	0.0000	0.0041)
