// Re = 0.01e6 
// (alpha_deg cl cd)
(-180	0.0000	0.0599)
(-170	0.2901	0.0979)
(-160	0.5801	0.2072)
(-150	0.8702	0.3744)
(-140	0.7363	0.5789)
(-130	0.6169	0.7955)
(-120	0.4832	0.9975)
(-110	0.3300	1.1596)
(-100	0.1642	1.2615)
(-90	0.0000	1.2900)
(-80	-0.1642	1.2615)
(-70	-0.3300	1.1596)
(-60	-0.4832	0.9975)
(-50	-0.6169	0.7955)
(-40	-0.7363	0.5789)
(-30	-0.8702	0.3744)
(-20	-0.5374	0.2532)
(-10	-0.2046	0.1319)
(-5	-0.0382	0.0713)
(-4.5	-0.0453	0.0706)
(-4	-0.0521	0.0700)
(-3.5	-0.0585	0.0695)
(-3	-0.0644	0.0689)
(-2.5	-0.0700	0.0684)
(-2	-0.0752	0.0679)
(-1.5	-0.0802	0.0674)
(-1	-0.0850	0.0669)
(-0.5	-0.0899	0.0664)
(0	-0.0947	0.0658)
(0.5	-0.0996	0.0652)
(1	-0.1043	0.0645)
(1.5	-0.1083	0.0638)
(2	-0.1098	0.0632)
(2.5	-0.1021	0.0630)
(3	-0.0829	0.0636)
(3.5	-0.0557	0.0649)
(4	-0.0239	0.0667)
(4.5	0.0100	0.0690)
(5	0.0446	0.0717)
(5.5	0.0791	0.0746)
(6	0.1130	0.0779)
(6.5	0.1459	0.0814)
(7	0.1778	0.0853)
(7.5	0.2086	0.0894)
(8	0.2382	0.0937)
(8.5	0.2666	0.0983)
(9	0.2938	0.1032)
(9.5	0.3200	0.1083)
(10	0.3451	0.1137)
(10.5	0.3693	0.1193)
(11	0.3927	0.1251)
(11.5	0.4154	0.1312)
(12	0.4376	0.1375)
(12.5	0.4593	0.1440)
(13	0.4807	0.1506)
(13.5	0.5019	0.1575)
(14	0.5230	0.1645)
(14.5	0.5442	0.1717)
(15	0.5659	0.1792)
(15.5	0.6235	0.1953)
(16	0.6586	0.2041)
(16.5	0.6897	0.2124)
(17	0.7180	0.2201)
(17.5	0.7471	0.2291)
(18	0.7709	0.2352)
(18.5	0.7958	0.2423)
(19	0.8211	0.2502)
(19.5	0.8442	0.2567)
(20	0.8667	0.2631)
(20.5	0.8888	0.2693)
(21	0.9132	0.2776)
(21.5	0.9340	0.2833)
(22	0.9543	0.2887)
(22.5	0.9748	0.2946)
(23	0.9954	0.3006)
(23.5	1.0158	0.3068)
(24	1.0363	0.3134)
(24.5	1.0570	0.3204)
(25	1.0745	0.3243)
(25.5	1.0920	0.3286)
(26	1.1106	0.3345)
(26.5	1.1306	0.3422)
(27	1.1459	0.3447)
(27.5	1.1633	0.3502)
(28	1.1809	0.3563)
(28.5	1.1959	0.3596)
(29	1.2134	0.3663)
(29.5	1.2275	0.3693)
(30	1.2431	0.3744)
(40	1.0518	0.5789)
(50	0.8813	0.7955)
(60	0.6903	0.9975)
(70	0.4714	1.1596)
(80	0.2346	1.2615)
(90	0.0000	1.2900)
(100	-0.1642	1.2615)
(110	-0.3300	1.1596)
(120	-0.4832	0.9975)
(130	-0.6169	0.7955)
(140	-0.7363	0.5789)
(150	-0.8702	0.3744)
(160	-0.5801	0.2072)
(170	-0.2901	0.0979)
(180	0.0000	0.0599)
