// Re = 0.13
(-180.000000	0.000000	0.001000)
(-178.625000	0.062241	0.001000)
(-177.250000	0.124482	0.001365)
(-175.875000	0.186723	0.005101)
(-174.500000	0.248964	0.010320)
(-173.125000	0.311206	0.017010)
(-171.750000	0.373447	0.025154)
(-170.375000	0.435688	0.034735)
(-169.000000	0.497929	0.045731)
(-167.625000	0.560170	0.058115)
(-166.250000	0.622411	0.071860)
(-164.875000	0.684652	0.086934)
(-163.500000	0.746893	0.103301)
(-162.125000	0.809134	0.120926)
(-160.750000	0.871375	0.139766)
(-155.696429	0.780381	0.218723)
(-150.642857	0.725932	0.311031)
(-145.589286	0.686286	0.413826)
(-140.535714	0.650532	0.523921)
(-135.482143	0.612687	0.637899)
(-130.428571	0.569409	0.752226)
(-125.375000	0.518982	0.863355)
(-120.321429	0.460803	0.967841)
(-115.267857	0.395101	1.062442)
(-110.214286	0.322746	1.144227)
(-105.160714	0.245123	1.210658)
(-100.107143	0.164022	1.259678)
(-95.053571	0.081542	1.289769)
(-90.000000	0.000000	1.300000)
(-84.946429	-0.081542	1.289769)
(-79.892857	-0.164022	1.259678)
(-74.839286	-0.245123	1.210658)
(-69.785714	-0.322746	1.144227)
(-64.732143	-0.395101	1.062442)
(-59.678571	-0.460803	0.967841)
(-54.625000	-0.518982	0.863355)
(-49.571429	-0.569409	0.752226)
(-44.517857	-0.612687	0.637899)
(-39.464286	-0.650532	0.523921)
(-34.410714	-0.686286	0.413826)
(-29.357143	-0.725932	0.311031)
(-24.303571	-0.780381	0.218723)
(-19.250000	-0.871375	0.139766)
(-18.232143	-0.826457	0.131298)
(-17.214286	-0.781539	0.122831)
(-16.196429	-0.736621	0.114363)
(-15.178571	-0.691703	0.105896)
(-14.160714	-0.646785	0.097428)
(-13.142857	-0.601867	0.088961)
(-12.125000	-0.556949	0.080493)
(-11.107143	-0.512031	0.072025)
(-10.089286	-0.467112	0.063558)
(-9.071429	-0.422194	0.055090)
(-8.053571	-0.377276	0.046623)
(-7.035714	-0.332358	0.038155)
(-5.000000	-0.242522	0.021220)
(-4.750000	-0.216348	0.021693)
(-4.500000	-0.190365	0.021944)
(-4.250000	-0.163521	0.022369)
(-4.000000	-0.138591	0.022765)
(-3.750000	-0.113661	0.023064)
(-3.500000	-0.088253	0.023258)
(-3.250000	-0.060930	0.023287)
(-3.000000	-0.036479	0.023373)
(-2.750000	-0.011836	0.023422)
(-2.500000	0.013668	0.023402)
(-2.250000	0.041469	0.023267)
(-2.000000	0.065442	0.023441)
(-1.750000	0.090276	0.023470)
(-1.500000	0.117503	0.023364)
(-1.250000	0.143965	0.023287)
(-1.000000	0.168033	0.023412)
(-0.750000	0.194016	0.023412)
(-0.500000	0.221721	0.023316)
(-0.250000	0.246651	0.023373)
(0.000000	0.271677	0.023470)
(0.250000	0.299478	0.023402)
(0.500000	0.323834	0.023538)
(0.750000	0.350391	0.023586)
(1.250000	0.400538	0.023798)
(1.500000	0.426616	0.023885)
(1.750000	0.455087	0.023847)
(2.000000	0.477625	0.024117)
(2.250000	0.502459	0.024252)
(2.500000	0.530260	0.024233)
(2.750000	0.552797	0.024522)
(3.000000	0.577823	0.024677)
(3.250000	0.607060	0.024590)
(3.500000	0.629023	0.024909)
(3.750000	0.651943	0.025140)
(4.000000	0.682328	0.024909)
(4.250000	0.703047	0.025237)
(4.500000	0.724818	0.025498)
(5.000000	0.779559	0.025324)
(5.250000	0.800278	0.025536)
(5.500000	0.821380	0.025662)
(5.750000	0.843917	0.025652)
(6.000000	0.868847	0.025469)
(6.250000	0.896074	0.025121)
(6.500000	0.925215	0.024551)
(6.750000	0.949188	0.024291)
(7.000000	0.968279	0.024165)
(7.250000	0.988520	0.023876)
(7.500000	1.013641	0.023277)
(7.750000	1.047663	0.022476)
(8.000000	1.087906	0.021916)
(8.250000	1.118579	0.021713)
(8.500000	1.145901	0.021616)
(8.750000	1.172554	0.021558)
(9.000000	1.197963	0.021529)
(9.250000	1.216480	0.021761)
(9.500000	1.232413	0.022070)
(9.750000	1.242126	0.022553)
(10.000000	1.247244	0.023373)
(10.250000	1.248534	0.024561)
(10.500000	1.245708	0.026202)
(10.750000	1.239246	0.028317)
(11.000000	1.230870	0.030818)
(11.250000	1.221919	0.033598)
(11.500000	1.213446	0.036504)
(11.750000	1.207175	0.039391)
(12.000000	1.203871	0.042143)
(12.250000	1.203152	0.044721)
(12.500000	1.205207	0.047115)
(12.750000	1.209943	0.049317)
(13.000000	1.216784	0.051364)
(13.250000	1.225635	0.053256)
(13.500000	1.236495	0.054984)
(13.750000	1.248983	0.056587)
(14.000000	1.262715	0.058113)
(14.250000	1.277405	0.059600)
(14.500000	1.293816	0.060990)
(14.750000	1.313482	0.062110)
(15.000000	1.327597	0.063819)
(15.250000	1.341712	0.065624)
(15.500000	1.365398	0.066619)
(15.750000	1.369368	0.069371)
(16.000000	1.391618	0.070606)
(16.250000	1.389367	0.073986)
(16.500000	1.416785	0.074826)
(16.750000	1.406686	0.078939)
(17.000000	1.400128	0.082888)
(17.250000	1.406107	0.085630)
(17.500000	1.414767	0.088227)
(17.750000	1.397202	0.093499)
(18.000000	1.379446	0.099070)
(18.250000	1.360542	0.105066)
(18.500000	1.338575	0.111814)
(18.750000	1.311439	0.119741)
(19.000000	1.279040	0.129174)
(19.250000	1.244822	0.139766)
(24.303571	1.114830	0.218723)
(29.357143	1.037045	0.311031)
(34.410714	0.980408	0.413826)
(39.464286	0.929332	0.523921)
(44.517857	0.875267	0.637899)
(49.571429	0.813441	0.752226)
(54.625000	0.741402	0.863355)
(59.678571	0.658291	0.967841)
(64.732143	0.564430	1.062442)
(69.785714	0.461065	1.144227)
(74.839286	0.350176	1.210658)
(79.892857	0.234318	1.259678)
(84.946429	0.116489	1.289769)
(90.000000	0.000000	1.300000)
(95.053571	-0.081542	1.289769)
(100.107143	-0.164022	1.259678)
(105.160714	-0.245123	1.210658)
(110.214286	-0.322746	1.144227)
(115.267857	-0.395101	1.062442)
(120.321429	-0.460803	0.967841)
(125.375000	-0.518982	0.863355)
(130.428571	-0.569409	0.752226)
(135.482143	-0.612687	0.637899)
(140.535714	-0.650532	0.523921)
(145.589286	-0.686286	0.413826)
(150.642857	-0.725932	0.311031)
(155.696429	-0.780381	0.218723)
(160.750000	-0.871375	0.139766)
(162.125000	-0.809134	0.120926)
(163.500000	-0.746893	0.103301)
(164.875000	-0.684652	0.086934)
(166.250000	-0.622411	0.071860)
(167.625000	-0.560170	0.058115)
(169.000000	-0.497929	0.045731)
(170.375000	-0.435688	0.034735)
(171.750000	-0.373447	0.025154)
(173.125000	-0.311206	0.017010)
(174.500000	-0.248964	0.010320)
(175.875000	-0.186723	0.005101)
(177.250000	-0.124482	0.001365)
(178.625000	-0.062241	0.001000)
(180.000000	0.000000	0.001000)
