// Re = 0.12
(-180.000000	0.000000	0.005594)
(-178.642857	0.065519	0.006321)
(-177.285714	0.131038	0.008503)
(-175.928571	0.196557	0.012133)
(-174.571429	0.262077	0.017204)
(-173.214286	0.327596	0.023704)
(-171.857143	0.393115	0.031618)
(-170.500000	0.458634	0.040930)
(-169.142857	0.524153	0.051617)
(-167.785714	0.589672	0.063657)
(-166.428571	0.655192	0.077021)
(-165.071429	0.720711	0.091680)
(-163.714286	0.786230	0.107601)
(-162.357143	0.851749	0.124748)
(-161.000000	0.917268	0.143082)
(-155.928571	0.813118	0.221378)
(-150.857143	0.750517	0.313191)
(-145.785714	0.705312	0.415646)
(-140.714286	0.665504	0.525535)
(-135.642857	0.624549	0.639415)
(-130.571429	0.578789	0.753720)
(-125.500000	0.526319	0.864868)
(-120.428571	0.466424	0.969376)
(-115.357143	0.399261	1.063968)
(-110.285714	0.325664	1.145677)
(-105.214286	0.247001	1.211938)
(-100.142857	0.165059	1.260669)
(-95.071429	0.081947	1.290336)
(-90.000000	0.000000	1.300000)
(-84.928571	-0.081947	1.290336)
(-79.857143	-0.165059	1.260669)
(-74.785714	-0.247001	1.211938)
(-69.714286	-0.325664	1.145677)
(-64.642857	-0.399261	1.063968)
(-59.571429	-0.466424	0.969376)
(-54.500000	-0.526319	0.864868)
(-49.428571	-0.578789	0.753720)
(-44.357143	-0.624549	0.639415)
(-39.285714	-0.665504	0.525535)
(-34.214286	-0.705312	0.415646)
(-29.142857	-0.750517	0.313191)
(-24.071429	-0.813118	0.221378)
(-19.000000	-0.917268	0.143082)
(-18.000000	-0.869208	0.134500)
(-17.000000	-0.821148	0.125919)
(-16.000000	-0.773088	0.117337)
(-15.000000	-0.725028	0.108755)
(-14.000000	-0.676968	0.100174)
(-13.000000	-0.628908	0.091592)
(-12.000000	-0.580848	0.083011)
(-11.000000	-0.532788	0.074429)
(-10.000000	-0.484728	0.065847)
(-9.000000	-0.436668	0.057266)
(-8.000000	-0.388608	0.048684)
(-7.000000	-0.340548	0.040102)
(-5.000000	-0.244428	0.022939)
(-4.750000	-0.218784	0.023432)
(-4.500000	-0.192082	0.023986)
(-4.250000	-0.166614	0.024222)
(-4.000000	-0.142292	0.024715)
(-3.750000	-0.118057	0.025085)
(-3.500000	-0.093558	0.025311)
(-3.250000	-0.067385	0.025372)
(-3.000000	-0.042710	0.025424)
(-2.750000	-0.019181	0.025475)
(-2.500000	0.004877	0.025475)
(-2.250000	0.030962	0.025557)
(-2.000000	0.055725	0.025557)
(-1.750000	0.079079	0.025588)
(-1.500000	0.103666	0.025547)
(-1.250000	0.131865	0.025311)
(-1.000000	0.154161	0.025516)
(-0.750000	0.177691	0.025608)
(-0.500000	0.205538	0.025444)
(-0.250000	0.230213	0.025465)
(0.000000	0.252773	0.025670)
(0.250000	0.277800	0.025732)
(0.500000	0.304766	0.025670)
(0.750000	0.327767	0.025886)
(1.000000	0.352178	0.026029)
(1.250000	0.379144	0.025978)
(1.500000	0.400823	0.026307)
(1.750000	0.424176	0.026543)
(2.000000	0.453786	0.026389)
(2.250000	0.475289	0.026779)
(2.500000	0.496175	0.027138)
(2.750000	0.526401	0.026892)
(3.000000	0.546230	0.027343)
(3.250000	0.566587	0.027764)
(3.500000	0.597342	0.027487)
(3.750000	0.618493	0.027836)
(4.000000	0.637793	0.028298)
(4.250000	0.657886	0.028688)
(4.500000	0.691196	0.028144)
(4.750000	0.709967	0.028565)
(5.000000	0.729444	0.028925)
(5.250000	0.749801	0.029202)
(5.500000	0.782406	0.028504)
(5.750000	0.803645	0.028514)
(6.000000	0.824443	0.028555)
(6.250000	0.845241	0.028432)
(6.500000	0.868154	0.028144)
(6.750000	0.892300	0.027713)
(7.000000	0.918385	0.027169)
(7.250000	0.950550	0.026450)
(7.500000	0.994786	0.025352)
(7.750000	1.038669	0.024541)
(8.000000	1.075768	0.023606)
(8.250000	1.104585	0.023257)
(8.500000	1.132608	0.023031)
(8.750000	1.159926	0.022836)
(9.000000	1.185835	0.022693)
(9.250000	1.205135	0.022847)
(9.500000	1.222497	0.023042)
(9.750000	1.233074	0.023483)
(10.000000	1.240038	0.024243)
(10.250000	1.243478	0.025383)
(10.500000	1.243481	0.026984)
(10.750000	1.240048	0.029109)
(11.000000	1.234236	0.031707)
(11.250000	1.227630	0.034633)
(11.500000	1.221642	0.037713)
(11.750000	1.217504	0.040793)
(12.000000	1.215921	0.043719)
(12.250000	1.217422	0.046430)
(12.500000	1.221831	0.048904)
(12.750000	1.229148	0.051111)
(13.000000	1.238139	0.053236)
(13.250000	1.249509	0.055105)
(13.500000	1.263610	0.056727)
(13.750000	1.280003	0.058165)
(14.000000	1.297100	0.059612)
(14.250000	1.312082	0.061337)
(14.500000	1.327594	0.063093)
(14.750000	1.344779	0.064756)
(15.000000	1.366194	0.066080)
(15.250000	1.381000	0.068062)
(15.500000	1.394397	0.070321)
(15.750000	1.418543	0.071594)
(16.000000	1.418634	0.075125)
(16.250000	1.427537	0.077846)
(16.500000	1.441374	0.080238)
(16.750000	1.433536	0.084694)
(17.000000	1.431248	0.088698)
(17.250000	1.454777	0.090084)
(17.500000	1.438304	0.095710)
(17.750000	1.421653	0.101706)
(18.000000	1.404122	0.108195)
(18.250000	1.384300	0.115402)
(18.500000	1.361570	0.123616)
(18.750000	1.336197	0.132907)
(19.000000	1.310383	0.143082)
(24.071429	1.161597	0.221378)
(29.142857	1.072167	0.313191)
(34.214286	1.007588	0.415646)
(39.285714	0.950720	0.525535)
(44.357143	0.892213	0.639415)
(49.428571	0.826841	0.753720)
(54.500000	0.751884	0.864868)
(59.571429	0.666320	0.969376)
(64.642857	0.570373	1.063968)
(69.714286	0.465235	1.145677)
(74.785714	0.352859	1.211938)
(79.857143	0.235799	1.260669)
(84.928571	0.117067	1.290336)
(90.000000	0.000000	1.300000)
(95.071429	-0.081947	1.290336)
(100.142857	-0.165059	1.260669)
(105.214286	-0.247001	1.211938)
(110.285714	-0.325664	1.145677)
(115.357143	-0.399261	1.063968)
(120.428571	-0.466424	0.969376)
(125.500000	-0.526319	0.864868)
(130.571429	-0.578789	0.753720)
(135.642857	-0.624549	0.639415)
(140.714286	-0.665504	0.525535)
(145.785714	-0.705312	0.415646)
(150.857143	-0.750517	0.313191)
(155.928571	-0.813118	0.221378)
(161.000000	-0.917268	0.143082)
(162.357143	-0.851749	0.124748)
(163.714286	-0.786230	0.107601)
(165.071429	-0.720711	0.091680)
(166.428571	-0.655192	0.077021)
(167.785714	-0.589672	0.063657)
(169.142857	-0.524153	0.051617)
(170.500000	-0.458634	0.040930)
(171.857143	-0.393115	0.031618)
(173.214286	-0.327596	0.023704)
(174.571429	-0.262077	0.017204)
(175.928571	-0.196557	0.012133)
(177.285714	-0.131038	0.008503)
(178.642857	-0.065519	0.006321)
(180.000000	0.000000	0.005594)
