// Re = 0.16
(-180.000000	0.000000	0.001000)
(-178.553571	0.062315	0.001267)
(-177.107143	0.124631	0.003750)
(-175.660714	0.186946	0.007880)
(-174.214286	0.249261	0.013648)
(-172.767857	0.311577	0.021038)
(-171.321429	0.373892	0.030033)
(-169.875000	0.436207	0.040608)
(-168.428571	0.498523	0.052737)
(-166.982143	0.560838	0.066389)
(-165.535714	0.623154	0.081530)
(-164.089286	0.685469	0.098120)
(-162.642857	0.747784	0.116118)
(-161.196429	0.810100	0.135477)
(-159.750000	0.872415	0.156148)
(-154.767857	0.786373	0.236634)
(-149.785714	0.732367	0.329599)
(-144.803571	0.691450	0.432239)
(-139.821429	0.653832	0.541456)
(-134.839286	0.614060	0.653956)
(-129.857143	0.569066	0.766343)
(-124.875000	0.517283	0.875227)
(-119.892857	0.458182	0.977322)
(-114.910714	0.392013	1.069547)
(-109.928571	0.319633	1.149119)
(-104.946429	0.242382	1.213637)
(-99.964286	0.161982	1.261153)
(-94.982143	0.080448	1.290233)
(-90.000000	0.000000	1.300000)
(-85.017857	-0.080448	1.290233)
(-80.035714	-0.161982	1.261153)
(-75.053571	-0.242382	1.213637)
(-70.071429	-0.319633	1.149119)
(-65.089286	-0.392013	1.069547)
(-60.107143	-0.458182	0.977322)
(-55.125000	-0.517283	0.875227)
(-50.142857	-0.569066	0.766343)
(-45.160714	-0.614060	0.653956)
(-40.178571	-0.653832	0.541456)
(-35.196429	-0.691450	0.432239)
(-30.214286	-0.732367	0.329599)
(-25.232143	-0.786373	0.236634)
(-20.250000	-0.872415	0.156148)
(-19.160714	-0.827324	0.146245)
(-18.071429	-0.782234	0.136342)
(-16.982143	-0.737143	0.126438)
(-15.892857	-0.692053	0.116535)
(-14.803571	-0.646962	0.106632)
(-13.714286	-0.601872	0.096729)
(-12.625000	-0.556781	0.086826)
(-11.535714	-0.511691	0.076922)
(-10.446429	-0.466600	0.067019)
(-9.357143	-0.421510	0.057116)
(-8.267857	-0.376419	0.047213)
(-7.178571	-0.331329	0.037309)
(-5.000000	-0.241148	0.017503)
(-4.750000	-0.214236	0.017764)
(-4.500000	-0.187709	0.017967)
(-4.250000	-0.161086	0.018228)
(-4.000000	-0.133982	0.018469)
(-3.750000	-0.106782	0.018643)
(-3.500000	-0.080351	0.018808)
(-3.250000	-0.053631	0.018914)
(-3.000000	-0.026047	0.018943)
(-2.750000	0.001153	0.018953)
(-2.500000	0.027968	0.018962)
(-2.250000	0.055552	0.018933)
(-2.000000	0.083136	0.018982)
(-1.750000	0.109759	0.019001)
(-1.500000	0.137343	0.018962)
(-1.250000	0.165696	0.018933)
(-1.000000	0.192031	0.018991)
(-0.750000	0.219615	0.018982)
(-0.500000	0.248544	0.018914)
(-0.250000	0.274399	0.019020)
(0.000000	0.301983	0.019030)
(0.250000	0.331200	0.018972)
(0.500000	0.356671	0.019107)
(0.750000	0.384351	0.019136)
(1.000000	0.413087	0.019127)
(1.250000	0.438750	0.019262)
(1.500000	0.466815	0.019291)
(1.750000	0.494303	0.019349)
(2.000000	0.521118	0.019475)
(2.250000	0.549855	0.019446)
(2.500000	0.574941	0.019620)
(2.750000	0.601373	0.019745)
(3.000000	0.631262	0.019707)
(3.250000	0.655868	0.019890)
(3.500000	0.681243	0.020035)
(3.750000	0.710940	0.019977)
(4.000000	0.735354	0.020161)
(4.250000	0.760729	0.020315)
(4.500000	0.788025	0.020354)
(4.750000	0.815897	0.020344)
(5.000000	0.840311	0.020480)
(5.250000	0.865397	0.020557)
(5.500000	0.891060	0.020557)
(5.750000	0.916819	0.020499)
(6.000000	0.942194	0.020412)
(6.250000	0.966992	0.020335)
(6.500000	0.990926	0.020248)
(6.750000	1.014187	0.020112)
(7.000000	1.038505	0.019861)
(7.250000	1.060518	0.019581)
(7.500000	1.079937	0.019407)
(7.750000	1.100796	0.019175)
(8.000000	1.116949	0.019088)
(8.250000	1.134831	0.018895)
(8.500000	1.153482	0.018730)
(8.750000	1.182123	0.018730)
(9.000000	1.206056	0.018943)
(9.250000	1.226532	0.019291)
(9.500000	1.241244	0.019784)
(9.750000	1.250673	0.020518)
(10.000000	1.255106	0.021610)
(10.250000	1.254353	0.023118)
(10.500000	1.250430	0.025041)
(10.750000	1.244105	0.027312)
(11.000000	1.236915	0.029864)
(11.250000	1.229341	0.032618)
(11.500000	1.222920	0.035450)
(11.750000	1.218517	0.038223)
(12.000000	1.215650	0.040958)
(12.250000	1.215088	0.043558)
(12.500000	1.215872	0.046090)
(12.750000	1.219441	0.048429)
(13.000000	1.224259	0.050690)
(13.250000	1.230710	0.052807)
(13.500000	1.238602	0.054798)
(13.750000	1.247935	0.056682)
(14.000000	1.258420	0.058451)
(14.250000	1.270538	0.060065)
(14.500000	1.285443	0.061350)
(14.750000	1.296120	0.063235)
(15.000000	1.309776	0.064791)
(15.250000	1.329002	0.065728)
(15.500000	1.337855	0.067903)
(15.750000	1.355064	0.069159)
(16.000000	1.365358	0.071227)
(16.250000	1.381415	0.072706)
(16.500000	1.387866	0.075238)
(16.750000	1.408053	0.076320)
(17.000000	1.404706	0.079974)
(17.250000	1.415191	0.082090)
(17.500000	1.425869	0.084265)
(17.750000	1.416854	0.088691)
(18.000000	1.413891	0.092460)
(18.250000	1.441764	0.092566)
(18.500000	1.424104	0.098123)
(18.750000	1.407116	0.103864)
(19.000000	1.389552	0.109914)
(19.250000	1.370644	0.116457)
(19.500000	1.347989	0.123898)
(19.750000	1.318898	0.132944)
(20.000000	1.283082	0.143952)
(20.250000	1.246307	0.156148)
(25.232143	1.123390	0.236634)
(30.214286	1.046239	0.329599)
(35.196429	0.987785	0.432239)
(40.178571	0.934046	0.541456)
(45.160714	0.877228	0.653956)
(50.142857	0.812951	0.766343)
(55.125000	0.738976	0.875227)
(60.107143	0.654546	0.977322)
(65.089286	0.560019	1.069547)
(70.071429	0.456618	1.149119)
(75.053571	0.346260	1.213637)
(80.035714	0.231403	1.261153)
(85.017857	0.114926	1.290233)
(90.000000	0.000000	1.300000)
(94.982143	-0.080448	1.290233)
(99.964286	-0.161982	1.261153)
(104.946429	-0.242382	1.213637)
(109.928571	-0.319633	1.149119)
(114.910714	-0.392013	1.069547)
(119.892857	-0.458182	0.977322)
(124.875000	-0.517283	0.875227)
(129.857143	-0.569066	0.766343)
(134.839286	-0.614060	0.653956)
(139.821429	-0.653832	0.541456)
(144.803571	-0.691450	0.432239)
(149.785714	-0.732367	0.329599)
(154.767857	-0.786373	0.236634)
(159.750000	-0.872415	0.156148)
(161.196429	-0.810100	0.135477)
(162.642857	-0.747784	0.116118)
(164.089286	-0.685469	0.098120)
(165.535714	-0.623154	0.081530)
(166.982143	-0.560838	0.066389)
(168.428571	-0.498523	0.052737)
(169.875000	-0.436207	0.040608)
(171.321429	-0.373892	0.030033)
(172.767857	-0.311577	0.021038)
(174.214286	-0.249261	0.013648)
(175.660714	-0.186946	0.007880)
(177.107143	-0.124631	0.003750)
(178.553571	-0.062315	0.001267)
(180.000000	0.000000	0.001000)
