// Re = 0.02
(-180.000000	-0.000000	4.013680)
(-177.928571	-0.940434	4.017052)
(-175.857143	-1.880869	4.027143)
(-173.785714	-2.821303	4.043867)
(-171.714286	-3.761737	4.067087)
(-169.642857	-4.702172	4.096609)
(-167.571429	-5.642606	4.132188)
(-165.500000	-6.583040	4.173523)
(-163.428571	-7.523474	4.220268)
(-161.357143	-8.463909	4.272025)
(-159.285714	-9.404343	4.328353)
(-157.214286	-10.344777	4.388765)
(-155.142857	-11.285212	4.452734)
(-153.071429	-12.225646	4.519698)
(-151.000000	-13.166080	4.589057)
(-146.642857	-10.207217	4.739927)
(-142.285714	-7.864811	4.892361)
(-137.928571	-5.974091	5.039770)
(-133.571429	-4.433373	5.175363)
(-129.214286	-3.176565	5.292325)
(-124.857143	-2.158714	5.383993)
(-120.500000	-1.347929	5.444034)
(-116.142857	-0.720647	5.466618)
(-111.785714	-0.258751	5.446573)
(-107.428571	0.052221	5.379536)
(-103.071429	0.224193	5.262079)
(-98.714286	0.267252	5.091819)
(-94.357143	0.190047	4.867501)
(-90.000000	0.000000	4.589057)
(-85.642857	-0.190047	4.867501)
(-81.285714	-0.267252	5.091819)
(-76.928571	-0.224193	5.262079)
(-72.571429	-0.052221	5.379536)
(-68.214286	0.258751	5.446573)
(-63.857143	0.720647	5.466618)
(-59.500000	1.347929	5.444034)
(-55.142857	2.158714	5.383993)
(-50.785714	3.176565	5.292325)
(-46.428571	4.433373	5.175363)
(-42.071429	5.974091	5.039770)
(-37.714286	7.864811	4.892361)
(-33.357143	10.207217	4.739927)
(-29.000000	13.166080	4.589057)
(-27.285714	12.186294	4.271773)
(-25.571429	11.206507	3.954489)
(-23.857143	10.226721	3.637205)
(-22.142857	9.246934	3.319921)
(-20.428571	8.267148	3.002637)
(-18.714286	7.287362	2.685353)
(-17.000000	6.307575	2.368069)
(-15.285714	5.327789	2.050784)
(-13.571429	4.348002	1.733500)
(-11.857143	3.368216	1.416216)
(-10.142857	2.388429	1.098932)
(-8.428571	1.408643	0.781648)
(-5.000000	-0.550930	0.147080)
(-4.750000	-0.484484	0.141982)
(-4.500000	-0.422364	0.136885)
(-4.250000	-0.364572	0.131951)
(-4.000000	-0.312549	0.127182)
(-3.750000	-0.264852	0.122413)
(-3.500000	-0.221483	0.117809)
(-3.250000	-0.182441	0.113369)
(-3.000000	-0.147725	0.108929)
(-2.750000	-0.115895	0.104653)
(-2.500000	-0.086949	0.100542)
(-2.250000	-0.059445	0.096431)
(-2.000000	-0.036268	0.092320)
(-1.750000	-0.013092	0.088373)
(-1.500000	0.008643	0.084427)
(-1.250000	0.030377	0.080480)
(-1.000000	0.050669	0.076533)
(-0.750000	0.072404	0.072587)
(-0.500000	0.094138	0.068476)
(-0.250000	0.115873	0.064200)
(0.000000	0.140492	0.059760)
(0.250000	0.167996	0.055156)
(0.500000	0.196942	0.050058)
(0.750000	0.228772	0.044631)
(1.000000	0.262045	0.038876)
(1.250000	0.299645	0.032462)
(1.500000	0.338688	0.025720)
(1.750000	0.380614	0.018156)
(2.000000	0.422541	0.010262)
(2.250000	0.460141	0.002040)
(2.500000	0.490530	0.001000)
(2.750000	0.489187	0.001000)
(3.000000	0.424382	0.001000)
(3.250000	0.288904	0.001000)
(3.500000	0.098617	0.001000)
(3.750000	-0.130612	0.009933)
(4.000000	-0.387245	0.025884)
(4.250000	-0.658302	0.044631)
(4.500000	-0.936570	0.065516)
(4.750000	-1.219165	0.088373)
(5.000000	-1.501760	0.113040)
(5.250000	-1.781470	0.139022)
(5.500000	-2.056854	0.166485)
(5.750000	-2.327910	0.195098)
(6.000000	-2.593197	0.224862)
(6.250000	-2.852715	0.255942)
(6.500000	-3.106464	0.288009)
(6.750000	-3.353001	0.321227)
(7.000000	-3.595211	0.355596)
(7.250000	-3.830210	0.390951)
(7.500000	-4.060881	0.427622)
(7.750000	-4.284341	0.465280)
(8.000000	-4.503474	0.504089)
(8.250000	-4.718280	0.543885)
(8.500000	-4.927317	0.584996)
(8.750000	-5.132027	0.627094)
(9.000000	-5.330967	0.670178)
(9.250000	-5.527023	0.714414)
(9.500000	-5.718752	0.759801)
(9.750000	-6.040290	0.827881)
(10.000000	-6.560867	0.929836)
(10.250000	-6.938656	1.004330)
(10.500000	-7.312117	1.082605)
(10.750000	-7.642308	1.154961)
(11.000000	-7.927788	1.218930)
(11.250000	-8.175767	1.276156)
(11.500000	-8.410766	1.332725)
(11.750000	-8.673168	1.399161)
(12.000000	-8.935571	1.466254)
(12.250000	-9.115761	1.514272)
(12.500000	-9.389703	1.589752)
(12.750000	-9.541046	1.631521)
(13.000000	-9.806334	1.708317)
(13.250000	-9.943254	1.748606)
(13.500000	-10.149407	1.809450)
(13.750000	-10.375751	1.879339)
(14.000000	-10.527095	1.926370)
(14.250000	-10.692862	1.978664)
(14.500000	-10.868726	2.034410)
(14.750000	-11.054685	2.094268)
(15.000000	-11.259395	2.160210)
(15.250000	-11.364585	2.193264)
(15.750000	-11.722081	2.310513)
(16.000000	-11.848905	2.352117)
(16.250000	-12.027653	2.409837)
(16.500000	-12.186209	2.462953)
(16.750000	-12.315918	2.503242)
(17.000000	-12.506204	2.566224)
(17.250000	-12.663318	2.619175)
(17.750000	-12.935717	2.702713)
(18.000000	-13.107253	2.759611)
(18.500000	-13.425807	2.864855)
(18.750000	-13.554073	2.903335)
(19.000000	-13.690994	2.944775)
(19.250000	-13.833684	2.989504)
(19.500000	-13.980701	3.035878)
(19.750000	-14.129161	3.081922)
(20.000000	-14.277620	3.130433)
(20.250000	-14.426079	3.176642)
(20.500000	-14.571654	3.223016)
(20.750000	-14.717228	3.267745)
(21.000000	-14.857034	3.312802)
(21.250000	-14.996839	3.356051)
(21.500000	-15.133760	3.398478)
(21.750000	-15.267796	3.440247)
(22.000000	-15.401832	3.481687)
(22.250000	-15.535868	3.522963)
(22.500000	-15.671347	3.565718)
(22.750000	-15.809710	3.611434)
(23.000000	-15.953842	3.659451)
(23.250000	-16.105186	3.713060)
(23.500000	-16.249318	3.762558)
(23.750000	-16.348739	3.781963)
(24.000000	-16.459698	3.812878)
(24.250000	-16.586522	3.854154)
(24.500000	-16.730655	3.906447)
(24.750000	-16.886326	3.967127)
(25.000000	-16.969880	3.975678)
(25.250000	-17.080839	4.009061)
(25.500000	-17.222087	4.063163)
(25.750000	-17.359008	4.110523)
(26.000000	-17.442563	4.123021)
(26.250000	-17.567945	4.169559)
(26.500000	-17.720731	4.235336)
(26.750000	-17.791305	4.234843)
(27.000000	-17.915245	4.281381)
(27.250000	-18.047839	4.331043)
(27.500000	-18.127067	4.341896)
(27.750000	-18.266872	4.404385)
(28.000000	-18.353312	4.418034)
(28.250000	-18.462828	4.458488)
(28.500000	-18.583884	4.501901)
(28.750000	-18.665996	4.519825)
(29.000000	-18.808686	4.589057)
(33.357143	-14.581738	4.739927)
(37.714286	-11.235444	4.892361)
(42.071429	-8.534415	5.039770)
(46.428571	-6.333390	5.175363)
(50.785714	-4.537950	5.292325)
(55.142857	-3.083876	5.383993)
(59.500000	-1.925613	5.444034)
(63.857143	-1.029496	5.466618)
(68.214286	-0.369644	5.446573)
(72.571429	0.074601	5.379536)
(76.928571	0.320276	5.262079)
(81.285714	0.381788	5.091819)
(85.642857	0.271496	4.867501)
(90.000000	0.000000	4.589057)
(94.357143	-0.190047	4.867501)
(98.714286	-0.267252	5.091819)
(103.071429	-0.224193	5.262079)
(107.428571	-0.052221	5.379536)
(111.785714	0.258751	5.446573)
(116.142857	0.720647	5.466618)
(120.500000	1.347929	5.444034)
(124.857143	2.158714	5.383993)
(129.214286	3.176565	5.292325)
(133.571429	4.433373	5.175363)
(137.928571	5.974091	5.039770)
(142.285714	7.864811	4.892361)
(146.642857	10.207217	4.739927)
(151.000000	13.166080	4.589057)
(153.071429	12.225646	4.519698)
(155.142857	11.285212	4.452734)
(157.214286	10.344777	4.388765)
(159.285714	9.404343	4.328353)
(161.357143	8.463909	4.272025)
(163.428571	7.523474	4.220268)
(165.500000	6.583040	4.173523)
(167.571429	5.642606	4.132188)
(169.642857	4.702172	4.096609)
(171.714286	3.761737	4.067087)
(173.785714	2.821303	4.043867)
(175.857143	1.880869	4.027143)
(177.928571	0.940434	4.017052)
(180.000000	-0.000000	4.013680)
