// Re = 0.15
(-180.000000	0.000000	0.007548)
(-178.571429	0.063317	0.008354)
(-177.142857	0.126634	0.010769)
(-175.714286	0.189951	0.014787)
(-174.285714	0.253268	0.020398)
(-172.857143	0.316585	0.027589)
(-171.428571	0.379901	0.036341)
(-170.000000	0.443218	0.046633)
(-168.571429	0.506535	0.058439)
(-167.142857	0.569852	0.071729)
(-165.714286	0.633169	0.086471)
(-164.285714	0.696486	0.102627)
(-162.857143	0.759803	0.120158)
(-161.428571	0.823120	0.139019)
(-160.000000	0.886437	0.159164)
(-155.000000	0.795693	0.239029)
(-150.000000	0.739133	0.331537)
(-145.000000	0.696702	0.433870)
(-140.000000	0.658119	0.542911)
(-135.000000	0.617678	0.655337)
(-130.000000	0.572174	0.767723)
(-125.000000	0.519958	0.876643)
(-120.000000	0.460454	0.978774)
(-115.000000	0.393888	1.071002)
(-110.000000	0.321108	1.150510)
(-105.000000	0.243455	1.214870)
(-100.000000	0.162663	1.262111)
(-95.000000	0.080764	1.290783)
(-90.000000	0.000000	1.300000)
(-85.000000	-0.080764	1.290783)
(-80.000000	-0.162663	1.262111)
(-75.000000	-0.243455	1.214870)
(-70.000000	-0.321108	1.150510)
(-65.000000	-0.393888	1.071002)
(-60.000000	-0.460454	0.978774)
(-55.000000	-0.519958	0.876643)
(-50.000000	-0.572174	0.767723)
(-45.000000	-0.617678	0.655337)
(-40.000000	-0.658119	0.542911)
(-35.000000	-0.696702	0.433870)
(-30.000000	-0.739133	0.331537)
(-25.000000	-0.795693	0.239029)
(-20.000000	-0.886437	0.159164)
(-18.928571	-0.840358	0.149119)
(-17.857143	-0.794279	0.139074)
(-16.785714	-0.748200	0.129029)
(-15.714286	-0.702122	0.118985)
(-14.642857	-0.656043	0.108940)
(-13.571429	-0.609964	0.098895)
(-12.500000	-0.563885	0.088850)
(-11.428571	-0.517807	0.078805)
(-10.357143	-0.471728	0.068760)
(-9.285714	-0.425649	0.058715)
(-8.214286	-0.379570	0.048671)
(-7.142857	-0.333492	0.038626)
(-5.000000	-0.241334	0.018536)
(-4.750000	-0.214347	0.018764)
(-4.500000	-0.187641	0.019071)
(-4.250000	-0.161585	0.019319)
(-4.000000	-0.135343	0.019586)
(-3.750000	-0.108636	0.019824)
(-3.500000	-0.081464	0.019952)
(-3.250000	-0.055408	0.020071)
(-3.000000	-0.028980	0.020121)
(-2.750000	-0.001622	0.020101)
(-2.500000	0.025085	0.020200)
(-2.250000	0.051234	0.020249)
(-2.000000	0.078220	0.020220)
(-1.750000	0.106415	0.020111)
(-1.500000	0.132192	0.020210)
(-1.250000	0.158899	0.020230)
(-1.000000	0.187652	0.020111)
(-0.750000	0.213987	0.020150)
(-0.500000	0.240043	0.020230)
(-0.250000	0.268982	0.020140)
(0.000000	0.295410	0.020190)
(0.250000	0.321373	0.020289)
(0.500000	0.350034	0.020240)
(0.750000	0.376275	0.020339)
(1.000000	0.402982	0.020408)
(1.250000	0.430713	0.020418)
(1.500000	0.456489	0.020556)
(1.750000	0.484592	0.020586)
(2.000000	0.511206	0.020665)
(2.250000	0.536238	0.020834)
(2.500000	0.564992	0.020824)
(2.750000	0.591140	0.020952)
(3.000000	0.616824	0.021131)
(3.250000	0.644833	0.021101)
(3.500000	0.669866	0.021259)
(3.750000	0.694433	0.021447)
(4.000000	0.721698	0.021487)
(4.250000	0.748964	0.021517)
(4.500000	0.773066	0.021705)
(4.750000	0.798191	0.021814)
(5.000000	0.827131	0.021705)
(5.250000	0.852070	0.021764)
(5.500000	0.875986	0.021834)
(5.750000	0.900368	0.021804)
(6.000000	0.925028	0.021725)
(6.250000	0.949595	0.021606)
(6.500000	0.974163	0.021477)
(6.750000	0.998544	0.021289)
(7.000000	1.022367	0.020972)
(7.250000	1.044330	0.020685)
(7.500000	1.064246	0.020378)
(7.750000	1.085650	0.020032)
(8.000000	1.102868	0.019824)
(8.250000	1.124180	0.019556)
(8.500000	1.155817	0.019408)
(8.750000	1.181687	0.019487)
(9.000000	1.206254	0.019636)
(9.250000	1.226356	0.019952)
(9.500000	1.242179	0.020388)
(9.750000	1.251676	0.021081)
(10.000000	1.257173	0.022101)
(10.250000	1.258018	0.023547)
(10.500000	1.254956	0.025448)
(10.750000	1.249569	0.027735)
(11.000000	1.242786	0.030359)
(11.250000	1.235910	0.033190)
(11.500000	1.229779	0.036121)
(11.750000	1.225694	0.039012)
(12.000000	1.223283	0.041834)
(12.250000	1.223477	0.044507)
(12.500000	1.225625	0.047052)
(12.750000	1.229820	0.049438)
(13.000000	1.235782	0.051686)
(13.250000	1.243790	0.053735)
(13.500000	1.253473	0.055656)
(13.750000	1.264831	0.057399)
(14.000000	1.276467	0.059161)
(14.250000	1.288662	0.060924)
(14.500000	1.302345	0.062528)
(14.750000	1.318354	0.063884)
(15.000000	1.335293	0.065191)
(15.250000	1.347023	0.067162)
(15.500000	1.366287	0.068320)
(15.750000	1.377180	0.070439)
(16.000000	1.393654	0.071993)
(16.250000	1.403058	0.074340)
(16.500000	1.420183	0.075904)
(16.750000	1.420563	0.079301)
(17.000000	1.442154	0.080360)
(17.250000	1.438906	0.084221)
(17.500000	1.433798	0.088370)
(17.750000	1.438178	0.091380)
(18.000000	1.452884	0.093261)
(18.250000	1.437450	0.098806)
(18.500000	1.422760	0.104499)
(18.750000	1.407605	0.110519)
(19.000000	1.390310	0.117123)
(19.250000	1.367806	0.124916)
(19.500000	1.337115	0.134777)
(19.750000	1.300656	0.146629)
(20.000000	1.266338	0.159164)
(25.000000	1.136705	0.239029)
(30.000000	1.055905	0.331537)
(35.000000	0.995288	0.433870)
(40.000000	0.940170	0.542911)
(45.000000	0.882397	0.655337)
(50.000000	0.817391	0.767723)
(55.000000	0.742797	0.876643)
(60.000000	0.657792	0.978774)
(65.000000	0.562698	1.071002)
(70.000000	0.458725	1.150510)
(75.000000	0.347793	1.214870)
(80.000000	0.232376	1.262111)
(85.000000	0.115377	1.290783)
(90.000000	0.000000	1.300000)
(95.000000	-0.080764	1.290783)
(100.000000	-0.162663	1.262111)
(105.000000	-0.243455	1.214870)
(110.000000	-0.321108	1.150510)
(115.000000	-0.393888	1.071002)
(120.000000	-0.460454	0.978774)
(125.000000	-0.519958	0.876643)
(130.000000	-0.572174	0.767723)
(135.000000	-0.617678	0.655337)
(140.000000	-0.658119	0.542911)
(145.000000	-0.696702	0.433870)
(150.000000	-0.739133	0.331537)
(155.000000	-0.795693	0.239029)
(160.000000	-0.886437	0.159164)
(161.428571	-0.823120	0.139019)
(162.857143	-0.759803	0.120158)
(164.285714	-0.696486	0.102627)
(165.714286	-0.633169	0.086471)
(167.142857	-0.569852	0.071729)
(168.571429	-0.506535	0.058439)
(170.000000	-0.443218	0.046633)
(171.428571	-0.379901	0.036341)
(172.857143	-0.316585	0.027589)
(174.285714	-0.253268	0.020398)
(175.714286	-0.189951	0.014787)
(177.142857	-0.126634	0.010769)
(178.571429	-0.063317	0.008354)
(180.000000	0.000000	0.007548)
