// Re = 0.12
(-180.000000	0.000000	0.037844)
(-178.642857	0.076280	0.038562)
(-177.285714	0.152561	0.040717)
(-175.928571	0.228841	0.044302)
(-174.571429	0.305121	0.049309)
(-173.214286	0.381401	0.055728)
(-171.857143	0.457681	0.063543)
(-170.500000	0.533962	0.072738)
(-169.142857	0.610242	0.083290)
(-167.785714	0.686522	0.095177)
(-166.428571	0.762803	0.108370)
(-165.071429	0.839083	0.122841)
(-163.714286	0.915363	0.138557)
(-162.357143	0.991643	0.155481)
(-161.000000	1.067923	0.173575)
(-155.928571	0.925252	0.250824)
(-150.857143	0.836458	0.341359)
(-145.785714	0.772035	0.442315)
(-140.714286	0.717412	0.550496)
(-135.642857	0.664667	0.662473)
(-130.571429	0.609342	0.774695)
(-125.500000	0.549044	0.883595)
(-120.428571	0.482745	0.985709)
(-115.357143	0.410396	1.077779)
(-110.285714	0.332695	1.156858)
(-105.214286	0.250917	1.220401)
(-100.142857	0.166788	1.266348)
(-95.071429	0.082378	1.293187)
(-90.000000	0.000000	1.300000)
(-84.928571	-0.082378	1.293187)
(-79.857143	-0.166788	1.266348)
(-74.785714	-0.250917	1.220401)
(-69.714286	-0.332695	1.156858)
(-64.642857	-0.410396	1.077779)
(-59.571429	-0.482745	0.985709)
(-54.500000	-0.549044	0.883595)
(-49.428571	-0.609342	0.774695)
(-44.357143	-0.664667	0.662473)
(-39.285714	-0.717412	0.550496)
(-34.214286	-0.772035	0.442315)
(-29.142857	-0.836458	0.341359)
(-24.071429	-0.925252	0.250824)
(-19.000000	-1.067924	0.173575)
(-18.000000	-1.008993	0.162765)
(-17.000000	-0.950062	0.151954)
(-16.000000	-0.891131	0.141144)
(-15.000000	-0.832200	0.130334)
(-14.000000	-0.773269	0.119523)
(-13.000000	-0.714339	0.108713)
(-12.000000	-0.655408	0.097903)
(-11.000000	-0.596477	0.087092)
(-10.000000	-0.537546	0.076282)
(-9.000000	-0.478615	0.065471)
(-8.000000	-0.419684	0.054661)
(-7.000000	-0.360754	0.043851)
(-5.000000	-0.242892	0.022230)
(-4.750000	-0.217558	0.022851)
(-4.500000	-0.191450	0.023549)
(-4.250000	-0.166244	0.023846)
(-4.000000	-0.141877	0.024467)
(-3.750000	-0.117574	0.024933)
(-3.500000	-0.093078	0.025217)
(-3.250000	-0.067356	0.025295)
(-3.000000	-0.042731	0.025360)
(-2.750000	-0.018944	0.025424)
(-2.500000	0.005230	0.025424)
(-2.250000	0.030887	0.025528)
(-2.000000	0.055577	0.025528)
(-1.750000	0.079235	0.025567)
(-1.500000	0.103796	0.025515)
(-1.250000	0.131000	0.025217)
(-1.000000	0.153885	0.025476)
(-0.750000	0.177672	0.025592)
(-0.500000	0.204618	0.025385)
(-0.250000	0.229243	0.025411)
(0.000000	0.252321	0.025670)
(0.250000	0.277205	0.025748)
(0.500000	0.303506	0.025670)
(0.750000	0.326906	0.025942)
(1.000000	0.351338	0.026123)
(1.250000	0.377640	0.026058)
(1.500000	0.400073	0.026472)
(1.750000	0.423732	0.026769)
(2.000000	0.451967	0.026575)
(2.250000	0.474271	0.027067)
(2.500000	0.496125	0.027519)
(2.750000	0.524811	0.027209)
(3.000000	0.545891	0.027778)
(3.250000	0.567358	0.028308)
(3.500000	0.596431	0.027959)
(3.750000	0.618478	0.028399)
(4.000000	0.639171	0.028981)
(4.250000	0.660444	0.029472)
(4.500000	0.691387	0.028787)
(4.750000	0.711693	0.029317)
(5.000000	0.732515	0.029770)
(5.250000	0.753981	0.030119)
(5.500000	0.784408	0.029240)
(5.750000	0.806520	0.029253)
(6.000000	0.828308	0.029304)
(6.250000	0.850097	0.029149)
(6.500000	0.873433	0.028787)
(6.750000	0.897672	0.028244)
(7.000000	0.923328	0.027558)
(7.250000	0.953433	0.026653)
(7.500000	0.992370	0.025269)
(7.750000	1.031049	0.024247)
(8.000000	1.064764	0.023070)
(8.250000	1.092419	0.022631)
(8.500000	1.119494	0.022346)
(8.750000	1.146053	0.022100)
(9.000000	1.171581	0.021919)
(9.250000	1.192274	0.022113)
(9.500000	1.211549	0.022359)
(9.750000	1.225859	0.022915)
(10.000000	1.237527	0.023872)
(10.250000	1.246616	0.025308)
(10.500000	1.253191	0.027325)
(10.750000	1.257252	0.030003)
(11.000000	1.259572	0.033275)
(11.250000	1.261312	0.036961)
(11.500000	1.263504	0.040841)
(11.750000	1.267049	0.044721)
(12.000000	1.272463	0.048407)
(12.250000	1.280134	0.051821)
(12.500000	1.289932	0.054938)
(12.750000	1.301858	0.057719)
(13.000000	1.315008	0.060396)
(13.250000	1.329899	0.062750)
(13.500000	1.346789	0.064793)
(13.750000	1.365354	0.066604)
(14.000000	1.384436	0.068428)
(14.250000	1.401970	0.070600)
(14.500000	1.419891	0.072812)
(14.750000	1.439037	0.074907)
(15.000000	1.461277	0.076576)
(15.250000	1.478682	0.079072)
(15.500000	1.495055	0.081917)
(15.750000	1.519294	0.083521)
(16.000000	1.525933	0.087970)
(16.250000	1.539019	0.091397)
(16.500000	1.555715	0.094411)
(16.750000	1.556553	0.100024)
(17.000000	1.561452	0.105068)
(17.250000	1.585239	0.106814)
(17.500000	1.579759	0.113901)
(17.750000	1.574150	0.121454)
(18.000000	1.567896	0.129628)
(18.250000	1.559967	0.138707)
(18.500000	1.549909	0.149054)
(18.750000	1.537918	0.160759)
(19.000000	1.525605	0.173575)
(24.071429	1.321788	0.250824)
(29.142857	1.194940	0.341359)
(34.214286	1.102907	0.442315)
(39.285714	1.024874	0.550496)
(44.357143	0.949524	0.662473)
(49.428571	0.870489	0.774695)
(54.500000	0.784349	0.883595)
(59.571429	0.689636	0.985709)
(64.642857	0.586281	1.077779)
(69.714286	0.475279	1.156858)
(74.785714	0.358452	1.220401)
(79.857143	0.238268	1.266348)
(84.928571	0.117682	1.293187)
(90.000000	0.000000	1.300000)
(95.071429	-0.082378	1.293187)
(100.142857	-0.166788	1.266348)
(105.214286	-0.250917	1.220401)
(110.285714	-0.332695	1.156858)
(115.357143	-0.410396	1.077779)
(120.428571	-0.482745	0.985709)
(125.500000	-0.549044	0.883595)
(130.571429	-0.609342	0.774695)
(135.642857	-0.664667	0.662473)
(140.714286	-0.717412	0.550496)
(145.785714	-0.772035	0.442315)
(150.857143	-0.836458	0.341359)
(155.928571	-0.925252	0.250824)
(161.000000	-1.067924	0.173575)
(162.357143	-0.991643	0.155481)
(163.714286	-0.915363	0.138557)
(165.071429	-0.839083	0.122841)
(166.428571	-0.762803	0.108370)
(167.785714	-0.686522	0.095177)
(169.142857	-0.610242	0.083290)
(170.500000	-0.533962	0.072738)
(171.857143	-0.457681	0.063543)
(173.214286	-0.381401	0.055728)
(174.571429	-0.305121	0.049309)
(175.928571	-0.228841	0.044302)
(177.285714	-0.152561	0.040717)
(178.642857	-0.076280	0.038562)
(180.000000	0.000000	0.037844)
