// Re = 0.15
(-180.000000	0.000000	0.033567)
(-178.571429	0.074575	0.034365)
(-177.142857	0.149150	0.036756)
(-175.714286	0.223725	0.040733)
(-174.285714	0.298299	0.046288)
(-172.857143	0.372874	0.053406)
(-171.428571	0.447449	0.062070)
(-170.000000	0.522024	0.072257)
(-168.571429	0.596599	0.083942)
(-167.142857	0.671174	0.097096)
(-165.714286	0.745749	0.111685)
(-164.285714	0.820323	0.127674)
(-162.857143	0.894898	0.145021)
(-161.428571	0.969473	0.163683)
(-160.000000	1.044048	0.183614)
(-155.000000	0.914344	0.262610)
(-150.000000	0.830704	0.354070)
(-145.000000	0.768119	0.455184)
(-140.000000	0.713851	0.562843)
(-135.000000	0.660845	0.673736)
(-130.000000	0.605101	0.784448)
(-125.000000	0.544476	0.891566)
(-120.000000	0.478077	0.991784)
(-115.000000	0.405919	1.081998)
(-110.000000	0.328707	1.159410)
(-105.000000	0.247688	1.221604)
(-100.000000	0.164533	1.266629)
(-95.000000	0.081230	1.293051)
(-90.000000	0.000000	1.300000)
(-85.000000	-0.081230	1.293051)
(-80.000000	-0.164533	1.266629)
(-75.000000	-0.247688	1.221604)
(-70.000000	-0.328707	1.159410)
(-65.000000	-0.405919	1.081998)
(-60.000000	-0.478077	0.991784)
(-55.000000	-0.544476	0.891566)
(-50.000000	-0.605101	0.784448)
(-45.000000	-0.660845	0.673736)
(-40.000000	-0.713851	0.562843)
(-35.000000	-0.768119	0.455184)
(-30.000000	-0.830704	0.354070)
(-25.000000	-0.914344	0.262610)
(-20.000000	-1.044048	0.183614)
(-18.928571	-0.986717	0.171802)
(-17.857143	-0.929387	0.159990)
(-16.785714	-0.872056	0.148178)
(-15.714286	-0.814725	0.136366)
(-14.642857	-0.757395	0.124554)
(-13.571429	-0.700064	0.112742)
(-12.500000	-0.642733	0.100930)
(-11.428571	-0.585403	0.089118)
(-10.357143	-0.528072	0.077306)
(-9.285714	-0.470742	0.065494)
(-8.214286	-0.413411	0.053682)
(-7.142857	-0.356080	0.041870)
(-5.000000	-0.241419	0.018246)
(-4.750000	-0.214469	0.018513)
(-4.500000	-0.187744	0.018874)
(-4.250000	-0.161546	0.019165)
(-4.000000	-0.135197	0.019480)
(-3.750000	-0.108472	0.019759)
(-3.500000	-0.081371	0.019911)
(-3.250000	-0.055173	0.020050)
(-3.000000	-0.028673	0.020108)
(-2.750000	-0.001422	0.020085)
(-2.500000	0.025302	0.020202)
(-2.250000	0.051576	0.020260)
(-2.000000	0.078526	0.020225)
(-1.750000	0.106454	0.020097)
(-1.500000	0.132427	0.020213)
(-1.250000	0.159152	0.020237)
(-1.000000	0.187530	0.020097)
(-0.750000	0.213954	0.020143)
(-0.500000	0.240153	0.020237)
(-0.250000	0.268681	0.020132)
(0.000000	0.295181	0.020190)
(0.250000	0.321304	0.020306)
(0.500000	0.349607	0.020248)
(0.750000	0.375956	0.020365)
(1.000000	0.402681	0.020446)
(1.250000	0.430232	0.020458)
(1.500000	0.456206	0.020621)
(1.750000	0.484058	0.020656)
(2.000000	0.510707	0.020749)
(2.250000	0.536080	0.020947)
(2.500000	0.564458	0.020935)
(2.750000	0.590732	0.021087)
(3.000000	0.616630	0.021296)
(3.250000	0.644407	0.021261)
(3.500000	0.669779	0.021447)
(3.750000	0.694775	0.021669)
(4.000000	0.721951	0.021715)
(4.250000	0.749126	0.021750)
(4.500000	0.773747	0.021971)
(4.750000	0.799194	0.022099)
(5.000000	0.827722	0.021971)
(5.250000	0.853019	0.022041)
(5.500000	0.877490	0.022123)
(5.750000	0.902336	0.022088)
(6.000000	0.927407	0.021995)
(6.250000	0.952403	0.021855)
(6.500000	0.977399	0.021704)
(6.750000	1.002245	0.021482)
(7.000000	1.026640	0.021110)
(7.250000	1.049532	0.020772)
(7.500000	1.070771	0.020411)
(7.750000	1.093212	0.020004)
(8.000000	1.112271	0.019759)
(8.250000	1.134637	0.019445)
(8.500000	1.165345	0.019270)
(8.750000	1.191394	0.019363)
(9.000000	1.216390	0.019538)
(9.250000	1.237779	0.019911)
(9.500000	1.255711	0.020423)
(9.750000	1.268532	0.021238)
(10.000000	1.278122	0.022437)
(10.250000	1.283954	0.024137)
(10.500000	1.286630	0.026373)
(10.750000	1.287427	0.029062)
(11.000000	1.287097	0.032148)
(11.250000	1.286691	0.035478)
(11.500000	1.286887	0.038924)
(11.750000	1.288736	0.042324)
(12.000000	1.291938	0.045642)
(12.250000	1.297244	0.048786)
(12.500000	1.304129	0.051778)
(12.750000	1.312667	0.054584)
(13.000000	1.322632	0.057227)
(13.250000	1.334251	0.059637)
(13.500000	1.347223	0.061896)
(13.750000	1.361548	0.063945)
(14.000000	1.376098	0.066018)
(14.250000	1.391099	0.068090)
(14.500000	1.407302	0.069976)
(14.750000	1.425384	0.071571)
(15.000000	1.444218	0.073108)
(15.250000	1.458843	0.075425)
(15.500000	1.479556	0.076788)
(15.750000	1.493504	0.079279)
(16.000000	1.511962	0.081107)
(16.250000	1.524709	0.083867)
(16.500000	1.543693	0.085706)
(16.750000	1.549149	0.089700)
(17.000000	1.571741	0.090946)
(17.250000	1.574266	0.095487)
(17.500000	1.575289	0.100365)
(17.750000	1.583977	0.103905)
(18.000000	1.601007	0.106117)
(18.250000	1.593687	0.112637)
(18.500000	1.586969	0.119332)
(18.750000	1.579875	0.126411)
(19.000000	1.571052	0.134177)
(19.250000	1.558021	0.143340)
(19.500000	1.538377	0.154937)
(19.750000	1.514072	0.168874)
(20.000000	1.491497	0.183614)
(25.000000	1.306206	0.262610)
(30.000000	1.186721	0.354070)
(35.000000	1.097313	0.455184)
(40.000000	1.019787	0.562843)
(45.000000	0.944064	0.673736)
(50.000000	0.864430	0.784448)
(55.000000	0.777823	0.891566)
(60.000000	0.682968	0.991784)
(65.000000	0.579884	1.081998)
(70.000000	0.469582	1.159410)
(75.000000	0.353841	1.221604)
(80.000000	0.235047	1.266629)
(85.000000	0.116042	1.293051)
(90.000000	0.000000	1.300000)
(95.000000	-0.081230	1.293051)
(100.000000	-0.164533	1.266629)
(105.000000	-0.247688	1.221604)
(110.000000	-0.328707	1.159410)
(115.000000	-0.405919	1.081998)
(120.000000	-0.478077	0.991784)
(125.000000	-0.544476	0.891566)
(130.000000	-0.605101	0.784448)
(135.000000	-0.660845	0.673736)
(140.000000	-0.713851	0.562843)
(145.000000	-0.768119	0.455184)
(150.000000	-0.830704	0.354070)
(155.000000	-0.914344	0.262610)
(160.000000	-1.044048	0.183614)
(161.428571	-0.969473	0.163683)
(162.857143	-0.894898	0.145021)
(164.285714	-0.820323	0.127674)
(165.714286	-0.745749	0.111685)
(167.142857	-0.671174	0.097096)
(168.571429	-0.596599	0.083942)
(170.000000	-0.522024	0.072257)
(171.428571	-0.447449	0.062070)
(172.857143	-0.372874	0.053406)
(174.285714	-0.298299	0.046288)
(175.714286	-0.223725	0.040733)
(177.142857	-0.149150	0.036756)
(178.571429	-0.074575	0.034365)
(180.000000	0.000000	0.033567)
