// Re = 0.13
(-180.000000	0.000000	0.033748)
(-178.625000	0.076470	0.034487)
(-177.250000	0.152941	0.036702)
(-175.875000	0.229411	0.040387)
(-174.500000	0.305882	0.045535)
(-173.125000	0.382353	0.052133)
(-171.750000	0.458823	0.060166)
(-170.375000	0.535293	0.069615)
(-169.000000	0.611764	0.080459)
(-167.625000	0.688234	0.092671)
(-166.250000	0.764705	0.106224)
(-164.875000	0.841175	0.121086)
(-163.500000	0.917646	0.137223)
(-162.125000	0.994117	0.154596)
(-160.750000	1.070587	0.173166)
(-155.696429	0.929093	0.250965)
(-150.642857	0.840112	0.341865)
(-145.589286	0.775036	0.443013)
(-140.535714	0.719631	0.551233)
(-135.482143	0.666121	0.663125)
(-130.428571	0.610120	0.775168)
(-125.375000	0.549270	0.883837)
(-120.321429	0.482561	0.985702)
(-115.267857	0.409947	1.077544)
(-110.214286	0.332121	1.156451)
(-105.160714	0.250345	1.219910)
(-100.107143	0.166328	1.265887)
(-95.053571	0.082116	1.292886)
(-90.000000	0.000000	1.300000)
(-84.946429	-0.082116	1.292886)
(-79.892857	-0.166328	1.265887)
(-74.839286	-0.250345	1.219910)
(-69.785714	-0.332121	1.156451)
(-64.732143	-0.409947	1.077544)
(-59.678571	-0.482561	0.985702)
(-54.625000	-0.549270	0.883837)
(-49.571429	-0.610120	0.775168)
(-44.517857	-0.666121	0.663125)
(-39.464286	-0.719631	0.551233)
(-34.410714	-0.775036	0.443013)
(-29.357143	-0.840112	0.341865)
(-24.303571	-0.929093	0.250965)
(-19.250000	-1.070587	0.173166)
(-18.232143	-1.011404	0.162267)
(-17.214286	-0.952221	0.151367)
(-16.196429	-0.893038	0.140468)
(-15.178571	-0.833855	0.129568)
(-14.160714	-0.774672	0.118669)
(-13.142857	-0.715489	0.107769)
(-12.125000	-0.656306	0.096870)
(-11.107143	-0.597124	0.085971)
(-10.089286	-0.537941	0.075071)
(-9.071429	-0.478758	0.064172)
(-8.053571	-0.419575	0.053272)
(-7.035714	-0.360392	0.042373)
(-5.000000	-0.242026	0.020574)
(-4.750000	-0.216017	0.021183)
(-4.500000	-0.190144	0.021506)
(-4.250000	-0.163656	0.022053)
(-4.000000	-0.138535	0.022563)
(-3.750000	-0.113415	0.022948)
(-3.500000	-0.087952	0.023197)
(-3.250000	-0.061122	0.023234)
(-3.000000	-0.036344	0.023346)
(-2.750000	-0.011429	0.023408)
(-2.500000	0.014102	0.023383)
(-2.250000	0.041275	0.023209)
(-2.000000	0.065711	0.023433)
(-1.750000	0.090763	0.023470)
(-1.500000	0.117525	0.023333)
(-1.250000	0.143740	0.023234)
(-1.000000	0.168244	0.023395)
(-0.750000	0.194117	0.023395)
(-0.500000	0.221221	0.023271)
(-0.250000	0.246341	0.023346)
(0.000000	0.271530	0.023470)
(0.250000	0.298702	0.023383)
(0.500000	0.323412	0.023557)
(0.750000	0.349696	0.023619)
(1.250000	0.400142	0.023893)
(1.500000	0.426083	0.024004)
(1.750000	0.453734	0.023955)
(2.000000	0.477144	0.024303)
(2.250000	0.502196	0.024477)
(2.500000	0.529368	0.024452)
(2.750000	0.552779	0.024825)
(3.000000	0.577968	0.025024)
(3.250000	0.606166	0.024912)
(3.500000	0.629166	0.025322)
(3.750000	0.652850	0.025620)
(4.000000	0.681869	0.025322)
(4.250000	0.703980	0.025744)
(4.500000	0.726843	0.026080)
(5.000000	0.780572	0.025856)
(5.250000	0.802683	0.026130)
(5.500000	0.825068	0.026291)
(5.750000	0.848478	0.026279)
(6.000000	0.873598	0.026043)
(6.250000	0.900360	0.025595)
(6.500000	0.928490	0.024862)
(6.750000	0.952927	0.024526)
(7.000000	0.973875	0.024365)
(7.250000	0.995643	0.023992)
(7.500000	1.020901	0.023221)
(7.750000	1.052519	0.022190)
(8.000000	1.088583	0.021469)
(8.250000	1.117807	0.021208)
(8.500000	1.144638	0.021084)
(8.750000	1.170989	0.021009)
(9.000000	1.196451	0.020972)
(9.250000	1.216989	0.021270)
(9.500000	1.235680	0.021668)
(9.750000	1.249925	0.022289)
(10.000000	1.260887	0.023346)
(10.250000	1.269113	0.024874)
(10.500000	1.274398	0.026987)
(10.750000	1.277084	0.029709)
(11.000000	1.278402	0.032928)
(11.250000	1.279309	0.036507)
(11.500000	1.280559	0.040248)
(11.750000	1.283381	0.043964)
(12.000000	1.288324	0.047506)
(12.250000	1.295114	0.050824)
(12.500000	1.303887	0.053906)
(12.750000	1.314575	0.056740)
(13.000000	1.326769	0.059375)
(13.250000	1.340398	0.061811)
(13.500000	1.355464	0.064035)
(13.750000	1.371693	0.066098)
(14.000000	1.388810	0.068062)
(14.250000	1.406612	0.069976)
(14.500000	1.425645	0.071765)
(14.750000	1.447004	0.073207)
(15.000000	1.464395	0.075407)
(15.250000	1.481786	0.077731)
(15.500000	1.506018	0.079011)
(15.750000	1.516159	0.082553)
(16.000000	1.539364	0.084144)
(16.250000	1.545059	0.088494)
(16.500000	1.571958	0.089575)
(16.750000	1.572045	0.094869)
(17.000000	1.574662	0.099952)
(17.250000	1.586240	0.103482)
(17.500000	1.599732	0.106825)
(17.750000	1.594484	0.113611)
(18.000000	1.589099	0.120782)
(18.250000	1.582893	0.128499)
(18.500000	1.574498	0.137187)
(18.750000	1.562410	0.147390)
(19.000000	1.546560	0.159532)
(19.250000	1.529410	0.173166)
(24.303571	1.327276	0.250965)
(29.357143	1.200160	0.341865)
(34.410714	1.107194	0.443013)
(39.464286	1.028045	0.551233)
(44.517857	0.951601	0.663125)
(49.571429	0.871599	0.775168)
(54.625000	0.784672	0.883837)
(59.678571	0.689372	0.985702)
(64.732143	0.585639	1.077544)
(69.785714	0.474458	1.156451)
(74.839286	0.357635	1.219910)
(79.892857	0.237611	1.265887)
(84.946429	0.117309	1.292886)
(90.000000	0.000000	1.300000)
(95.053571	-0.082116	1.292886)
(100.107143	-0.166328	1.265887)
(105.160714	-0.250345	1.219910)
(110.214286	-0.332121	1.156451)
(115.267857	-0.409947	1.077544)
(120.321429	-0.482561	0.985702)
(125.375000	-0.549270	0.883837)
(130.428571	-0.610120	0.775168)
(135.482143	-0.666121	0.663125)
(140.535714	-0.719631	0.551233)
(145.589286	-0.775036	0.443013)
(150.642857	-0.840112	0.341865)
(155.696429	-0.929093	0.250965)
(160.750000	-1.070587	0.173166)
(162.125000	-0.994117	0.154596)
(163.500000	-0.917646	0.137223)
(164.875000	-0.841175	0.121086)
(166.250000	-0.764705	0.106224)
(167.625000	-0.688234	0.092671)
(169.000000	-0.611764	0.080459)
(170.375000	-0.535293	0.069615)
(171.750000	-0.458823	0.060166)
(173.125000	-0.382353	0.052133)
(174.500000	-0.305882	0.045535)
(175.875000	-0.229411	0.040387)
(177.250000	-0.152941	0.036702)
(178.625000	-0.076470	0.034487)
(180.000000	0.000000	0.033748)
