// Re = 0.18
(-180.000000	0.000000	0.001000)
(-178.517857	0.068499	0.001000)
(-177.035714	0.136999	0.001000)
(-175.553571	0.205498	0.003200)
(-174.071429	0.273997	0.009266)
(-172.589286	0.342497	0.017038)
(-171.107143	0.410996	0.026494)
(-169.625000	0.479495	0.037610)
(-168.142857	0.547995	0.050355)
(-166.660714	0.616494	0.064696)
(-165.178571	0.684994	0.080595)
(-163.696429	0.753493	0.098008)
(-162.214286	0.821992	0.116889)
(-160.732143	0.890492	0.137188)
(-159.250000	0.958991	0.158851)
(-154.303571	0.854400	0.240245)
(-149.357143	0.785918	0.333731)
(-144.410714	0.733369	0.436534)
(-139.464286	0.686228	0.545601)
(-134.517857	0.638588	0.657694)
(-129.571429	0.587098	0.769486)
(-124.625000	0.530000	0.877660)
(-119.678571	0.466631	0.979004)
(-114.732143	0.397137	1.070513)
(-109.785714	0.322291	1.149474)
(-104.839286	0.243361	1.213546)
(-99.892857	0.162001	1.260832)
(-94.946429	0.080160	1.289936)
(-90.000000	0.000000	1.300000)
(-85.053571	-0.080160	1.289936)
(-80.107143	-0.162001	1.260832)
(-75.160714	-0.243361	1.213546)
(-70.214286	-0.322291	1.149474)
(-65.267857	-0.397137	1.070513)
(-60.321429	-0.466631	0.979004)
(-55.375000	-0.530000	0.877660)
(-50.428571	-0.587098	0.769486)
(-45.482143	-0.638588	0.657694)
(-40.535714	-0.686228	0.545601)
(-35.589286	-0.733369	0.436534)
(-30.642857	-0.785918	0.333731)
(-25.696429	-0.854400	0.240245)
(-20.750000	-0.958991	0.158851)
(-19.625000	-0.907790	0.148640)
(-18.500000	-0.856588	0.138429)
(-17.375000	-0.805387	0.128218)
(-16.250000	-0.754185	0.118007)
(-15.125000	-0.702984	0.107796)
(-14.000000	-0.651783	0.097585)
(-12.875000	-0.600581	0.087374)
(-11.750000	-0.549380	0.077164)
(-10.625000	-0.498179	0.066953)
(-9.500000	-0.446977	0.056742)
(-8.375000	-0.395776	0.046531)
(-7.250000	-0.344575	0.036320)
(-5.000000	-0.242172	0.015898)
(-4.750000	-0.214742	0.016050)
(-4.500000	-0.186949	0.016221)
(-4.250000	-0.159884	0.016373)
(-4.000000	-0.132728	0.016585)
(-3.750000	-0.105208	0.016767)
(-3.500000	-0.077324	0.016878)
(-3.250000	-0.050167	0.016979)
(-3.000000	-0.022738	0.017029)
(-2.750000	0.005510	0.017029)
(-2.500000	0.033303	0.017019)
(-2.250000	0.060641	0.017080)
(-2.000000	0.088616	0.017090)
(-1.750000	0.116864	0.017049)
(-1.500000	0.144657	0.017039)
(-1.250000	0.172359	0.017090)
(-1.000000	0.200789	0.017049)
(-0.750000	0.228582	0.017059)
(-0.500000	0.256375	0.017100)
(-0.250000	0.284623	0.017090)
(0.000000	0.312507	0.017120)
(0.250000	0.340664	0.017150)
(0.500000	0.368366	0.017191)
(0.750000	0.396250	0.017241)
(1.000000	0.424953	0.017251)
(1.250000	0.451746	0.017362)
(1.500000	0.479721	0.017423)
(1.750000	0.508242	0.017453)
(2.000000	0.534670	0.017584)
(2.250000	0.562827	0.017645)
(2.500000	0.591348	0.017696)
(2.750000	0.617321	0.017837)
(3.000000	0.645387	0.017897)
(3.250000	0.672999	0.017968)
(3.500000	0.699609	0.018110)
(3.750000	0.727402	0.018170)
(4.000000	0.754558	0.018241)
(4.250000	0.780350	0.018382)
(4.500000	0.807142	0.018473)
(4.750000	0.836300	0.018443)
(5.000000	0.861728	0.018564)
(5.250000	0.887519	0.018635)
(5.500000	0.913584	0.018645)
(5.750000	0.939558	0.018624)
(6.000000	0.965167	0.018604)
(6.250000	0.990413	0.018574)
(6.500000	1.015386	0.018493)
(6.750000	1.040450	0.018311)
(7.000000	1.062148	0.018200)
(7.250000	1.084937	0.018049)
(7.500000	1.106180	0.017998)
(7.750000	1.125604	0.017948)
(8.000000	1.144663	0.017918)
(8.250000	1.162540	0.017867)
(8.500000	1.177051	0.017847)
(8.750000	1.190925	0.017807)
(9.000000	1.212896	0.017877)
(9.250000	1.234048	0.018301)
(9.500000	1.249196	0.018917)
(9.750000	1.259340	0.019836)
(10.000000	1.264025	0.021169)
(10.250000	1.264344	0.022906)
(10.500000	1.262480	0.024996)
(10.750000	1.258796	0.027399)
(11.000000	1.254566	0.030044)
(11.250000	1.250427	0.032841)
(11.500000	1.247107	0.035709)
(11.750000	1.245516	0.038526)
(12.000000	1.245198	0.041302)
(12.250000	1.245881	0.044049)
(12.500000	1.249111	0.046633)
(12.750000	1.252978	0.049188)
(13.000000	1.258209	0.051642)
(13.250000	1.264896	0.053964)
(13.500000	1.272948	0.056175)
(13.750000	1.281910	0.058296)
(14.000000	1.291781	0.060325)
(14.250000	1.303017	0.062183)
(14.500000	1.316072	0.063798)
(14.750000	1.326853	0.065838)
(15.000000	1.340545	0.067464)
(15.250000	1.355693	0.068897)
(15.500000	1.367110	0.070927)
(15.750000	1.385988	0.071916)
(16.000000	1.394404	0.074400)
(16.250000	1.413918	0.075370)
(16.500000	1.419696	0.078237)
(16.750000	1.442303	0.078853)
(17.000000	1.442713	0.082478)
(17.250000	1.453039	0.084750)
(17.500000	1.468369	0.086395)
(17.750000	1.465049	0.090596)
(18.000000	1.471099	0.093494)
(18.250000	1.490432	0.094564)
(18.500000	1.479561	0.099915)
(18.750000	1.471965	0.104944)
(19.000000	1.468372	0.109417)
(19.250000	1.498257	0.108649)
(19.500000	1.480836	0.115303)
(19.750000	1.462688	0.122391)
(20.000000	1.443447	0.130014)
(20.250000	1.422023	0.138455)
(20.500000	1.397415	0.148027)
(20.750000	1.369987	0.158851)
(25.696429	1.220571	0.240245)
(30.642857	1.122740	0.333731)
(35.589286	1.047670	0.436534)
(40.535714	0.980325	0.545601)
(45.482143	0.912268	0.657694)
(50.428571	0.838712	0.769486)
(55.375000	0.757143	0.877660)
(60.321429	0.666615	0.979004)
(65.267857	0.567338	1.070513)
(70.214286	0.460416	1.149474)
(75.160714	0.347659	1.213546)
(80.107143	0.231429	1.260832)
(85.053571	0.114514	1.289936)
(90.000000	0.000000	1.300000)
(94.946429	-0.080160	1.289936)
(99.892857	-0.162001	1.260832)
(104.839286	-0.243361	1.213546)
(109.785714	-0.322291	1.149474)
(114.732143	-0.397137	1.070513)
(119.678571	-0.466631	0.979004)
(124.625000	-0.530000	0.877660)
(129.571429	-0.587098	0.769486)
(134.517857	-0.638588	0.657694)
(139.464286	-0.686228	0.545601)
(144.410714	-0.733369	0.436534)
(149.357143	-0.785918	0.333731)
(154.303571	-0.854400	0.240245)
(159.250000	-0.958991	0.158851)
(160.732143	-0.890492	0.137188)
(162.214286	-0.821992	0.116889)
(163.696429	-0.753493	0.098008)
(165.178571	-0.684994	0.080595)
(166.660714	-0.616494	0.064696)
(168.142857	-0.547995	0.050355)
(169.625000	-0.479495	0.037610)
(171.107143	-0.410996	0.026494)
(172.589286	-0.342497	0.017038)
(174.071429	-0.273997	0.009266)
(175.553571	-0.205498	0.003200)
(177.035714	-0.136999	0.001000)
(178.517857	-0.068499	0.001000)
(180.000000	0.000000	0.001000)
