// Re = 0.06
(-180.000000	0.000000	0.206506)
(-177.857143	0.063146	0.208179)
(-175.714286	0.126293	0.213188)
(-173.571429	0.189439	0.221504)
(-171.428571	0.252585	0.233077)
(-169.285714	0.315731	0.247837)
(-167.142857	0.378878	0.265698)
(-165.000000	0.442024	0.286552)
(-162.857143	0.505170	0.310276)
(-160.714286	0.568317	0.336727)
(-158.571429	0.631463	0.365747)
(-156.428571	0.694609	0.397163)
(-154.285714	0.757756	0.430787)
(-152.142857	0.820902	0.466417)
(-150.000000	0.884048	0.503839)
(-145.714286	0.819430	0.583151)
(-141.428571	0.763856	0.666814)
(-137.142857	0.711812	0.752805)
(-132.857143	0.659892	0.839034)
(-128.571429	0.606018	0.923393)
(-124.285714	0.549011	1.003800)
(-120.000000	0.488343	1.078253)
(-115.714286	0.423990	1.144868)
(-111.428571	0.356319	1.201929)
(-107.142857	0.286012	1.247924)
(-102.857143	0.214008	1.281582)
(-98.571429	0.141452	1.301900)
(-94.285714	0.069644	1.308172)
(-90.000000	0.000000	1.300000)
(-85.714286	-0.069644	1.308172)
(-81.428571	-0.141452	1.301900)
(-77.142857	-0.214008	1.281582)
(-72.857143	-0.286012	1.247924)
(-68.571429	-0.356319	1.201929)
(-64.285714	-0.423990	1.144868)
(-60.000000	-0.488343	1.078253)
(-55.714286	-0.549011	1.003800)
(-51.428571	-0.606018	0.923393)
(-47.142857	-0.659892	0.839034)
(-42.857143	-0.711812	0.752805)
(-38.571429	-0.763856	0.666814)
(-34.285714	-0.819430	0.583151)
(-30.000000	-0.884048	0.503839)
(-28.214286	-0.857078	0.470661)
(-26.428571	-0.830109	0.437482)
(-24.642857	-0.803139	0.404304)
(-22.857143	-0.776169	0.371125)
(-21.071429	-0.749199	0.337947)
(-19.285714	-0.722229	0.304768)
(-17.500000	-0.695260	0.271590)
(-15.714286	-0.668290	0.238412)
(-13.928571	-0.641320	0.205233)
(-12.142857	-0.614350	0.172055)
(-10.357143	-0.587380	0.138876)
(-8.571429	-0.560411	0.105698)
(-5.000000	-0.506471	0.039341)
(-4.750000	-0.485565	0.041826)
(-4.500000	-0.465779	0.043652)
(-4.250000	-0.445299	0.045589)
(-4.000000	-0.425033	0.047064)
(-3.750000	-0.404714	0.048089)
(-3.500000	-0.383487	0.048791)
(-3.250000	-0.369784	0.048763)
(-3.000000	-0.355174	0.048777)
(-2.750000	-0.338644	0.048861)
(-2.500000	-0.322486	0.048510)
(-2.250000	-0.306222	0.048538)
(-2.000000	-0.294387	0.048173)
(-1.750000	-0.278176	0.047962)
(-1.500000	-0.262766	0.047864)
(-1.250000	-0.250024	0.047653)
(-1.000000	-0.231198	0.047569)
(-0.750000	-0.220857	0.047401)
(-0.500000	-0.202192	0.047555)
(-0.250000	-0.190677	0.047555)
(0.000000	-0.170891	0.047850)
(0.250000	-0.159803	0.047962)
(0.500000	-0.145780	0.048243)
(0.750000	-0.129036	0.048692)
(1.000000	-0.112825	0.049240)
(1.250000	-0.104779	0.049760)
(3.750000	0.069762	0.062355)
(4.000000	0.097658	0.064798)
(4.250000	0.111575	0.065584)
(4.500000	0.133815	0.067803)
(4.750000	0.151093	0.069305)
(5.000000	0.176749	0.072183)
(5.250000	0.195041	0.074177)
(5.500000	0.220963	0.077308)
(5.750000	0.239095	0.079583)
(6.000000	0.265497	0.083037)
(6.250000	0.282935	0.085396)
(6.500000	0.303042	0.088345)
(6.750000	0.327363	0.091729)
(7.000000	0.347309	0.094593)
(7.250000	0.365494	0.097458)
(7.750000	0.452344	0.092670)
(8.000000	0.476719	0.093919)
(8.250000	0.496719	0.095646)
(8.500000	0.516771	0.097275)
(8.750000	0.536557	0.098848)
(9.000000	0.555916	0.100378)
(9.250000	0.574795	0.101867)
(9.500000	0.593727	0.103158)
(9.750000	0.613940	0.103931)
(10.000000	0.636554	0.103790)
(10.250000	0.662423	0.102232)
(10.500000	0.692775	0.098511)
(10.750000	0.729370	0.091504)
(11.250000	0.883188	0.045407)
(11.500000	0.898598	0.044873)
(11.750000	0.909793	0.046376)
(12.000000	0.919334	0.049029)
(12.250000	0.931542	0.051641)
(12.500000	0.945138	0.054365)
(12.750000	0.960922	0.056991)
(13.000000	0.981242	0.059223)
(13.500000	1.014944	0.065402)
(13.750000	1.029287	0.069066)
(14.000000	1.043363	0.072914)
(14.250000	1.057493	0.076901)
(14.500000	1.073970	0.080721)
(14.750000	1.070064	0.087222)
(15.000000	1.068132	0.093877)
(15.250000	1.080073	0.098511)
(15.500000	1.071524	0.106907)
(15.750000	1.061535	0.116413)
(16.000000	1.050424	0.127127)
(17.000000	0.778877	0.263523)
(17.250000	0.787084	0.267202)
(17.500000	0.796144	0.271021)
(17.750000	0.806645	0.275177)
(18.000000	0.818694	0.279797)
(18.250000	0.826207	0.282998)
(18.500000	0.833826	0.286607)
(18.750000	0.843100	0.290665)
(19.000000	0.855042	0.295369)
(19.250000	0.863782	0.299019)
(19.500000	0.871455	0.302811)
(19.750000	0.881902	0.307220)
(20.000000	0.893204	0.311727)
(20.250000	0.900130	0.315392)
(20.500000	0.910471	0.319829)
(20.750000	0.920972	0.324209)
(21.000000	0.928591	0.328211)
(21.250000	0.940480	0.333294)
(21.500000	0.948206	0.337015)
(21.750000	0.957800	0.341564)
(22.000000	0.968247	0.346058)
(22.250000	0.976401	0.350410)
(22.500000	0.988342	0.355423)
(22.750000	0.995322	0.359453)
(23.000000	1.007690	0.364859)
(23.250000	1.014349	0.368692)
(23.500000	1.026238	0.374014)
(23.750000	1.033324	0.378058)
(24.000000	1.045105	0.383421)
(24.250000	1.052138	0.387563)
(24.500000	1.063760	0.392815)
(24.750000	1.070952	0.397224)
(25.000000	1.081667	0.402251)
(25.250000	1.089820	0.407011)
(25.500000	1.099627	0.411785)
(25.750000	1.108901	0.416882)
(26.000000	1.117801	0.421684)
(26.250000	1.128356	0.427047)
(26.500000	1.136189	0.431709)
(26.750000	1.146316	0.436778)
(27.000000	1.154843	0.441917)
(27.250000	1.163957	0.446846)
(27.500000	1.174084	0.452153)
(27.750000	1.182024	0.457110)
(28.000000	1.191618	0.462150)
(28.250000	1.200678	0.467500)
(28.500000	1.209258	0.472527)
(28.750000	1.219065	0.477708)
(29.000000	1.227432	0.482988)
(29.250000	1.236225	0.488155)
(29.500000	1.246033	0.493280)
(29.750000	1.254133	0.498672)
(30.000000	1.262926	0.503839)
(34.285714	1.170615	0.583151)
(38.571429	1.091223	0.666814)
(42.857143	1.016874	0.752805)
(47.142857	0.942704	0.839034)
(51.428571	0.865741	0.923393)
(55.714286	0.784301	1.003800)
(60.000000	0.697633	1.078253)
(64.285714	0.605701	1.144868)
(68.571429	0.509027	1.201929)
(72.857143	0.408588	1.247924)
(77.142857	0.305726	1.281582)
(81.428571	0.202074	1.301900)
(85.714286	0.099491	1.308172)
(90.000000	0.000000	1.300000)
(94.285714	-0.069644	1.308172)
(98.571429	-0.141452	1.301900)
(102.857143	-0.214008	1.281582)
(107.142857	-0.286012	1.247924)
(111.428571	-0.356319	1.201929)
(115.714286	-0.423990	1.144868)
(120.000000	-0.488343	1.078253)
(124.285714	-0.549011	1.003800)
(128.571429	-0.606018	0.923393)
(132.857143	-0.659892	0.839034)
(137.142857	-0.711812	0.752805)
(141.428571	-0.763856	0.666814)
(145.714286	-0.819430	0.583151)
(150.000000	-0.884048	0.503839)
(152.142857	-0.820902	0.466417)
(154.285714	-0.757756	0.430787)
(156.428571	-0.694609	0.397163)
(158.571429	-0.631463	0.365747)
(160.714286	-0.568317	0.336727)
(162.857143	-0.505170	0.310276)
(165.000000	-0.442024	0.286552)
(167.142857	-0.378878	0.265698)
(169.285714	-0.315731	0.247837)
(171.428571	-0.252585	0.233077)
(173.571429	-0.189439	0.221504)
(175.714286	-0.126293	0.213188)
(177.857143	-0.063146	0.208179)
(180.000000	0.000000	0.206506)
