// Re = 0.06
(-180.000000	0.000000	0.154370)
(-177.857143	0.057471	0.156079)
(-175.714286	0.114942	0.161198)
(-173.571429	0.172414	0.169696)
(-171.428571	0.229885	0.181523)
(-169.285714	0.287356	0.196610)
(-167.142857	0.344828	0.214869)
(-165.000000	0.402299	0.236193)
(-162.857143	0.459770	0.260456)
(-160.714286	0.517241	0.287516)
(-158.571429	0.574712	0.317215)
(-156.428571	0.632184	0.349377)
(-154.285714	0.689655	0.383814)
(-152.142857	0.747126	0.420323)
(-150.000000	0.804597	0.458688)
(-145.714286	0.755241	0.540074)
(-141.428571	0.711928	0.626052)
(-137.142857	0.669965	0.714586)
(-132.857143	0.626465	0.803573)
(-128.571429	0.579682	0.890886)
(-124.285714	0.528668	0.974431)
(-120.000000	0.473053	1.052185)
(-115.714286	0.412923	1.122247)
(-111.428571	0.348724	1.182881)
(-107.142857	0.281196	1.232556)
(-102.857143	0.211318	1.269980)
(-98.571429	0.140262	1.294130)
(-94.285714	0.069347	1.304276)
(-90.000000	0.000000	1.300000)
(-85.714286	-0.069347	1.304276)
(-81.428571	-0.140262	1.294130)
(-77.142857	-0.211318	1.269980)
(-72.857143	-0.281196	1.232556)
(-68.571429	-0.348724	1.182881)
(-64.285714	-0.412923	1.122247)
(-60.000000	-0.473053	1.052185)
(-55.714286	-0.528668	0.974431)
(-51.428571	-0.579682	0.890886)
(-47.142857	-0.626465	0.803573)
(-42.857143	-0.669965	0.714586)
(-38.571429	-0.711928	0.626052)
(-34.285714	-0.755241	0.540074)
(-30.000000	-0.804597	0.458688)
(-28.214286	-0.783494	0.428795)
(-26.428571	-0.762390	0.398902)
(-24.642857	-0.741287	0.369009)
(-22.857143	-0.720183	0.339115)
(-21.071429	-0.699079	0.309222)
(-19.285714	-0.677976	0.279329)
(-17.500000	-0.656872	0.249436)
(-15.714286	-0.635769	0.219543)
(-13.928571	-0.614665	0.189650)
(-12.142857	-0.593561	0.159757)
(-10.357143	-0.572458	0.129863)
(-8.571429	-0.551354	0.099970)
(-5.000000	-0.509147	0.040184)
(-4.750000	-0.487263	0.042423)
(-4.500000	-0.466739	0.044067)
(-4.250000	-0.445373	0.045813)
(-4.000000	-0.424266	0.047142)
(-3.750000	-0.403094	0.048065)
(-3.500000	-0.380821	0.048698)
(-3.250000	-0.367682	0.048672)
(-3.000000	-0.353442	0.048685)
(-2.750000	-0.336870	0.048761)
(-2.500000	-0.320751	0.048445)
(-2.250000	-0.304503	0.048470)
(-2.000000	-0.293631	0.048141)
(-1.750000	-0.277447	0.047951)
(-1.500000	-0.262236	0.047863)
(-1.250000	-0.250263	0.047673)
(-1.000000	-0.230905	0.047597)
(-0.750000	-0.221847	0.047445)
(-0.500000	-0.202684	0.047584)
(-0.250000	-0.192201	0.047584)
(0.000000	-0.171677	0.047850)
(0.250000	-0.161712	0.047951)
(0.500000	-0.148185	0.048204)
(0.750000	-0.131353	0.048609)
(1.000000	-0.115170	0.049102)
(1.250000	-0.108898	0.049571)
(3.750000	0.068032	0.060918)
(4.000000	0.098403	0.063120)
(4.250000	0.111801	0.063828)
(4.500000	0.135305	0.065827)
(4.750000	0.152784	0.067181)
(5.000000	0.180434	0.069774)
(5.250000	0.199144	0.071570)
(5.500000	0.227118	0.074392)
(5.750000	0.245634	0.076441)
(6.000000	0.274191	0.079553)
(6.250000	0.291864	0.081679)
(6.500000	0.312777	0.084335)
(6.750000	0.338807	0.087384)
(7.000000	0.359526	0.089965)
(7.250000	0.378106	0.092546)
(7.750000	0.476551	0.088232)
(8.000000	0.502646	0.089358)
(8.250000	0.523429	0.090914)
(8.500000	0.544277	0.092381)
(8.750000	0.564801	0.093798)
(9.000000	0.584806	0.095177)
(9.250000	0.604229	0.096518)
(9.500000	0.623717	0.097682)
(9.750000	0.644759	0.098378)
(10.000000	0.668716	0.098251)
(10.250000	0.696625	0.096847)
(10.500000	0.729976	0.093494)
(10.750000	0.770906	0.087182)
(11.250000	0.950651	0.045649)
(11.500000	0.965863	0.045168)
(11.750000	0.975957	0.046522)
(12.000000	0.984043	0.048913)
(12.250000	0.995368	0.051266)
(12.500000	1.008378	0.053720)
(12.750000	1.024043	0.056086)
(13.000000	1.045215	0.058097)
(13.500000	1.079137	0.063664)
(13.750000	1.093053	0.066966)
(14.000000	1.106645	0.070432)
(14.250000	1.120302	0.074025)
(14.500000	1.136810	0.077466)
(14.750000	1.128571	0.083323)
(15.000000	1.122729	0.089320)
(15.250000	1.133730	0.093494)
(15.500000	1.119855	0.101060)
(15.750000	1.104231	0.109624)
(16.000000	1.087246	0.119277)
(17.000000	0.743598	0.242168)
(17.250000	0.750064	0.245483)
(17.500000	0.757567	0.248924)
(17.750000	0.766819	0.252668)
(18.000000	0.777950	0.256830)
(18.250000	0.783574	0.259715)
(18.500000	0.789328	0.262966)
(18.750000	0.797090	0.266622)
(19.000000	0.808091	0.270860)
(19.250000	0.815205	0.274149)
(19.500000	0.821023	0.277565)
(19.750000	0.830211	0.281538)
(20.000000	0.840434	0.285599)
(20.250000	0.845346	0.288900)
(20.500000	0.854404	0.292898)
(20.750000	0.863656	0.296845)
(21.000000	0.869409	0.300451)
(21.250000	0.880346	0.305030)
(21.500000	0.886229	0.308383)
(21.750000	0.894380	0.312482)
(22.000000	0.903567	0.316530)
(22.250000	0.909969	0.320452)
(22.500000	0.920970	0.324968)
(22.750000	0.925946	0.328599)
(23.000000	0.937465	0.333470)
(23.250000	0.942053	0.336923)
(23.500000	0.952989	0.341718)
(23.750000	0.958095	0.345361)
(24.000000	0.968902	0.350194)
(24.250000	0.973943	0.353926)
(24.500000	0.984556	0.358658)
(24.750000	0.989791	0.362630)
(25.000000	0.999302	0.367159)
(25.250000	1.005704	0.371448)
(25.500000	1.014114	0.375749)
(25.750000	1.021876	0.380341)
(26.000000	1.029184	0.384668)
(26.250000	1.038501	0.389500)
(26.500000	1.044514	0.393701)
(26.750000	1.053312	0.398268)
(27.000000	1.060167	0.402898)
(27.250000	1.067735	0.407338)
(27.500000	1.076534	0.412120)
(27.750000	1.082676	0.416586)
(28.000000	1.090827	0.421128)
(28.250000	1.098330	0.425948)
(28.500000	1.105249	0.430477)
(28.750000	1.113659	0.435145)
(29.000000	1.120320	0.439902)
(29.250000	1.127499	0.444557)
(29.500000	1.135909	0.449175)
(29.750000	1.142246	0.454033)
(30.000000	1.149425	0.458688)
(34.285714	1.078916	0.540074)
(38.571429	1.017039	0.626052)
(42.857143	0.957093	0.714586)
(47.142857	0.894949	0.803573)
(51.428571	0.828118	0.890886)
(55.714286	0.755240	0.974431)
(60.000000	0.675790	1.052185)
(64.285714	0.589890	1.122247)
(68.571429	0.498177	1.182881)
(72.857143	0.401708	1.232556)
(77.142857	0.301883	1.269980)
(81.428571	0.200375	1.294130)
(85.714286	0.099067	1.304276)
(90.000000	0.000000	1.300000)
(94.285714	-0.069347	1.304276)
(98.571429	-0.140262	1.294130)
(102.857143	-0.211318	1.269980)
(107.142857	-0.281196	1.232556)
(111.428571	-0.348724	1.182881)
(115.714286	-0.412923	1.122247)
(120.000000	-0.473053	1.052185)
(124.285714	-0.528668	0.974431)
(128.571429	-0.579682	0.890886)
(132.857143	-0.626465	0.803573)
(137.142857	-0.669965	0.714586)
(141.428571	-0.711928	0.626052)
(145.714286	-0.755241	0.540074)
(150.000000	-0.804597	0.458688)
(152.142857	-0.747126	0.420323)
(154.285714	-0.689655	0.383814)
(156.428571	-0.632184	0.349377)
(158.571429	-0.574712	0.317215)
(160.714286	-0.517241	0.287516)
(162.857143	-0.459770	0.260456)
(165.000000	-0.402299	0.236193)
(167.142857	-0.344828	0.214869)
(169.285714	-0.287356	0.196610)
(171.428571	-0.229885	0.181523)
(173.571429	-0.172414	0.169696)
(175.714286	-0.114942	0.161198)
(177.857143	-0.057471	0.156079)
(180.000000	0.000000	0.154370)
