// Re = 0.07
(-180.000000	0.000000	0.220450)
(-177.857143	0.068661	0.222113)
(-175.714286	0.137323	0.227093)
(-173.571429	0.205984	0.235360)
(-171.428571	0.274645	0.246865)
(-169.285714	0.343307	0.261539)
(-167.142857	0.411968	0.279293)
(-165.000000	0.480629	0.300022)
(-162.857143	0.549291	0.323600)
(-160.714286	0.617952	0.349888)
(-158.571429	0.686613	0.378727)
(-156.428571	0.755275	0.409944)
(-154.285714	0.823936	0.443350)
(-152.142857	0.892598	0.478745)
(-150.000000	0.961259	0.515915)
(-145.714286	0.881810	0.594672)
(-141.428571	0.814320	0.677716)
(-137.142857	0.752478	0.763026)
(-132.857143	0.692378	0.848518)
(-128.571429	0.631612	0.932087)
(-124.285714	0.568780	1.011655)
(-120.000000	0.503203	1.085225)
(-115.714286	0.434746	1.150918)
(-111.428571	0.363699	1.207023)
(-107.142857	0.290692	1.252034)
(-102.857143	0.216623	1.284684)
(-98.571429	0.142608	1.303979)
(-94.285714	0.069932	1.309214)
(-90.000000	0.000000	1.300000)
(-85.714286	-0.069932	1.309214)
(-81.428571	-0.142608	1.303979)
(-77.142857	-0.216623	1.284684)
(-72.857143	-0.290692	1.252034)
(-68.571429	-0.363699	1.207023)
(-64.285714	-0.434746	1.150918)
(-60.000000	-0.503203	1.085225)
(-55.714286	-0.568780	1.011655)
(-51.428571	-0.631612	0.932087)
(-47.142857	-0.692378	0.848518)
(-42.857143	-0.752478	0.763026)
(-38.571429	-0.814320	0.677716)
(-34.285714	-0.881810	0.594672)
(-30.000000	-0.961259	0.515915)
(-28.214286	-0.923149	0.481600)
(-26.428571	-0.885039	0.447285)
(-24.642857	-0.846930	0.412969)
(-22.857143	-0.808820	0.378654)
(-21.071429	-0.770710	0.344339)
(-19.285714	-0.732601	0.310024)
(-17.500000	-0.694491	0.275709)
(-15.714286	-0.656381	0.241393)
(-13.928571	-0.618272	0.207078)
(-12.142857	-0.580162	0.172763)
(-10.357143	-0.542052	0.138448)
(-8.571429	-0.503942	0.104132)
(-5.000000	-0.427723	0.035502)
(-4.750000	-0.405452	0.037639)
(-4.500000	-0.382299	0.039574)
(-4.250000	-0.360184	0.041065)
(-4.000000	-0.342584	0.041868)
(-3.750000	-0.324361	0.042858)
(-3.500000	-0.307435	0.043345)
(-3.250000	-0.291910	0.043345)
(-3.000000	-0.273220	0.043804)
(-2.750000	-0.252870	0.043904)
(-2.500000	-0.237708	0.043689)
(-2.250000	-0.224208	0.043790)
(-2.000000	-0.209513	0.043818)
(-1.750000	-0.192121	0.043761)
(-1.500000	-0.173015	0.043632)
(-1.250000	-0.160708	0.043618)
(-1.000000	-0.145028	0.043761)
(-0.750000	-0.123899	0.043876)
(-0.500000	-0.110658	0.044119)
(-0.250000	-0.095289	0.044406)
(0.000000	-0.074056	0.044650)
(0.250000	-0.060763	0.045109)
(0.500000	-0.044460	0.045568)
(0.750000	-0.022552	0.045969)
(1.000000	-0.010920	0.046657)
(1.250000	0.007251	0.047260)
(1.500000	0.025215	0.047919)
(1.750000	0.039390	0.048765)
(2.000000	0.059430	0.049468)
(2.250000	0.073034	0.050371)
(2.500000	0.088818	0.051274)
(2.750000	0.109532	0.052091)
(3.000000	0.121268	0.053210)
(3.250000	0.138246	0.054214)
(3.500000	0.157766	0.055146)
(3.750000	0.178947	0.056092)
(4.000000	0.195873	0.057569)
(4.250000	0.225564	0.058873)
(4.500000	0.251571	0.060938)
(4.750000	0.278201	0.062902)
(5.000000	0.295023	0.064293)
(5.250000	0.318280	0.065727)
(5.500000	0.341848	0.067304)
(5.750000	0.361005	0.069412)
(6.000000	0.388724	0.070731)
(6.250000	0.407622	0.072953)
(6.500000	0.433837	0.074344)
(6.750000	0.453253	0.076481)
(7.000000	0.480921	0.077456)
(7.250000	0.498262	0.079764)
(7.500000	0.525670	0.080424)
(7.750000	0.544464	0.082331)
(8.000000	0.563569	0.084094)
(8.250000	0.592586	0.083750)
(8.500000	0.609511	0.085657)
(8.750000	0.628617	0.086962)
(9.000000	0.660591	0.084883)
(9.500000	0.701293	0.085356)
(9.750000	0.726002	0.083807)
(10.000000	0.768044	0.075749)
(10.250000	0.832453	0.058113)
(10.500000	0.905890	0.039933)
(10.750000	0.929925	0.037036)
(11.000000	0.941610	0.037510)
(11.250000	0.952152	0.038642)
(11.500000	0.959893	0.041037)
(11.750000	0.966077	0.044406)
(12.000000	0.974181	0.047761)
(12.250000	0.985035	0.050815)
(12.500000	0.997705	0.053740)
(12.750000	1.014423	0.056063)
(13.000000	1.031816	0.058515)
(13.250000	1.053101	0.060522)
(13.500000	1.068106	0.063748)
(13.750000	1.085966	0.066673)
(14.000000	1.103670	0.069799)
(14.250000	1.118624	0.073470)
(14.500000	1.134667	0.077140)
(14.750000	1.154499	0.080467)
(15.000000	1.153677	0.086546)
(15.250000	1.157785	0.092224)
(15.500000	1.170352	0.096769)
(15.750000	1.165327	0.104383)
(16.000000	1.159056	0.112842)
(16.250000	1.151021	0.122406)
(16.500000	1.141481	0.133317)
(16.750000	1.131423	0.145619)
(17.750000	0.888959	0.279523)
(18.000000	0.898931	0.283695)
(18.250000	0.912587	0.288527)
(18.500000	0.919757	0.291854)
(18.750000	0.928017	0.295926)
(19.000000	0.939649	0.300428)
(19.250000	0.950296	0.304557)
(19.500000	0.957933	0.308586)
(19.750000	0.969461	0.313174)
(20.000000	0.979693	0.317304)
(20.250000	0.987900	0.321619)
(20.500000	1.001194	0.326652)
(20.750000	1.008519	0.330380)
(21.000000	1.018802	0.335054)
(21.250000	1.029708	0.339456)
(21.500000	1.038279	0.344030)
(21.750000	1.050950	0.348848)
(22.000000	1.058327	0.353163)
(22.250000	1.071568	0.358425)
(22.500000	1.078530	0.362483)
(22.750000	1.090941	0.367645)
(23.000000	1.098630	0.371961)
(23.250000	1.110834	0.377194)
(23.500000	1.118678	0.381538)
(23.750000	1.131089	0.386815)
(24.000000	1.138622	0.391317)
(24.250000	1.150618	0.396407)
(24.500000	1.158618	0.401210)
(24.750000	1.169679	0.406171)
(25.000000	1.178717	0.411319)
(25.250000	1.188897	0.416151)
(25.500000	1.199076	0.421370)
(25.750000	1.208270	0.426359)
(26.250000	1.227955	0.436683)
(26.500000	1.238394	0.441716)
(26.750000	1.247950	0.447121)
(27.000000	1.257403	0.452197)
(27.500000	1.276829	0.462778)
(27.750000	1.286852	0.467911)
(28.000000	1.296824	0.473317)
(28.250000	1.305810	0.478636)
(28.500000	1.315990	0.483798)
(28.750000	1.325391	0.489361)
(29.000000	1.334637	0.494638)
(29.250000	1.344816	0.499842)
(29.500000	1.353906	0.505449)
(29.750000	1.363203	0.510768)
(30.000000	1.373227	0.515915)
(34.285714	1.259728	0.594672)
(38.571429	1.163314	0.677716)
(42.857143	1.074969	0.763026)
(47.142857	0.989111	0.848518)
(51.428571	0.902303	0.932087)
(55.714286	0.812543	1.011655)
(60.000000	0.718861	1.085225)
(64.285714	0.621065	1.150918)
(68.571429	0.519570	1.207023)
(72.857143	0.415274	1.252034)
(77.142857	0.309461	1.284684)
(81.428571	0.203726	1.303979)
(85.714286	0.099903	1.309214)
(90.000000	0.000000	1.300000)
(94.285714	-0.069932	1.309214)
(98.571429	-0.142608	1.303979)
(102.857143	-0.216623	1.284684)
(107.142857	-0.290692	1.252034)
(111.428571	-0.363699	1.207023)
(115.714286	-0.434746	1.150918)
(120.000000	-0.503203	1.085225)
(124.285714	-0.568780	1.011655)
(128.571429	-0.631612	0.932087)
(132.857143	-0.692378	0.848518)
(137.142857	-0.752478	0.763026)
(141.428571	-0.814320	0.677716)
(145.714286	-0.881810	0.594672)
(150.000000	-0.961259	0.515915)
(152.142857	-0.892598	0.478745)
(154.285714	-0.823936	0.443350)
(156.428571	-0.755275	0.409944)
(158.571429	-0.686613	0.378727)
(160.714286	-0.617952	0.349888)
(162.857143	-0.549291	0.323600)
(165.000000	-0.480629	0.300022)
(167.142857	-0.411968	0.279293)
(169.285714	-0.343307	0.261539)
(171.428571	-0.274645	0.246865)
(173.571429	-0.205984	0.235360)
(175.714286	-0.137323	0.227093)
(177.857143	-0.068661	0.222113)
(180.000000	0.000000	0.220450)
