// Re = 0.05
(-180.000000	0.000000	0.049306)
(-177.892857	0.065924	0.051030)
(-175.785714	0.131847	0.056193)
(-173.678571	0.197771	0.064767)
(-171.571429	0.263695	0.076703)
(-169.464286	0.329619	0.091938)
(-167.357143	0.395542	0.110388)
(-165.250000	0.461466	0.131950)
(-163.142857	0.527390	0.156507)
(-161.035714	0.593313	0.183924)
(-158.928571	0.659237	0.214051)
(-156.821429	0.725161	0.246721)
(-154.714286	0.791084	0.281757)
(-152.607143	0.857008	0.318964)
(-150.500000	0.922932	0.358139)
(-146.178571	0.850362	0.443716)
(-141.857143	0.788966	0.534676)
(-137.535714	0.732459	0.628915)
(-133.214286	0.676979	0.724252)
(-128.892857	0.620162	0.818477)
(-124.571429	0.560646	0.909403)
(-120.250000	0.497789	0.994914)
(-115.928571	0.431491	1.073015)
(-111.607143	0.362077	1.141875)
(-107.285714	0.290215	1.199873)
(-102.964286	0.216840	1.245632)
(-98.642857	0.143110	1.278052)
(-94.321429	0.070348	1.296334)
(-90.000000	0.000000	1.300000)
(-85.678571	-0.070348	1.296334)
(-81.357143	-0.143110	1.278052)
(-77.035714	-0.216840	1.245632)
(-72.714286	-0.290215	1.199873)
(-68.392857	-0.362077	1.141875)
(-64.071429	-0.431491	1.073015)
(-59.750000	-0.497789	0.994914)
(-55.428571	-0.560646	0.909403)
(-51.107143	-0.620162	0.818477)
(-46.785714	-0.676979	0.724252)
(-42.464286	-0.732459	0.628915)
(-38.142857	-0.788966	0.534676)
(-33.821429	-0.850362	0.443716)
(-29.500000	-0.922932	0.358139)
(-27.750000	-0.902382	0.335637)
(-26.000000	-0.881832	0.313135)
(-24.250000	-0.861282	0.290633)
(-22.500000	-0.840732	0.268131)
(-20.750000	-0.820182	0.245629)
(-19.000000	-0.799632	0.223127)
(-17.250000	-0.779082	0.200626)
(-15.500000	-0.758532	0.178124)
(-13.750000	-0.737982	0.155622)
(-12.000000	-0.717432	0.133120)
(-10.250000	-0.696882	0.110618)
(-8.500000	-0.676332	0.088116)
(-5.000000	-0.635232	0.043112)
(-4.750000	-0.610705	0.045911)
(-4.500000	-0.586666	0.048179)
(-4.250000	-0.563523	0.049893)
(-4.000000	-0.537287	0.051770)
(-3.750000	-0.515934	0.052551)
(-3.500000	-0.493197	0.053202)
(-3.250000	-0.473959	0.053300)
(-3.000000	-0.451140	0.053528)
(-2.750000	-0.438737	0.053180)
(-2.500000	-0.423405	0.052855)
(-2.250000	-0.406445	0.052627)
(-2.000000	-0.393066	0.052247)
(-1.750000	-0.384649	0.051672)
(-1.500000	-0.366144	0.051510)
(-1.250000	-0.358867	0.050978)
(-1.000000	-0.349637	0.050544)
(-0.750000	-0.337966	0.050273)
(-0.500000	-0.336547	0.049676)
(-0.250000	-0.428539	0.044197)
(0.000000	-0.412474	0.043980)
(0.250000	-0.395433	0.043861)
(0.500000	-0.378555	0.043774)
(0.750000	-0.360618	0.043785)
(1.000000	-0.341624	0.043893)
(1.250000	-0.321329	0.044121)
(1.500000	-0.298348	0.044544)
(1.750000	-0.271380	0.045260)
(2.000000	-0.239367	0.046323)
(2.250000	-0.203123	0.047734)
(2.500000	-0.148490	0.050783)
(2.750000	-0.095159	0.053658)
(3.000000	-0.045083	0.056468)
(3.250000	-0.024462	0.057542)
(3.500000	-0.011245	0.057987)
(3.750000	0.004657	0.058757)
(4.000000	0.027069	0.060124)
(4.250000	0.048992	0.061448)
(4.500000	0.073356	0.063140)
(4.750000	0.104962	0.065668)
(5.000000	0.127699	0.067339)
(5.250000	0.152470	0.069433)
(5.500000	0.183181	0.072156)
(5.750000	0.204127	0.074055)
(6.000000	0.228003	0.076442)
(6.250000	0.256110	0.079241)
(6.750000	0.296132	0.083787)
(7.000000	0.322938	0.086803)
(7.250000	0.342013	0.089168)
(7.500000	0.359461	0.091566)
(7.750000	0.377723	0.094148)
(8.000000	0.396635	0.096861)
(8.250000	0.415466	0.099627)
(8.500000	0.433647	0.102405)
(8.750000	0.450850	0.105160)
(9.000000	0.467810	0.107927)
(9.250000	0.486397	0.110770)
(9.500000	0.507914	0.113818)
(9.750000	0.519096	0.116357)
(10.000000	0.538416	0.118874)
(10.250000	0.632512	0.109023)
(10.500000	0.659480	0.109424)
(10.750000	0.684902	0.109641)
(11.250000	0.723215	0.111019)
(11.500000	0.753682	0.109327)
(12.000000	1.050500	0.054059)
(12.250000	1.065100	0.055329)
(12.500000	1.077503	0.057390)
(12.750000	1.095358	0.059300)
(13.000000	1.109225	0.061849)
(13.250000	1.126429	0.064345)
(13.500000	1.144284	0.066970)
(13.750000	1.157257	0.070116)
(14.000000	1.145331	0.075118)
(14.500000	1.143937	0.084036)
(14.750000	1.114273	0.091837)
(15.000000	1.096245	0.099041)
(15.500000	0.828454	0.183027)
(16.750000	0.829688	0.213927)
(17.000000	0.840627	0.217464)
(17.250000	0.852379	0.221066)
(17.500000	0.864945	0.224809)
(17.750000	0.874988	0.227977)
(18.000000	0.882428	0.230700)
(18.250000	0.890763	0.233640)
(18.500000	0.900400	0.236798)
(18.750000	0.911664	0.240280)
(19.000000	0.925287	0.244099)
(19.250000	0.934110	0.246801)
(19.500000	0.941469	0.249340)
(19.750000	0.951187	0.252475)
(20.000000	0.964566	0.256305)
(20.250000	0.973878	0.259007)
(20.500000	0.981236	0.261459)
(20.750000	0.992500	0.264898)
(21.000000	1.004985	0.268370)
(21.250000	1.011285	0.270377)
(21.500000	1.022631	0.273860)
(21.750000	1.033488	0.276832)
(22.000000	1.040683	0.279111)
(22.250000	1.054633	0.283309)
(22.500000	1.060933	0.284926)
(22.750000	1.071302	0.288148)
(23.000000	1.081508	0.290904)
(23.250000	1.089762	0.293486)
(23.500000	1.101921	0.296936)
(23.750000	1.108791	0.298900)
(24.000000	1.121845	0.302828)
(24.250000	1.127902	0.304358)
(24.500000	1.140712	0.308274)
(24.750000	1.146850	0.309771)
(25.000000	1.158927	0.313341)
(25.250000	1.165797	0.315164)
(25.500000	1.176573	0.318191)
(25.750000	1.184745	0.320664)
(26.000000	1.194138	0.323073)
(26.250000	1.204263	0.326284)
(26.500000	1.211947	0.328075)
(26.750000	1.224350	0.332425)
(27.000000	1.229999	0.333206)
(27.250000	1.240043	0.336006)
(27.500000	1.248703	0.338609)
(27.750000	1.256875	0.340606)
(28.000000	1.268221	0.344457)
(28.250000	1.274440	0.345629)
(28.500000	1.283507	0.348016)
(28.750000	1.293469	0.351368)
(29.000000	1.300339	0.352714)
(29.250000	1.309569	0.355253)
(29.500000	1.318474	0.358139)
(33.821429	1.214803	0.443716)
(38.142857	1.127094	0.534676)
(42.464286	1.046370	0.628915)
(46.785714	0.967113	0.724252)
(51.107143	0.885946	0.818477)
(55.428571	0.800923	0.909403)
(59.750000	0.711126	0.994914)
(64.071429	0.616415	1.073015)
(68.392857	0.517254	1.141875)
(72.714286	0.414592	1.199873)
(77.035714	0.309772	1.245632)
(81.357143	0.204443	1.278052)
(85.678571	0.100497	1.296334)
(90.000000	0.000000	1.300000)
(94.321429	-0.070348	1.296334)
(98.642857	-0.143110	1.278052)
(102.964286	-0.216840	1.245632)
(107.285714	-0.290215	1.199873)
(111.607143	-0.362077	1.141875)
(115.928571	-0.431491	1.073015)
(120.250000	-0.497789	0.994914)
(124.571429	-0.560646	0.909403)
(128.892857	-0.620162	0.818477)
(133.214286	-0.676979	0.724252)
(137.535714	-0.732459	0.628915)
(141.857143	-0.788966	0.534676)
(146.178571	-0.850362	0.443716)
(150.500000	-0.922932	0.358139)
(152.607143	-0.857008	0.318964)
(154.714286	-0.791084	0.281757)
(156.821429	-0.725161	0.246721)
(158.928571	-0.659237	0.214051)
(161.035714	-0.593313	0.183924)
(163.142857	-0.527390	0.156507)
(165.250000	-0.461466	0.131950)
(167.357143	-0.395542	0.110388)
(169.464286	-0.329618	0.091938)
(171.571429	-0.263695	0.076703)
(173.678571	-0.197771	0.064767)
(175.785714	-0.131847	0.056193)
(177.892857	-0.065924	0.051030)
(180.000000	0.000000	0.049306)
