// Re = 0.05
(-180.000000	0.000000	0.031350)
(-177.892857	0.064747	0.033086)
(-175.785714	0.129493	0.038286)
(-173.678571	0.194239	0.046920)
(-171.571429	0.258986	0.058942)
(-169.464286	0.323733	0.074285)
(-167.357143	0.388479	0.092867)
(-165.250000	0.453225	0.114586)
(-163.142857	0.517972	0.139323)
(-161.035714	0.582719	0.166943)
(-158.928571	0.647465	0.197296)
(-156.821429	0.712211	0.230215)
(-154.714286	0.776958	0.265521)
(-152.607143	0.841704	0.303021)
(-150.500000	0.906451	0.342511)
(-146.178571	0.837078	0.428799)
(-141.857143	0.778236	0.520554)
(-137.535714	0.723823	0.615668)
(-133.214286	0.670087	0.711957)
(-128.892857	0.614736	0.807203)
(-124.571429	0.556457	0.899215)
(-120.250000	0.494641	0.985869)
(-115.928571	0.429213	1.065164)
(-111.607143	0.360515	1.135263)
(-107.285714	0.289224	1.194538)
(-102.964286	0.216287	1.241604)
(-98.642857	0.142866	1.275354)
(-94.321429	0.070287	1.294981)
(-90.000000	0.000000	1.300000)
(-85.678571	-0.070287	1.294981)
(-81.357143	-0.142866	1.275354)
(-77.035714	-0.216287	1.241604)
(-72.714286	-0.289224	1.194538)
(-68.392857	-0.360515	1.135263)
(-64.071429	-0.429213	1.065164)
(-59.750000	-0.494641	0.985869)
(-55.428571	-0.556457	0.899215)
(-51.107143	-0.614736	0.807203)
(-46.785714	-0.670087	0.711957)
(-42.464286	-0.723823	0.615668)
(-38.142857	-0.778236	0.520554)
(-33.821429	-0.837078	0.428799)
(-29.500000	-0.906451	0.342511)
(-27.750000	-0.887082	0.321128)
(-26.000000	-0.867712	0.299746)
(-24.250000	-0.848343	0.278363)
(-22.500000	-0.828974	0.256981)
(-20.750000	-0.809604	0.235598)
(-19.000000	-0.790235	0.214216)
(-17.250000	-0.770865	0.192833)
(-15.500000	-0.751496	0.171450)
(-13.750000	-0.732127	0.150068)
(-12.000000	-0.712757	0.128685)
(-10.250000	-0.693388	0.107303)
(-8.500000	-0.674019	0.085920)
(-5.000000	-0.635280	0.043155)
(-4.750000	-0.610251	0.045815)
(-4.500000	-0.585742	0.047970)
(-4.250000	-0.562186	0.049599)
(-4.000000	-0.535338	0.051382)
(-3.750000	-0.513688	0.052125)
(-3.500000	-0.490565	0.052743)
(-3.250000	-0.471168	0.052836)
(-3.000000	-0.447959	0.053053)
(-2.750000	-0.435840	0.052723)
(-2.500000	-0.420601	0.052413)
(-2.250000	-0.403630	0.052197)
(-2.000000	-0.390471	0.051836)
(-1.750000	-0.382597	0.051290)
(-1.500000	-0.363980	0.051135)
(-1.250000	-0.357319	0.050630)
(-1.000000	-0.348579	0.050217)
(-0.750000	-0.337240	0.049960)
(-0.500000	-0.336817	0.049393)
(-0.250000	-0.435859	0.044186)
(0.000000	-0.419841	0.043980)
(0.250000	-0.402783	0.043867)
(0.500000	-0.385899	0.043784)
(0.750000	-0.367888	0.043794)
(1.000000	-0.348751	0.043898)
(1.250000	-0.328227	0.044114)
(1.500000	-0.304845	0.044516)
(1.750000	-0.277216	0.045197)
(2.000000	-0.244217	0.046207)
(2.250000	-0.206711	0.047547)
(2.500000	-0.149625	0.050444)
(2.750000	-0.093925	0.053176)
(3.000000	-0.041691	0.055847)
(3.250000	-0.020821	0.056867)
(3.500000	-0.007835	0.057290)
(3.750000	0.008009	0.058022)
(4.000000	0.030786	0.059321)
(4.250000	0.053042	0.060579)
(4.500000	0.077897	0.062187)
(4.750000	0.110464	0.064589)
(5.000000	0.133587	0.066177)
(5.250000	0.158875	0.068167)
(5.500000	0.190489	0.070755)
(5.750000	0.211706	0.072559)
(6.000000	0.236041	0.074827)
(6.250000	0.264882	0.077487)
(6.750000	0.305323	0.081807)
(7.000000	0.332777	0.084673)
(7.250000	0.352001	0.086920)
(7.500000	0.369492	0.089199)
(7.750000	0.387850	0.091653)
(8.000000	0.406900	0.094230)
(8.250000	0.425864	0.096859)
(8.500000	0.444135	0.099498)
(8.750000	0.461366	0.102117)
(9.000000	0.478337	0.104746)
(9.250000	0.497041	0.107447)
(9.500000	0.518864	0.110344)
(9.750000	0.529684	0.112757)
(10.000000	0.549167	0.115149)
(10.250000	0.648275	0.105787)
(10.500000	0.675903	0.106169)
(10.750000	0.701885	0.106375)
(11.250000	0.740506	0.107684)
(11.500000	0.771859	0.106076)
(12.000000	1.085741	0.053558)
(12.250000	1.100199	0.054764)
(12.500000	1.112318	0.056723)
(12.750000	1.130243	0.058537)
(13.000000	1.143921	0.060960)
(13.250000	1.161152	0.063331)
(13.500000	1.179077	0.065826)
(13.750000	1.191802	0.068816)
(14.000000	1.178016	0.073569)
(14.500000	1.174356	0.082044)
(14.750000	1.141681	0.089457)
(15.000000	1.121396	0.096302)
(15.500000	0.834072	0.176110)
(16.750000	0.829946	0.205473)
(17.000000	0.840506	0.208834)
(17.250000	0.851932	0.212257)
(17.500000	0.864225	0.215813)
(17.750000	0.873831	0.218824)
(18.000000	0.880665	0.221412)
(18.250000	0.888452	0.224206)
(18.500000	0.897626	0.227206)
(18.750000	0.908532	0.230515)
(19.000000	0.921951	0.234144)
(19.250000	0.930258	0.236711)
(19.500000	0.937005	0.239124)
(19.750000	0.946265	0.242103)
(20.000000	0.959424	0.245743)
(20.250000	0.968251	0.248310)
(20.500000	0.974998	0.250640)
(20.750000	0.985905	0.253908)
(21.000000	0.998111	0.257207)
(21.250000	1.003732	0.259115)
(21.500000	1.014725	0.262424)
(21.750000	1.025198	0.265249)
(22.000000	1.031772	0.267414)
(22.250000	1.045537	0.271404)
(22.500000	1.051158	0.272940)
(22.750000	1.061111	0.276002)
(23.000000	1.070891	0.278621)
(23.250000	1.078592	0.281074)
(23.500000	1.090451	0.284353)
(23.750000	1.096679	0.286219)
(24.000000	1.109491	0.289951)
(24.250000	1.114852	0.291405)
(24.500000	1.127405	0.295127)
(24.750000	1.132852	0.296549)
(25.000000	1.144625	0.299941)
(25.250000	1.150853	0.301673)
(25.500000	1.161239	0.304550)
(25.750000	1.168853	0.306900)
(26.000000	1.177766	0.309189)
(26.250000	1.187460	0.312241)
(26.500000	1.194554	0.313942)
(26.750000	1.206673	0.318076)
(27.000000	1.211601	0.318819)
(27.250000	1.221207	0.321479)
(27.500000	1.229341	0.323953)
(27.750000	1.236955	0.325850)
(28.000000	1.247948	0.329510)
(28.250000	1.253482	0.330623)
(28.500000	1.262049	0.332891)
(28.750000	1.271569	0.336077)
(29.000000	1.277797	0.337356)
(29.250000	1.286537	0.339768)
(29.500000	1.294930	0.342511)
(33.821429	1.195825	0.428799)
(38.142857	1.111766	0.520554)
(42.464286	1.034033	0.615668)
(46.785714	0.957267	0.711957)
(51.107143	0.878194	0.807203)
(55.428571	0.794938	0.899215)
(59.750000	0.706630	0.985869)
(64.071429	0.613161	1.065164)
(68.392857	0.515021	1.135263)
(72.714286	0.413177	1.194538)
(77.035714	0.308982	1.241604)
(81.357143	0.204094	1.275354)
(85.678571	0.100409	1.294981)
(90.000000	0.000000	1.300000)
(94.321429	-0.070287	1.294981)
(98.642857	-0.142866	1.275354)
(102.964286	-0.216287	1.241604)
(107.285714	-0.289224	1.194538)
(111.607143	-0.360515	1.135263)
(115.928571	-0.429213	1.065164)
(120.250000	-0.494641	0.985869)
(124.571429	-0.556457	0.899215)
(128.892857	-0.614736	0.807203)
(133.214286	-0.670087	0.711957)
(137.535714	-0.723823	0.615668)
(141.857143	-0.778236	0.520554)
(146.178571	-0.837078	0.428799)
(150.500000	-0.906451	0.342511)
(152.607143	-0.841704	0.303021)
(154.714286	-0.776958	0.265521)
(156.821429	-0.712211	0.230215)
(158.928571	-0.647465	0.197296)
(161.035714	-0.582718	0.166943)
(163.142857	-0.517972	0.139323)
(165.250000	-0.453225	0.114586)
(167.357143	-0.388479	0.092867)
(169.464286	-0.323732	0.074285)
(171.571429	-0.258986	0.058942)
(173.678571	-0.194239	0.046920)
(175.785714	-0.129493	0.038286)
(177.892857	-0.064747	0.033086)
(180.000000	0.000000	0.031350)
